Position	IP	Control	Fold	Expectd	Q_-lg10	P_-lg10	P_poiss	IPvsEMP	Noise
chr1:10959912	10	1	10	10	-1	94.13	1	-0.4	0
chr1:2586172	10	1	10	10	-1	92.83	1	-0.4	0
chr5:26394464	10	1	10	10	-1	91.34	1	-0.4	0
chr5:26901196	10	1	10	10	-1	87.05	1	-0.4	0
chr2:15831852	10	1	10	10	-1	85.74	1	-0.4	0
chr4:17282978	10	1	10	10	-1	84.53	1	-0.4	0
chr3:23167712	10	1	10	10	-1	80.79	1	-0.4	0
chr3:18837600	10	1	10	10	-1	79.77	1	-0.4	0
chr1:26694868	10	1	10	10	-1	79.55	1	-0.4	0
chr1:22761950	10	1	10	10	-1	78.44	1	-0.4	0
chr1:420183	10	1	10	10	-1	77.71	1	-0.4	0
chr5:2132305	10	1	10	10	-1	76.09	1	-0.4	0
chr5:15631333	10	1	10	10	-1	74.67	1	-0.4	0
chr5:3857148	10	1	10	10	-1	73.86	1	-0.4	0
chr3:15985700	10	1	10	10	-1	73.22	1	-0.4	0
chr2:12091202	10	1	10	10	-1	72.87	1	-0.4	0
chr4:15992235	10	1	10	10	-1	72.58	1	-0.4	0
chr2:12871996	10	1	10	10	-1	72.52	1	-0.4	0
chr2:16770494	10	1	10	10	-1	71.21	1	-0.4	0
chr2:14065831	10	1	10	10	-1	70.49	1	-0.4	0
chr1:621505	10	1	10	10	-1	69.9	1	-0.4	0
chr2:17360447	10	1	10	10	-1	69.31	1	-0.4	0
chr4:5650047	10	1	10	10	-1	69.05	1	-0.4	0
chr1:8079380	10	1	10	10	-1	68.78	1	-0.4	0
chr4:11988964	10	1	10	10	-1	68.27	1	-0.4	0
chr3:11386875	10	1	10	10	-1	67.55	1	-0.4	0
chr1:20199014	10	1	10	10	-1	67.04	1	-0.4	0
chr3:9806970	10	1	10	10	-1	66.97	1	-0.4	0
chr3:10458715	10	1	10	10	-1	66.85	1	-0.4	0
chr1:9880549	10	1	10	10	-1	66	1	-0.4	0
chr5:21291099	10	1	10	10	-1	65.82	1	-0.4	0
chr4:9391792	10	1	10	10	-1	65.56	1	-0.4	0
chr1:29121191	10	1	10	10	-1	65.41	1	-0.4	0
chr3:6380903	10	1	10	10	-1	65.36	1	-0.4	0
chr1:10693266	10	1	10	10	-1	65.23	1	-0.4	0
chr5:26933309	10	1	10	10	-1	65.16	1	-0.4	0
chr3:388846	10	1	10	10	-1	64.66	1	-0.4	0
chr3:21414524	10	1	10	10	-1	63.51	1	-0.4	0
chr3:4912442	10	1	10	10	-1	62.9	1	-0.4	0
chr1:24486947	10	1	10	10	-1	62.37	1	-0.4	0
chr2:11752410	10	1	10	10	-1	61.24	1	-0.4	0
chr3:19086386	10	1	10	10	-1	61.15	1	-0.4	0
chr2:384213	10	1	10	10	-1	60.68	1	-0.4	0
chr5:6556353	10	1	10	10	-1	60.39	1	-0.4	0
chr2:19643940	10	1	10	10	-1	60.12	1	-0.4	0
chr5:19978166	10	1	10	10	-1	60.12	1	-0.4	0
chr1:630433	10	1	10	10	-1	60.09	1	-0.4	0
chr5:9830273	10	1	10	10	-1	60.02	1	-0.4	0
chr1:23172737	10	1	10	10	-1	59.56	1	-0.4	0
chr1:7609437	10	1	10	10	-1	59.56	1	-0.4	0
chr4:15903429	10	1	10	10	-1	59.21	1	-0.4	0
chr1:3255867	10	1	10	10	-1	58.62	1	-0.4	0
chr5:5566245	10	1	10	10	-1	58.26	1	-0.4	0
chr4:14184267	10	1	10	10	-1	58.19	1	-0.4	0
chr3:9595377	10	1	10	10	-1	58.02	1	-0.4	0
chr3:16625108	10	1	10	10	-1	57.85	1	-0.4	0
chr5:21945770	10	1	10	10	-1	57.36	1	-0.4	0
chr5:1374716	10	1	10	10	-1	57.02	1	-0.4	0
chr2:15150401	10	1	10	10	-1	56.84	1	-0.4	0
chr4:17184028	10	1	10	10	-1	56.79	1	-0.4	0
chr3:8734675	10	1	10	10	-1	56.28	1	-0.4	0
chr1:26827031	10	1	10	10	-1	56.23	1	-0.4	0
chr4:2330201	10	1	10	10	-1	56.15	1	-0.4	0
chr1:12853900	10	1	10	10	-1	55.69	1	-0.4	0
chr3:9768995	10	1	10	10	-1	55.69	1	-0.4	0
chr2:1150728	10	1	10	10	-1	55.33	1	-0.4	0
chr5:4286788	10	1	10	10	-1	54.93	1	-0.4	0
chr5:8734918	10	1	10	10	-1	54.61	1	-0.4	0
chr4:189296	10	1	10	10	-1	54.51	1	-0.4	0
chr4:12565125	10	1	10	10	-1	54.41	1	-0.4	0
chr1:7339770	10	1	10	10	-1	54.07	1	-0.4	0
chr3:139027	10	1	10	10	-1	53.37	1	-0.4	0
chr4:12622879	10	1	10	10	-1	53.18	1	-0.4	0
chr1:4647748	10	1	10	10	-1	52.56	1	-0.4	0
chr4:525359	10	1	10	10	-1	52.45	1	-0.4	0
chr4:9993740	10	1	10	10	-1	52.45	1	-0.4	0
chr2:14507925	10	1	10	10	-1	51.96	1	-0.4	0
chr1:10294526	10	1	10	10	-1	51.39	1	-0.4	0
chr2:981812	10	1	10	10	-1	51.22	1	-0.4	0
chr3:5620911	10	1	10	10	-1	51.17	1	-0.4	0
chr1:29366372	10	1	10	10	-1	50.86	1	-0.4	0
chr1:21936347	10	1	10	10	-1	50.81	1	-0.4	0
chr1:173591	10	1	10	10	-1	50.33	1	-0.4	0
chr2:14393430	10	1	10	10	-1	50.33	1	-0.4	0
chr4:8852920	10	1	10	10	-1	50.3	1	-0.4	0
chr2:11987457	10	1	10	10	-1	50.12	1	-0.4	0
chr5:18215758	10	1	10	10	-1	50.12	1	-0.4	0
chr2:8657355	10	1	10	10	-1	50.11	1	-0.4	0
chr3:2143476	10	1	10	10	-1	49.62	1	-0.4	0
chr4:11155444	10	1	10	10	-1	49.28	1	-0.4	0
chr5:23896812	10	1	10	10	-1	49.28	1	-0.4	0
chr3:6270055	10	1	10	10	-1	48.76	1	-0.4	0
chr5:23997774	10	1	10	10	-1	48.58	1	-0.4	0
chr1:9339977	10	1	10	10	-1	47.72	1	-0.4	0
chr4:18530421	10	1	10	10	-1	47.72	1	-0.4	0
chr1:19204514	10	1	10	10	-1	46.81	1	-0.4	0
chr1:4794707	10	1	10	10	-1	46.38	1	-0.4	0
chr3:18268591	10	1	10	10	-1	46.21	1	-0.4	0
chr4:7306185	10	1	10	10	-1	46.18	1	-0.4	0
chr2:17147881	10	1	10	10	-1	46.1	1	-0.4	0
chr5:21335691	10	1	10	10	-1	46.06	1	-0.4	0
chr1:11831120	10	1	10	10	-1	46.04	1	-0.4	0
chr5:20323766	10	1	10	10	-1	45.55	1	-0.4	0
chr2:12796047	10	1	10	10	-1	45.42	1	-0.4	0
chr1:27048289	10	1	10	10	-1	44.66	1	-0.4	0
chr2:9689292	10	1	10	10	-1	44.66	1	-0.4	0
chr3:21095458	10	1	10	10	-1	44.66	1	-0.4	0
chr5:26249335	10	1	10	10	-1	44.66	1	-0.4	0
chr5:34474	10	1	10	10	-1	44.66	1	-0.4	0
chr1:19506444	10	1	10	10	-1	44.35	1	-0.4	0
chr5:1037638	10	1	10	10	-1	44.2	1	-0.4	0
chr4:9920457	10	1	10	10	-1	44.16	1	-0.4	0
chr1:12550048	10	1	10	10	-1	44.15	1	-0.4	0
chr3:9363682	10	1	10	10	-1	44.15	1	-0.4	0
chr1:1891146	10	1	10	10	-1	43.89	1	-0.4	0
chr4:17326530	10	1	10	10	-1	43.8	1	-0.4	0
chr2:14782589	10	1	10	10	-1	43.67	1	-0.4	0
chr1:10143845	10	1	10	10	-1	43.65	1	-0.4	0
chr2:10994365	10	1	10	10	-1	43.41	1	-0.4	0
chr5:8423411	10	1	10	10	-1	43.41	1	-0.4	0
chr3:5470429	10	1	10	10	-1	43.33	1	-0.4	0
chr2:2018869	10	1	10	10	-1	43.17	1	-0.4	0
chr4:13091891	10	1	10	10	-1	43.16	1	-0.4	0
chr3:16586274	10	1	10	10	-1	43.06	1	-0.4	0
chr5:4272655	10	1	10	10	-1	43.04	1	-0.4	0
chr5:20389954	10	1	10	10	-1	42.95	1	-0.4	0
chr2:7219769	10	1	10	10	-1	42.57	1	-0.4	0
chr5:18721885	10	1	10	10	-1	42.54	1	-0.4	0
chr3:20244344	10	1	10	10	-1	42.2	1	-0.4	0
chr2:16696822	10	1	10	10	-1	42.18	1	-0.4	0
chr1:7508620	10	1	10	10	-1	42.16	1	-0.4	0
chr2:7864256	10	1	10	10	-1	42.13	1	-0.4	0
chr1:8321723	10	1	10	10	-1	41.93	1	-0.4	0
chr3:20539228	10	1	10	10	-1	41.84	1	-0.4	0
chr5:871504	10	1	10	10	-1	41.53	1	-0.4	0
chr4:17039726	10	1	10	10	-1	41.4	1	-0.4	0
chr2:17251877	10	1	10	10	-1	41.17	1	-0.4	0
chr5:23354534	10	1	10	10	-1	41.17	1	-0.4	0
chr5:23989981	10	1	10	10	-1	41.17	1	-0.4	0
chr4:18217574	10	1	10	10	-1	41.11	1	-0.4	0
chr2:96951	10	1	10	10	-1	40.78	1	-0.4	0
chr1:27151125	10	1	10	10	-1	40.68	1	-0.4	0
chr2:893683	10	1	10	10	-1	40.68	1	-0.4	0
chr1:28551732	10	1	10	10	-1	40.2	1	-0.4	0
chr2:15419563	10	1	10	10	-1	40.2	1	-0.4	0
chr5:21793687	10	1	10	10	-1	40.15	1	-0.4	0
chr1:5387016	10	1	10	10	-1	39.94	1	-0.4	0
chr1:984028	10	1	10	10	-1	39.71	1	-0.4	0
chr3:22433965	10	1	10	10	-1	39.71	1	-0.4	0
chr3:7666670	10	1	10	10	-1	39.26	1	-0.4	0
chr3:2015828	10	1	10	10	-1	39.23	1	-0.4	0
chr4:9948276	10	1	10	10	-1	39.23	1	-0.4	0
chr4:11860221	10	1	10	10	-1	39.07	1	-0.4	0
chr4:14043392	10	1	10	10	-1	39.07	1	-0.4	0
chr5:3163077	10	1	10	10	-1	38.85	1	-0.4	0
chr4:7641453	10	1	10	10	-1	38.74	1	-0.4	0
chr5:26884657	10	1	10	10	-1	38.72	1	-0.4	0
chr1:27090941	10	1	10	10	-1	38.5	1	-0.4	0
chr1:11966372	10	1	10	10	-1	38.49	1	-0.4	0
chr1:1953728	10	1	10	10	-1	38.35	1	-0.4	0
chr1:24804765	10	1	10	10	-1	38.31	1	-0.4	0
chr2:12123457	10	1	10	10	-1	38.31	1	-0.4	0
chr1:1458724	10	1	10	10	-1	38.27	1	-0.4	0
chr2:11980908	10	1	10	10	-1	38.27	1	-0.4	0
chr1:21539960	10	1	10	10	-1	38.16	1	-0.4	0
chr3:3758418	10	1	10	10	-1	38.12	1	-0.4	0
chr5:7735473	10	1	10	10	-1	38.01	1	-0.4	0
chr4:15507258	10	1	10	10	-1	37.89	1	-0.4	0
chr3:22436069	10	1	10	10	-1	37.79	1	-0.4	0
chr4:4072262	10	1	10	10	-1	37.79	1	-0.4	0
chr5:16202061	10	1	10	10	-1	37.79	1	-0.4	0
chr3:21680106	10	1	10	10	-1	37.78	1	-0.4	0
chr4:13864480	10	1	10	10	-1	37.65	1	-0.4	0
chr5:2698548	10	1	10	10	-1	37.6	1	-0.4	0
chr3:23356389	10	1	10	10	-1	37.32	1	-0.4	0
chr3:9001842	10	1	10	10	-1	37.19	1	-0.4	0
chr1:25225492	10	1	10	10	-1	37.05	1	-0.4	0
chr4:8419476	10	1	10	10	-1	36.92	1	-0.4	0
chr1:5127800	10	1	10	10	-1	36.85	1	-0.4	0
chr5:19116882	10	1	10	10	-1	36.85	1	-0.4	0
chr3:21870550	10	1	10	10	-1	36.84	1	-0.4	0
chr3:16482021	10	1	10	10	-1	36.7	1	-0.4	0
chr1:25425475	10	1	10	10	-1	36.58	1	-0.4	0
chr1:27360992	10	1	10	10	-1	36.56	1	-0.4	0
chr1:23637617	10	1	10	10	-1	36.38	1	-0.4	0
chr1:8005452	10	1	10	10	-1	36.38	1	-0.4	0
chr4:10148781	10	1	10	10	-1	36.21	1	-0.4	0
chr2:13496340	10	1	10	10	-1	36.09	1	-0.4	0
chr3:10236960	10	1	10	10	-1	36.05	1	-0.4	0
chr5:24456077	10	1	10	10	-1	35.95	1	-0.4	0
chr4:7349367	10	1	10	10	-1	35.91	1	-0.4	0
chr1:7040412	10	1	10	10	-1	35.47	1	-0.4	0
chr2:17934639	10	1	10	10	-1	35.44	1	-0.4	0
chr4:18023057	10	1	10	10	-1	35.44	1	-0.4	0
chr5:5904580	10	1	10	10	-1	35.18	1	-0.4	0
chr1:27739162	10	1	10	10	-1	35.16	1	-0.4	0
chr4:13080478	10	1	10	10	-1	35.15	1	-0.4	0
chr3:3044034	10	1	10	10	-1	35.1	1	-0.4	0
chr1:9257765	10	1	10	10	-1	34.89	1	-0.4	0
chr3:7640207	10	1	10	10	-1	34.89	1	-0.4	0
chr4:13071268	10	1	10	10	-1	34.85	1	-0.4	0
chr3:7835075	10	1	10	10	-1	34.75	1	-0.4	0
chr1:183457	10	1	10	10	-1	34.52	1	-0.4	0
chr2:12152405	10	1	10	10	-1	34.52	1	-0.4	0
chr1:19986071	10	1	10	10	-1	34.49	1	-0.4	0
chr3:1172343	10	1	10	10	-1	34.41	1	-0.4	0
chr3:538443	10	1	10	10	-1	34.26	1	-0.4	0
chr3:8181952	10	1	10	10	-1	34.06	1	-0.4	0
chr4:10003315	10	1	10	10	-1	33.61	1	-0.4	0
chr4:9904513	10	1	10	10	-1	33.61	1	-0.4	0
chr5:23451044	10	1	10	10	-1	33.38	1	-0.4	0
chr5:5902674	10	1	10	10	-1	33.35	1	-0.4	0
chr1:11418504	10	1	10	10	-1	33.15	1	-0.4	0
chr5:21909506	10	1	10	10	-1	33.03	1	-0.4	0
chr4:13196349	10	1	10	10	-1	32.88	1	-0.4	0
chr4:8255901	10	1	10	10	-1	32.39	1	-0.4	0
chr1:29766398	10	1	10	10	-1	32.32	1	-0.4	0
chr4:7004111	10	1	10	10	-1	32.28	1	-0.4	0
chr1:24028429	10	1	10	10	-1	32.25	1	-0.4	0
chr2:18642694	10	1	10	10	-1	32.25	1	-0.4	0
chr2:18798219	10	1	10	10	-1	32.25	1	-0.4	0
chr2:6946634	10	1	10	10	-1	32.25	1	-0.4	0
chr5:1044604	10	1	10	10	-1	31.76	1	-0.4	0
chr2:14180444	10	1	10	10	-1	31.71	1	-0.4	0
chr1:22868158	10	1	10	10	-1	31.64	1	-0.4	0
chr5:3989724	10	1	10	10	-1	31.54	1	-0.4	0
chr4:11475782	10	1	10	10	-1	31.51	1	-0.4	0
chr5:4203429	10	1	10	10	-1	31.44	1	-0.4	0
chr2:11279270	10	1	10	10	-1	31.38	1	-0.4	0
chr1:25732347	10	1	10	10	-1	31.36	1	-0.4	0
chr2:9517049	10	1	10	10	-1	31.36	1	-0.4	0
chr5:24908382	10	1	10	10	-1	31.36	1	-0.4	0
chr2:9198553	10	1	10	10	-1	31.21	1	-0.4	0
chr1:2013630	10	1	10	10	-1	31.18	1	-0.4	0
chr4:15313000	10	1	10	10	-1	31.17	1	-0.4	0
chr4:1338687	10	1	10	10	-1	31.13	1	-0.4	0
chr4:13660481	10	1	10	10	-1	30.93	1	-0.4	0
chr4:995007	10	1	10	10	-1	30.92	1	-0.4	0
chr5:16199338	10	1	10	10	-1	30.92	1	-0.4	0
chr4:16647358	10	1	10	10	-1	30.91	1	-0.4	0
chr2:12145761	10	1	10	10	-1	30.7	1	-0.4	0
chr5:24887089	10	1	10	10	-1	30.66	1	-0.4	0
chr4:10689646	10	1	10	10	-1	30.64	1	-0.4	0
chr4:8389318	10	1	10	10	-1	30.62	1	-0.4	0
chr5:8775001	10	1	10	10	-1	30.62	1	-0.4	0
chr5:23238493	10	1	10	10	-1	30.58	1	-0.4	0
chr2:16293130	10	1	10	10	-1	30.5	1	-0.4	0
chr1:3118	10	1	10	10	-1	30.48	1	-0.4	0
chr1:898360	10	1	10	10	-1	30.48	1	-0.4	0
chr5:18213629	10	1	10	10	-1	30.48	1	-0.4	0
chr4:8100236	10	1	10	10	-1	30.33	1	-0.4	0
chr1:24631321	10	1	10	10	-1	30.29	1	-0.4	0
chr3:4361378	10	1	10	10	-1	30.29	1	-0.4	0
chr4:13542501	10	1	10	10	-1	30.14	1	-0.4	0
chr2:628965	10	1	10	10	-1	30.05	1	-0.4	0
chr2:10906233	10	1	10	10	-1	30.04	1	-0.4	0
chr2:18912023	10	1	10	10	-1	30.04	1	-0.4	0
chr5:17829202	10	1	10	10	-1	30.04	1	-0.4	0
chr5:4517739	10	1	10	10	-1	30.04	1	-0.4	0
chr3:15207413	10	1	10	10	-1	29.97	1	-0.4	0
chr5:7295806	10	1	10	10	-1	29.83	1	-0.4	0
chr5:9247202	10	1	10	10	-1	29.81	1	-0.4	0
chr1:156806	10	1	10	10	-1	29.73	1	-0.4	0
chr4:15178887	10	1	10	10	-1	29.69	1	-0.4	0
chr1:21727052	10	1	10	10	-1	29.68	1	-0.4	0
chr1:26790516	10	1	10	10	-1	29.68	1	-0.4	0
chr3:7651379	10	1	10	10	-1	29.68	1	-0.4	0
chr2:19573948	10	1	10	10	-1	29.65	1	-0.4	0
chr2:587327	10	1	10	10	-1	29.62	1	-0.4	0
chr1:431085	10	1	10	10	-1	29.6	1	-0.4	0
chr4:7665461	10	1	10	10	-1	29.6	1	-0.4	0
chr5:7266412	10	1	10	10	-1	29.6	1	-0.4	0
chr5:8570625	10	1	10	10	-1	29.45	1	-0.4	0
chr3:2131984	10	1	10	10	-1	29.34	1	-0.4	0
chr3:2998493	10	1	10	10	-1	29.17	1	-0.4	0
chr5:7513021	10	1	10	10	-1	29.17	1	-0.4	0
chr4:9997832	10	1	10	10	-1	28.74	1	-0.4	0
chr1:16765992	10	1	10	10	-1	28.6	1	-0.4	0
chr4:16345202	10	1	10	10	-1	28.49	1	-0.4	0
chr3:19075309	10	1	10	10	-1	28.44	1	-0.4	0
chr4:13889052	10	1	10	10	-1	28.35	1	-0.4	0
chr5:7318576	10	1	10	10	-1	28.35	1	-0.4	0
chr3:5213707	10	1	10	10	-1	28.32	1	-0.4	0
chr4:5758046	10	1	10	10	-1	28.31	1	-0.4	0
chr4:8713604	10	1	10	10	-1	28.31	1	-0.4	0
chr3:4379755	10	1	10	10	-1	28.16	1	-0.4	0
chr5:26349047	10	1	10	10	-1	28.15	1	-0.4	0
chr4:7494287	10	1	10	10	-1	28.07	1	-0.4	0
chr1:2160802	10	1	10	10	-1	28.02	1	-0.4	0
chr2:13875965	10	1	10	10	-1	28.01	1	-0.4	0
chr2:15099563	10	1	10	10	-1	27.89	1	-0.4	0
chr3:1970848	10	1	10	10	-1	27.89	1	-0.4	0
chr3:20552150	10	1	10	10	-1	27.89	1	-0.4	0
chr4:12488019	10	1	10	10	-1	27.89	1	-0.4	0
chr5:23286082	10	1	10	10	-1	27.89	1	-0.4	0
chr3:2413511	10	1	10	10	-1	27.84	1	-0.4	0
chr5:14605038	10	1	10	10	-1	27.76	1	-0.4	0
chr5:5995194	10	1	10	10	-1	27.76	1	-0.4	0
chr1:25391402	10	1	10	10	-1	27.72	1	-0.4	0
chr1:1647229	10	1	10	10	-1	27.69	1	-0.4	0
chr2:14004974	10	1	10	10	-1	27.65	1	-0.4	0
chr2:9927023	10	1	10	10	-1	27.62	1	-0.4	0
chr1:7812257	10	1	10	10	-1	27.57	1	-0.4	0
chr5:3430656	10	1	10	10	-1	27.57	1	-0.4	0
chr1:21044586	10	1	10	10	-1	27.49	1	-0.4	0
chr1:16838400	10	1	10	10	-1	27.46	1	-0.4	0
chr1:23126532	10	1	10	10	-1	27.46	1	-0.4	0
chr4:7214825	10	1	10	10	-1	27.46	1	-0.4	0
chr4:8096844	10	1	10	10	-1	27.46	1	-0.4	0
chr5:9742623	10	1	10	10	-1	27.46	1	-0.4	0
chr3:21061110	10	1	10	10	-1	27.45	1	-0.4	0
chr3:16914568	10	1	10	10	-1	27.43	1	-0.4	0
chr3:4660928	10	1	10	10	-1	27.31	1	-0.4	0
chr2:11140801	10	1	10	10	-1	27.28	1	-0.4	0
chr3:9722636	10	1	10	10	-1	27.26	1	-0.4	0
chr4:13223661	10	1	10	10	-1	27.26	1	-0.4	0
chr5:25438172	10	1	10	10	-1	27.22	1	-0.4	0
chr4:12479849	10	1	10	10	-1	27.18	1	-0.4	0
chr5:7249206	10	1	10	10	-1	27.17	1	-0.4	0
chr1:26164905	10	1	10	10	-1	27.16	1	-0.4	0
chr1:24086631	10	1	10	10	-1	27.07	1	-0.4	0
chr1:20911648	10	1	10	10	-1	27.04	1	-0.4	0
chr1:25997578	10	1	10	10	-1	27.04	1	-0.4	0
chr1:9483035	10	1	10	10	-1	27.04	1	-0.4	0
chr3:19166679	10	1	10	10	-1	27.04	1	-0.4	0
chr3:8128253	10	1	10	10	-1	27.04	1	-0.4	0
chr5:26230010	10	1	10	10	-1	27.04	1	-0.4	0
chr5:6713760	10	1	10	10	-1	27.04	1	-0.4	0
chr3:3826102	10	1	10	10	-1	26.99	1	-0.4	0
chr4:10606875	10	1	10	10	-1	26.79	1	-0.4	0
chr3:8163745	10	1	10	10	-1	26.78	1	-0.4	0
chr5:21029844	10	1	10	10	-1	26.77	1	-0.4	0
chr4:843671	10	1	10	10	-1	26.69	1	-0.4	0
chr1:11822852	10	1	10	10	-1	26.63	1	-0.4	0
chr1:14150284	10	1	10	10	-1	26.63	1	-0.4	0
chr1:26307749	10	1	10	10	-1	26.63	1	-0.4	0
chr3:11798854	10	1	10	10	-1	26.63	1	-0.4	0
chr3:9711446	10	1	10	10	-1	26.63	1	-0.4	0
chr5:16389740	10	1	10	10	-1	26.63	1	-0.4	0
chr1:26256563	10	1	10	10	-1	26.59	1	-0.4	0
chr5:4220795	10	1	10	10	-1	26.47	1	-0.4	0
chr2:12627986	10	1	10	10	-1	26.45	1	-0.4	0
chr1:2240628	10	1	10	10	-1	26.42	1	-0.4	0
chr1:26799585	10	1	10	10	-1	26.36	1	-0.4	0
chr3:10287732	10	1	10	10	-1	26.34	1	-0.4	0
chr4:381718	10	1	10	10	-1	26.28	1	-0.4	0
chr1:19771307	10	1	10	10	-1	26.21	1	-0.4	0
chr1:8978232	10	1	10	10	-1	26.21	1	-0.4	0
chr2:509880	10	1	10	10	-1	26.21	1	-0.4	0
chr4:17732241	10	1	10	10	-1	26.21	1	-0.4	0
chr4:8908040	10	1	10	10	-1	26.21	1	-0.4	0
chr2:19377333	10	1	10	10	-1	26.13	1	-0.4	0
chr5:7810294	10	1	10	10	-1	26.12	1	-0.4	0
chr4:11719557	10	1	10	10	-1	26.02	1	-0.4	0
chr5:4555910	10	1	10	10	-1	25.98	1	-0.4	0
chr5:19010251	10	1	10	10	-1	25.94	1	-0.4	0
chr5:3457464	10	1	10	10	-1	25.82	1	-0.4	0
chr1:17286670	10	1	10	10	-1	25.8	1	-0.4	0
chr3:18825864	10	1	10	10	-1	25.8	1	-0.4	0
chr3:6089063	10	1	10	10	-1	25.8	1	-0.4	0
chr5:5358588	10	1	10	10	-1	25.8	1	-0.4	0
chr1:7734557	10	1	10	10	-1	25.74	1	-0.4	0
chr5:8589103	10	1	10	10	-1	25.7	1	-0.4	0
chr3:22935047	10	1	10	10	-1	25.65	1	-0.4	0
chr2:17504828	10	1	10	10	-1	25.55	1	-0.4	0
chr1:12866956	10	1	10	10	-1	25.39	1	-0.4	0
chr1:19744519	10	1	10	10	-1	25.39	1	-0.4	0
chr1:28789196	10	1	10	10	-1	25.39	1	-0.4	0
chr1:4540782	10	1	10	10	-1	25.39	1	-0.4	0
chr1:5421009	10	1	10	10	-1	25.39	1	-0.4	0
chr5:24318051	10	1	10	10	-1	25.39	1	-0.4	0
chr3:1755393	10	1	10	10	-1	25.26	1	-0.4	0
chr5:22603292	10	1	10	10	-1	25.23	1	-0.4	0
chr4:12167151	10	1	10	10	-1	25.18	1	-0.4	0
chr4:9668966	10	1	10	10	-1	25.18	1	-0.4	0
chr3:22209683	10	1	10	10	-1	24.99	1	-0.4	0
chr3:2890745	10	1	10	10	-1	24.98	1	-0.4	0
chr5:23943390	10	1	10	10	-1	24.98	1	-0.4	0
chr3:6274065	10	1	10	10	-1	24.96	1	-0.4	0
chr1:28301974	10	1	10	10	-1	24.92	1	-0.4	0
chr2:7239085	10	1	10	10	-1	24.86	1	-0.4	0
chr1:3243971	10	1	10	10	-1	24.83	1	-0.4	0
chr1:28543949	10	1	10	10	-1	24.75	1	-0.4	0
chr1:68670	10	1	10	10	-1	24.75	1	-0.4	0
chr1:488408	10	1	10	10	-1	24.72	1	-0.4	0
chr5:26124220	10	1	10	10	-1	24.72	1	-0.4	0
chr2:11861750	10	1	10	10	-1	24.68	1	-0.4	0
chr2:11277787	10	1	10	10	-1	24.65	1	-0.4	0
chr3:18038332	10	1	10	10	-1	24.65	1	-0.4	0
chr1:20386059	10	1	10	10	-1	24.62	1	-0.4	0
chr5:25247649	10	1	10	10	-1	24.62	1	-0.4	0
chr1:19991245	10	1	10	10	-1	24.57	1	-0.4	0
chr1:8661798	10	1	10	10	-1	24.57	1	-0.4	0
chr2:13437985	10	1	10	10	-1	24.57	1	-0.4	0
chr5:6392984	10	1	10	10	-1	24.54	1	-0.4	0
chr1:6015253	10	1	10	10	-1	24.53	1	-0.4	0
chr5:17458949	10	1	10	10	-1	24.5	1	-0.4	0
chr3:3386385	10	1	10	10	-1	24.47	1	-0.4	0
chr1:19493802	10	1	10	10	-1	24.4	1	-0.4	0
chr4:2567180	10	1	10	10	-1	24.35	1	-0.4	0
chr3:20476657	10	1	10	10	-1	24.22	1	-0.4	0
chr1:1423632	10	1	10	10	-1	24.18	1	-0.4	0
chr1:25644330	10	1	10	10	-1	24.17	1	-0.4	0
chr2:15416874	10	1	10	10	-1	24.17	1	-0.4	0
chr5:2985525	10	1	10	10	-1	24.17	1	-0.4	0
chr2:15325419	10	1	10	10	-1	24.14	1	-0.4	0
chr5:7667391	10	1	10	10	-1	24.03	1	-0.4	0
chr4:16518990	10	1	10	10	-1	23.89	1	-0.4	0
chr5:5420000	10	1	10	10	-1	23.88	1	-0.4	0
chr5:1129741	10	1	10	10	-1	23.81	1	-0.4	0
chr4:17748741	10	1	10	10	-1	23.78	1	-0.4	0
chr1:1157919	10	1	10	10	-1	23.77	1	-0.4	0
chr3:7227456	10	1	10	10	-1	23.77	1	-0.4	0
chr4:8869247	10	1	10	10	-1	23.77	1	-0.4	0
chr5:1270867	10	1	10	10	-1	23.77	1	-0.4	0
chr5:20021358	10	1	10	10	-1	23.77	1	-0.4	0
chr5:2614726	10	1	10	10	-1	23.77	1	-0.4	0
chr5:8777516	10	1	10	10	-1	23.77	1	-0.4	0
chr2:10832522	10	1	10	10	-1	23.7	1	-0.4	0
chr3:16599363	10	1	10	10	-1	23.62	1	-0.4	0
chr4:6723205	10	1	10	10	-1	23.62	1	-0.4	0
chr3:9918956	10	1	10	10	-1	23.45	1	-0.4	0
chr1:22877449	10	1	10	10	-1	23.37	1	-0.4	0
chr2:18789127	10	1	10	10	-1	23.37	1	-0.4	0
chr5:19291395	10	1	10	10	-1	23.37	1	-0.4	0
chr3:1268966	10	1	10	10	-1	23.36	1	-0.4	0
chr1:28367828	10	1	10	10	-1	23.17	1	-0.4	0
chr2:9872036	10	1	10	10	-1	23.12	1	-0.4	0
chr1:10289658	10	1	10	10	-1	23.04	1	-0.4	0
chr1:17295512	10	1	10	10	-1	22.98	1	-0.4	0
chr1:22185849	10	1	10	10	-1	22.98	1	-0.4	0
chr1:25228034	10	1	10	10	-1	22.98	1	-0.4	0
chr1:25695715	10	1	10	10	-1	22.98	1	-0.4	0
chr5:4426536	10	1	10	10	-1	22.98	1	-0.4	0
chr5:5115155	10	1	10	10	-1	22.98	1	-0.4	0
chr3:9536922	10	1	10	10	-1	22.92	1	-0.4	0
chr2:11350148	10	1	10	10	-1	22.78	1	-0.4	0
chr5:25700856	10	1	10	10	-1	22.78	1	-0.4	0
chr5:23085735	10	1	10	10	-1	22.67	1	-0.4	0
chr5:5863255	10	1	10	10	-1	22.67	1	-0.4	0
chr5:5177768	10	1	10	10	-1	22.62	1	-0.4	0
chr1:23243128	10	1	10	10	-1	22.58	1	-0.4	0
chr2:16950964	10	1	10	10	-1	22.58	1	-0.4	0
chr2:8211679	10	1	10	10	-1	22.58	1	-0.4	0
chr2:9677557	10	1	10	10	-1	22.58	1	-0.4	0
chr4:14077847	10	1	10	10	-1	22.58	1	-0.4	0
chr5:15632574	10	1	10	10	-1	22.58	1	-0.4	0
chr5:941626	10	1	10	10	-1	22.58	1	-0.4	0
chr1:13076490	10	1	10	10	-1	22.53	1	-0.4	0
chr1:7661119	10	1	10	10	-1	22.37	1	-0.4	0
chr2:13393411	10	1	10	10	-1	22.37	1	-0.4	0
chr4:12086843	10	1	10	10	-1	22.35	1	-0.4	0
chr1:7146555	10	1	10	10	-1	22.23	1	-0.4	0
chr1:575584	10	1	10	10	-1	22.19	1	-0.4	0
chr3:7632576	10	1	10	10	-1	22.19	1	-0.4	0
chr4:16944875	10	1	10	10	-1	22.19	1	-0.4	0
chr4:18573189	10	1	10	10	-1	22.19	1	-0.4	0
chr5:23059402	10	1	10	10	-1	22.19	1	-0.4	0
chr3:19375869	10	1	10	10	-1	22.12	1	-0.4	0
chr1:5304499	10	1	10	10	-1	21.98	1	-0.4	0
chr1:9933700	10	1	10	10	-1	21.85	1	-0.4	0
chr1:1028424	10	1	10	10	-1	21.81	1	-0.4	0
chr1:23893733	10	1	10	10	-1	21.81	1	-0.4	0
chr1:3072648	10	1	10	10	-1	21.81	1	-0.4	0
chr1:5148011	10	1	10	10	-1	21.81	1	-0.4	0
chr3:18074814	10	1	10	10	-1	21.81	1	-0.4	0
chr5:26100598	10	1	10	10	-1	21.81	1	-0.4	0
chr5:20014880	10	1	10	10	-1	21.79	1	-0.4	0
chr5:4696862	10	1	10	10	-1	21.77	1	-0.4	0
chr5:18954626	10	1	10	10	-1	21.68	1	-0.4	0
chr4:16583026	10	1	10	10	-1	21.67	1	-0.4	0
chr5:25929325	10	1	10	10	-1	21.65	1	-0.4	0
chr2:9977945	10	1	10	10	-1	21.62	1	-0.4	0
chr4:12079698	10	1	10	10	-1	21.62	1	-0.4	0
chr1:5646385	10	1	10	10	-1	21.42	1	-0.4	0
chr3:21411706	10	1	10	10	-1	21.42	1	-0.4	0
chr3:22917508	10	1	10	10	-1	21.42	1	-0.4	0
chr4:17397866	10	1	10	10	-1	21.42	1	-0.4	0
chr4:9901237	10	1	10	10	-1	21.42	1	-0.4	0
chr5:23067644	10	1	10	10	-1	21.42	1	-0.4	0
chr3:4120335	10	1	10	10	-1	21.35	1	-0.4	0
chr4:14537331	10	1	10	10	-1	21.28	1	-0.4	0
chr5:14235186	10	1	10	10	-1	21.25	1	-0.4	0
chr3:508634	10	1	10	10	-1	21.21	1	-0.4	0
chr2:12074182	10	1	10	10	-1	21.18	1	-0.4	0
chr1:17210138	10	1	10	10	-1	21.17	1	-0.4	0
chr3:1336042	10	1	10	10	-1	21.1	1	-0.4	0
chr5:24834384	10	1	10	10	-1	21.1	1	-0.4	0
chr1:7038247	10	1	10	10	-1	21.04	1	-0.4	0
chr3:7912556	10	1	10	10	-1	21.04	1	-0.4	0
chr5:19542447	10	1	10	10	-1	21.04	1	-0.4	0
chr5:20191389	10	1	10	10	-1	21.04	1	-0.4	0
chr5:3526154	10	1	10	10	-1	21.04	1	-0.4	0
chr3:22602859	10	1	10	10	-1	21	1	-0.4	0
chr4:11470230	10	1	10	10	-1	21	1	-0.4	0
chr4:9775536	10	1	10	10	-1	20.97	1	-0.4	0
chr4:18055624	10	1	10	10	-1	20.87	1	-0.4	0
chr1:24394300	10	1	10	10	-1	20.78	1	-0.4	0
chr5:17576063	10	1	10	10	-1	20.78	1	-0.4	0
chr1:11612035	10	1	10	10	-1	20.72	1	-0.4	0
chr1:29359290	10	1	10	10	-1	20.66	1	-0.4	0
chr3:10148329	10	1	10	10	-1	20.66	1	-0.4	0
chr3:18822113	10	1	10	10	-1	20.66	1	-0.4	0
chr5:16815360	10	1	10	10	-1	20.66	1	-0.4	0
chr5:26669307	10	1	10	10	-1	20.66	1	-0.4	0
chr1:21364738	10	1	10	10	-1	20.64	1	-0.4	0
chr1:19582054	10	1	10	10	-1	20.63	1	-0.4	0
chr1:8984256	10	1	10	10	-1	20.62	1	-0.4	0
chr2:10847240	10	1	10	10	-1	20.62	1	-0.4	0
chr5:4825521	10	1	10	10	-1	20.59	1	-0.4	0
chr1:8042472	10	1	10	10	-1	20.51	1	-0.4	0
chr5:13612724	10	1	10	10	-1	20.43	1	-0.4	0
chr1:10029096	10	1	10	10	-1	20.38	1	-0.4	0
chr4:16037741	10	1	10	10	-1	20.38	1	-0.4	0
chr1:24677129	10	1	10	10	-1	20.33	1	-0.4	0
chr1:1434735	10	1	10	10	-1	20.28	1	-0.4	0
chr1:29232080	10	1	10	10	-1	20.28	1	-0.4	0
chr2:17503616	10	1	10	10	-1	20.28	1	-0.4	0
chr2:8471591	10	1	10	10	-1	20.28	1	-0.4	0
chr3:21827734	10	1	10	10	-1	20.28	1	-0.4	0
chr3:4344379	10	1	10	10	-1	20.28	1	-0.4	0
chr3:4740427	10	1	10	10	-1	20.28	1	-0.4	0
chr4:17332198	10	1	10	10	-1	20.28	1	-0.4	0
chr4:18410098	10	1	10	10	-1	20.28	1	-0.4	0
chr5:1378090	10	1	10	10	-1	20.28	1	-0.4	0
chr5:16385231	10	1	10	10	-1	20.28	1	-0.4	0
chr5:23999864	10	1	10	10	-1	20.28	1	-0.4	0
chr5:4158636	10	1	10	10	-1	20.25	1	-0.4	0
chr2:9943049	10	1	10	10	-1	20.22	1	-0.4	0
chr5:6145039	10	1	10	10	-1	20.19	1	-0.4	0
chr2:8164310	10	1	10	10	-1	20.18	1	-0.4	0
chr3:17501499	10	1	10	10	-1	20.18	1	-0.4	0
chr5:2935272	10	1	10	10	-1	20.13	1	-0.4	0
chr2:17269752	10	1	10	10	-1	20.04	1	-0.4	0
chr2:202162	10	1	10	10	-1	20.02	1	-0.4	0
chr4:16980514	10	1	10	10	-1	20.02	1	-0.4	0
chr4:18233449	10	1	10	10	-1	19.99	1	-0.4	0
chr5:1608537	10	1	10	10	-1	19.95	1	-0.4	0
chr2:12107399	10	1	10	10	-1	19.93	1	-0.4	0
chr1:26243615	10	1	10	10	-1	19.91	1	-0.4	0
chr1:30194783	10	1	10	10	-1	19.91	1	-0.4	0
chr1:4896465	10	1	10	10	-1	19.91	1	-0.4	0
chr1:6267416	10	1	10	10	-1	19.91	1	-0.4	0
chr2:14389464	10	1	10	10	-1	19.91	1	-0.4	0
chr3:15357347	10	1	10	10	-1	19.91	1	-0.4	0
chr5:24384342	10	1	10	10	-1	19.91	1	-0.4	0
chr5:26877304	10	1	10	10	-1	19.91	1	-0.4	0
chr3:1219788	10	1	10	10	-1	19.89	1	-0.4	0
chr3:1288623	10	1	10	10	-1	19.89	1	-0.4	0
chr5:8548735	10	1	10	10	-1	19.89	1	-0.4	0
chr1:20648425	10	1	10	10	-1	19.8	1	-0.4	0
chr2:19101073	10	1	10	10	-1	19.77	1	-0.4	0
chr5:23994065	10	1	10	10	-1	19.77	1	-0.4	0
chr5:25078332	10	1	10	10	-1	19.77	1	-0.4	0
chr5:13897808	10	1	10	10	-1	19.76	1	-0.4	0
chr1:4136106	10	1	10	10	-1	19.73	1	-0.4	0
chr1:19658103	10	1	10	10	-1	19.62	1	-0.4	0
chr1:2475490	10	1	10	10	-1	19.62	1	-0.4	0
chr4:2572613	10	1	10	10	-1	19.62	1	-0.4	0
chr1:7993915	10	1	10	10	-1	19.54	1	-0.4	0
chr3:22216390	10	1	10	10	-1	19.54	1	-0.4	0
chr3:7906639	10	1	10	10	-1	19.54	1	-0.4	0
chr4:16942026	10	1	10	10	-1	19.54	1	-0.4	0
chr4:5717861	10	1	10	10	-1	19.54	1	-0.4	0
chr5:26250994	10	1	10	10	-1	19.54	1	-0.4	0
chr5:332182	10	1	10	10	-1	19.54	1	-0.4	0
chr5:1522875	10	1	10	10	-1	19.5	1	-0.4	0
chr2:12172877	10	1	10	10	-1	19.48	1	-0.4	0
chr1:19305495	10	1	10	10	-1	19.45	1	-0.4	0
chr1:27698924	10	1	10	10	-1	19.41	1	-0.4	0
chr4:16168834	10	1	10	10	-1	19.41	1	-0.4	0
chr2:17615568	10	1	10	10	-1	19.38	1	-0.4	0
chr1:2690975	10	1	10	10	-1	19.31	1	-0.4	0
chr3:4634310	10	1	10	10	-1	19.31	1	-0.4	0
chr1:26399295	10	1	10	10	-1	19.26	1	-0.4	0
chr3:2053535	10	1	10	10	-1	19.26	1	-0.4	0
chr1:18198018	10	1	10	10	-1	19.22	1	-0.4	0
chr2:16485741	10	1	10	10	-1	19.21	1	-0.4	0
chr1:24748080	10	1	10	10	-1	19.17	1	-0.4	0
chr1:25781288	10	1	10	10	-1	19.17	1	-0.4	0
chr1:3778938	10	1	10	10	-1	19.17	1	-0.4	0
chr1:7888946	10	1	10	10	-1	19.17	1	-0.4	0
chr2:9784592	10	1	10	10	-1	19.17	1	-0.4	0
chr5:23388512	10	1	10	10	-1	19.17	1	-0.4	0
chr5:25699033	10	1	10	10	-1	19.17	1	-0.4	0
chr5:20169594	10	1	10	10	-1	19.16	1	-0.4	0
chr2:15519028	10	1	10	10	-1	19.15	1	-0.4	0
chr1:2339723	10	1	10	10	-1	19.14	1	-0.4	0
chr2:220940	10	1	10	10	-1	19.06	1	-0.4	0
chr4:10940332	10	1	10	10	-1	19.05	1	-0.4	0
chr4:15459781	10	1	10	10	-1	19.05	1	-0.4	0
chr1:4953104	10	1	10	10	-1	19.04	1	-0.4	0
chr3:6639603	10	1	10	10	-1	19.04	1	-0.4	0
chr1:28107789	10	1	10	10	-1	18.92	1	-0.4	0
chr3:7656125	10	1	10	10	-1	18.9	1	-0.4	0
chr4:15947180	10	1	10	10	-1	18.85	1	-0.4	0
chr2:432188	10	1	10	10	-1	18.82	1	-0.4	0
chr2:8215423	10	1	10	10	-1	18.82	1	-0.4	0
chr4:13727427	10	1	10	10	-1	18.82	1	-0.4	0
chr4:14999265	10	1	10	10	-1	18.82	1	-0.4	0
chr1:3442521	10	1	10	10	-1	18.81	1	-0.4	0
chr1:4532938	10	1	10	10	-1	18.81	1	-0.4	0
chr2:15157391	10	1	10	10	-1	18.81	1	-0.4	0
chr3:17178433	10	1	10	10	-1	18.81	1	-0.4	0
chr3:18522374	10	1	10	10	-1	18.81	1	-0.4	0
chr3:5237481	10	1	10	10	-1	18.81	1	-0.4	0
chr3:6564694	10	1	10	10	-1	18.81	1	-0.4	0
chr5:20050960	10	1	10	10	-1	18.81	1	-0.4	0
chr5:3368314	10	1	10	10	-1	18.81	1	-0.4	0
chr5:4198015	10	1	10	10	-1	18.81	1	-0.4	0
chr5:21688616	10	1	10	10	-1	18.78	1	-0.4	0
chr3:17997747	10	1	10	10	-1	18.77	1	-0.4	0
chr1:2077710	10	1	10	10	-1	18.76	1	-0.4	0
chr1:5078399	10	1	10	10	-1	18.76	1	-0.4	0
chr3:5837800	10	1	10	10	-1	18.76	1	-0.4	0
chr5:3932491	10	1	10	10	-1	18.73	1	-0.4	0
chr2:15286114	10	1	10	10	-1	18.72	1	-0.4	0
chr5:411871	10	1	10	10	-1	18.72	1	-0.4	0
chr1:9331769	10	1	10	10	-1	18.69	1	-0.4	0
chr4:15602652	10	1	10	10	-1	18.69	1	-0.4	0
chr3:22328229	10	1	10	10	-1	18.66	1	-0.4	0
chr4:17049000	10	1	10	10	-1	18.62	1	-0.4	0
chr1:4970513	10	1	10	10	-1	18.57	1	-0.4	0
chr1:20259539	10	1	10	10	-1	18.55	1	-0.4	0
chr5:21562493	10	1	10	10	-1	18.52	1	-0.4	0
chr3:9867851	10	1	10	10	-1	18.5	1	-0.4	0
chr5:24066257	10	1	10	10	-1	18.5	1	-0.4	0
chr3:19083958	10	1	10	10	-1	18.49	1	-0.4	0
chr3:4234349	10	1	10	10	-1	18.49	1	-0.4	0
chr1:9952937	10	1	10	10	-1	18.44	1	-0.4	0
chr4:10296357	10	1	10	10	-1	18.44	1	-0.4	0
chr4:11664507	10	1	10	10	-1	18.44	1	-0.4	0
chr4:8985451	10	1	10	10	-1	18.44	1	-0.4	0
chr5:22331863	10	1	10	10	-1	18.44	1	-0.4	0
chr4:12536978	10	1	10	10	-1	18.4	1	-0.4	0
chr5:5227432	10	1	10	10	-1	18.4	1	-0.4	0
chr2:10244874	10	1	10	10	-1	18.39	1	-0.4	0
chr1:24361879	10	1	10	10	-1	18.38	1	-0.4	0
chr5:22895517	10	1	10	10	-1	18.38	1	-0.4	0
chr1:4655794	10	1	10	10	-1	18.33	1	-0.4	0
chr3:4656295	10	1	10	10	-1	18.33	1	-0.4	0
chr5:25693305	10	1	10	10	-1	18.33	1	-0.4	0
chr3:22144591	10	1	10	10	-1	18.32	1	-0.4	0
chr1:1963423	10	1	10	10	-1	18.29	1	-0.4	0
chr1:5301322	10	1	10	10	-1	18.28	1	-0.4	0
chr2:12682617	10	1	10	10	-1	18.26	1	-0.4	0
chr5:3880762	10	1	10	10	-1	18.18	1	-0.4	0
chr1:25988940	10	1	10	10	-1	18.17	1	-0.4	0
chr5:6287886	10	1	10	10	-1	18.14	1	-0.4	0
chr4:17986384	10	1	10	10	-1	18.12	1	-0.4	0
chr3:2509816	10	1	10	10	-1	18.09	1	-0.4	0
chr1:4525323	10	1	10	10	-1	18.08	1	-0.4	0
chr1:6560935	10	1	10	10	-1	18.08	1	-0.4	0
chr3:4359737	10	1	10	10	-1	18.08	1	-0.4	0
chr4:11631126	10	1	10	10	-1	18.08	1	-0.4	0
chr4:17052027	10	1	10	10	-1	18.08	1	-0.4	0
chr4:18206536	10	1	10	10	-1	18.08	1	-0.4	0
chr4:56842	10	1	10	10	-1	18.08	1	-0.4	0
chr5:15641111	10	1	10	10	-1	18.08	1	-0.4	0
chr3:5003636	10	1	10	10	-1	18.06	1	-0.4	0
chr3:16383719	10	1	10	10	-1	18.05	1	-0.4	0
chr3:10384532	10	1	10	10	-1	18.04	1	-0.4	0
chr2:17510299	10	1	10	10	-1	18.03	1	-0.4	0
chr2:428736	10	1	10	10	-1	17.97	1	-0.4	0
chr2:14645188	10	1	10	10	-1	17.93	1	-0.4	0
chr5:20720951	10	1	10	10	-1	17.9	1	-0.4	0
chr5:14935829	10	1	10	10	-1	17.88	1	-0.4	0
chr1:17983559	10	1	10	10	-1	17.87	1	-0.4	0
chr1:1084716	10	1	10	10	-1	17.85	1	-0.4	0
chr4:16562844	10	1	10	10	-1	17.84	1	-0.4	0
chr5:5727261	10	1	10	10	-1	17.8	1	-0.4	0
chr4:11767325	10	1	10	10	-1	17.79	1	-0.4	0
chr5:6832505	10	1	10	10	-1	17.78	1	-0.4	0
chr1:24901916	10	1	10	10	-1	17.73	1	-0.4	0
chr3:9396313	10	1	10	10	-1	17.73	1	-0.4	0
chr3:9783409	10	1	10	10	-1	17.73	1	-0.4	0
chr4:1047828	10	1	10	10	-1	17.73	1	-0.4	0
chr4:14198489	10	1	10	10	-1	17.73	1	-0.4	0
chr4:744177	10	1	10	10	-1	17.73	1	-0.4	0
chr5:18957714	10	1	10	10	-1	17.73	1	-0.4	0
chr5:3695620	10	1	10	10	-1	17.73	1	-0.4	0
chr1:6687245	10	1	10	10	-1	17.71	1	-0.4	0
chr4:17935474	10	1	10	10	-1	17.71	1	-0.4	0
chr2:11388481	10	1	10	10	-1	17.69	1	-0.4	0
chr1:23611551	10	1	10	10	-1	17.63	1	-0.4	0
chr3:18700994	10	1	10	10	-1	17.62	1	-0.4	0
chr1:1411116	10	1	10	10	-1	17.6	1	-0.4	0
chr4:13073196	10	1	10	10	-1	17.54	1	-0.4	0
chr4:9726866	10	1	10	10	-1	17.53	1	-0.4	0
chr4:14902557	10	1	10	10	-1	17.52	1	-0.4	0
chr2:6018456	10	1	10	10	-1	17.49	1	-0.4	0
chr2:9871369	10	1	10	10	-1	17.49	1	-0.4	0
chr5:26843207	10	1	10	10	-1	17.49	1	-0.4	0
chr5:799861	10	1	10	10	-1	17.48	1	-0.4	0
chr5:3505467	10	1	10	10	-1	17.43	1	-0.4	0
chr5:800973	10	1	10	10	-1	17.43	1	-0.4	0
chr1:11573765	10	1	10	10	-1	17.37	1	-0.4	0
chr1:2280745	10	1	10	10	-1	17.37	1	-0.4	0
chr1:27709436	10	1	10	10	-1	17.37	1	-0.4	0
chr2:18620267	10	1	10	10	-1	17.37	1	-0.4	0
chr3:19570579	10	1	10	10	-1	17.37	1	-0.4	0
chr5:25529536	10	1	10	10	-1	17.37	1	-0.4	0
chr5:389030	10	1	10	10	-1	17.37	1	-0.4	0
chr5:828796	10	1	10	10	-1	17.37	1	-0.4	0
chr5:20084320	10	1	10	10	-1	17.29	1	-0.4	0
chr2:16651874	10	1	10	10	-1	17.27	1	-0.4	0
chr3:3494663	10	1	10	10	-1	17.25	1	-0.4	0
chr1:10354003	10	1	10	10	-1	17.21	1	-0.4	0
chr4:2719090	10	1	10	10	-1	17.21	1	-0.4	0
chr2:19362695	10	1	10	10	-1	17.17	1	-0.4	0
chr2:16216871	10	1	10	10	-1	17.14	1	-0.4	0
chr1:9667941	10	1	10	10	-1	17.13	1	-0.4	0
chr2:14309270	10	1	10	10	-1	17.13	1	-0.4	0
chr2:17113518	10	1	10	10	-1	17.11	1	-0.4	0
chr2:16790401	10	1	10	10	-1	17.09	1	-0.4	0
chr5:3051952	10	1	10	10	-1	17.08	1	-0.4	0
chr1:5479241	10	1	10	10	-1	17.07	1	-0.4	0
chr5:21226167	10	1	10	10	-1	17.03	1	-0.4	0
chr1:10715766	10	1	10	10	-1	17.02	1	-0.4	0
chr1:7178906	10	1	10	10	-1	17.02	1	-0.4	0
chr3:19432397	10	1	10	10	-1	17.02	1	-0.4	0
chr4:13021134	10	1	10	10	-1	17.02	1	-0.4	0
chr4:17642052	10	1	10	10	-1	17.02	1	-0.4	0
chr5:26126361	10	1	10	10	-1	17.02	1	-0.4	0
chr5:993498	10	1	10	10	-1	17.02	1	-0.4	0
chr5:26475713	10	1	10	10	-1	17	1	-0.4	0
chr4:7761237	10	1	10	10	-1	16.93	1	-0.4	0
chr5:6457580	10	1	10	10	-1	16.91	1	-0.4	0
chr1:6513517	10	1	10	10	-1	16.88	1	-0.4	0
chr4:6817613	10	1	10	10	-1	16.88	1	-0.4	0
chr3:17920389	10	1	10	10	-1	16.8	1	-0.4	0
chr3:4924707	10	1	10	10	-1	16.8	1	-0.4	0
chr4:15700814	10	1	10	10	-1	16.8	1	-0.4	0
chr1:11763708	10	1	10	10	-1	16.79	1	-0.4	0
chr4:18337366	10	1	10	10	-1	16.79	1	-0.4	0
chr5:2435703	10	1	10	10	-1	16.78	1	-0.4	0
chr1:21678030	10	1	10	10	-1	16.68	1	-0.4	0
chr5:2284757	10	1	10	10	-1	16.68	1	-0.4	0
chr1:23692544	10	1	10	10	-1	16.67	1	-0.4	0
chr1:24624156	10	1	10	10	-1	16.67	1	-0.4	0
chr1:2991299	10	1	10	10	-1	16.67	1	-0.4	0
chr2:11755115	10	1	10	10	-1	16.67	1	-0.4	0
chr2:15138233	10	1	10	10	-1	16.67	1	-0.4	0
chr3:18839615	10	1	10	10	-1	16.67	1	-0.4	0
chr3:3414944	10	1	10	10	-1	16.67	1	-0.4	0
chr4:11431168	10	1	10	10	-1	16.67	1	-0.4	0
chr4:14847864	10	1	10	10	-1	16.67	1	-0.4	0
chr4:9144390	10	1	10	10	-1	16.67	1	-0.4	0
chr5:757405	10	1	10	10	-1	16.67	1	-0.4	0
chr1:28975258	10	1	10	10	-1	16.66	1	-0.4	0
chr3:17204065	10	1	10	10	-1	16.65	1	-0.4	0
chr1:29593739	10	1	10	10	-1	16.64	1	-0.4	0
chr2:18346205	10	1	10	10	-1	16.63	1	-0.4	0
chr1:3918318	10	1	10	10	-1	16.6	1	-0.4	0
chr3:6839314	10	1	10	10	-1	16.6	1	-0.4	0
chr1:11928757	10	1	10	10	-1	16.59	1	-0.4	0
chr4:13023844	10	1	10	10	-1	16.59	1	-0.4	0
chr3:8623325	10	1	10	10	-1	16.57	1	-0.4	0
chr5:24173269	10	1	10	10	-1	16.57	1	-0.4	0
chr5:25103812	10	1	10	10	-1	16.57	1	-0.4	0
chr1:7312682	10	1	10	10	-1	16.56	1	-0.4	0
chr2:16413798	10	1	10	10	-1	16.55	1	-0.4	0
chr5:14566527	10	1	10	10	-1	16.53	1	-0.4	0
chr3:18158770	10	1	10	10	-1	16.49	1	-0.4	0
chr5:16524605	10	1	10	10	-1	16.49	1	-0.4	0
chr3:21395511	10	1	10	10	-1	16.47	1	-0.4	0
chr2:7943954	10	1	10	10	-1	16.46	1	-0.4	0
chr5:4457903	10	1	10	10	-1	16.46	1	-0.4	0
chr1:7496804	10	1	10	10	-1	16.45	1	-0.4	0
chr3:6902201	10	1	10	10	-1	16.44	1	-0.4	0
chr3:4970319	10	1	10	10	-1	16.41	1	-0.4	0
chr1:10203301	10	1	10	10	-1	16.39	1	-0.4	0
chr3:4013572	10	1	10	10	-1	16.37	1	-0.4	0
chr2:9248546	10	1	10	10	-1	16.34	1	-0.4	0
chr5:22280477	10	1	10	10	-1	16.34	1	-0.4	0
chr1:26746488	10	1	10	10	-1	16.33	1	-0.4	0
chr1:3575306	10	1	10	10	-1	16.33	1	-0.4	0
chr3:19568965	10	1	10	10	-1	16.33	1	-0.4	0
chr3:20738562	10	1	10	10	-1	16.33	1	-0.4	0
chr3:5337614	10	1	10	10	-1	16.33	1	-0.4	0
chr3:5358897	10	1	10	10	-1	16.33	1	-0.4	0
chr3:8156720	10	1	10	10	-1	16.33	1	-0.4	0
chr5:4530810	10	1	10	10	-1	16.33	1	-0.4	0
chr4:15898204	10	1	10	10	-1	16.32	1	-0.4	0
chr4:2772329	10	1	10	10	-1	16.26	1	-0.4	0
chr1:27596419	10	1	10	10	-1	16.25	1	-0.4	0
chr2:13586568	10	1	10	10	-1	16.25	1	-0.4	0
chr5:974272	10	1	10	10	-1	16.25	1	-0.4	0
chr1:28580236	10	1	10	10	-1	16.24	1	-0.4	0
chr1:6620933	10	1	10	10	-1	16.22	1	-0.4	0
chr5:22691708	10	1	10	10	-1	16.12	1	-0.4	0
chr5:5176042	10	1	10	10	-1	16.09	1	-0.4	0
chr1:18621715	10	1	10	10	-1	16.08	1	-0.4	0
chr3:10225637	10	1	10	10	-1	16.08	1	-0.4	0
chr3:17909981	10	1	10	10	-1	16.06	1	-0.4	0
chr1:18521903	10	1	10	10	-1	16.04	1	-0.4	0
chr3:18263572	10	1	10	10	-1	16.03	1	-0.4	0
chr3:7501929	10	1	10	10	-1	16.03	1	-0.4	0
chr2:18572131	10	1	10	10	-1	16.01	1	-0.4	0
chr3:1066961	10	1	10	10	-1	16.01	1	-0.4	0
chr3:5296699	10	1	10	10	-1	16.01	1	-0.4	0
