Position	IP	Control	Fold	Expectd	Q_-lg10	P_-lg10	P_poiss	IPvsEMP	Noise
chr1:57698	10	1	10	10	1	1	1	-0.4	0
chr1:58367	10	1	10	10	1	1	1	-0.4	0
chr1:68553	10	1	10	10	1	1	1	-0.4	0
chr1:95954	10	1	10	10	1	1	1	-0.4	0
chr1:116177	10	1	10	10	1	1	1	-0.4	0
chr1:118477	10	1	10	10	1	1	1	-0.4	0
chr1:146280	10	1	10	10	1	1	1	-0.4	0
chr1:173609	10	1	10	10	1	1	1	-0.4	0
chr1:182405	10	1	10	10	1	1	1	-0.4	0
chr1:183356	10	1	10	10	1	1	1	-0.4	0
chr1:184965	10	1	10	10	1	1	1	-0.4	0
chr1:199623	10	1	10	10	1	1	1	-0.4	0
chr1:207807	10	1	10	10	1	1	1	-0.4	0
chr1:218873	10	1	10	10	1	1	1	-0.4	0
chr1:268201	10	1	10	10	1	1	1	-0.4	0
chr1:270370	10	1	10	10	1	1	1	-0.4	0
chr1:282746	10	1	10	10	1	1	1	-0.4	0
chr1:364259	10	1	10	10	1	1	1	-0.4	0
chr1:420122	10	1	10	10	1	1	1	-0.4	0
chr1:426627	10	1	10	10	1	1	1	-0.4	0
chr1:428464	10	1	10	10	1	1	1	-0.4	0
chr1:468886	10	1	10	10	1	1	1	-0.4	0
chr1:471646	10	1	10	10	1	1	1	-0.4	0
chr1:472110	10	1	10	10	1	1	1	-0.4	0
chr1:485130	10	1	10	10	1	1	1	-0.4	0
chr1:488660	10	1	10	10	1	1	1	-0.4	0
chr1:567412	10	1	10	10	1	1	1	-0.4	0
chr1:574290	10	1	10	10	1	1	1	-0.4	0
chr1:575595	10	1	10	10	1	1	1	-0.4	0
chr1:865121	10	1	10	10	1	1	1	-0.4	0
chr1:898019	10	1	10	10	1	1	1	-0.4	0
chr1:899989	10	1	10	10	1	1	1	-0.4	0
chr1:933094	10	1	10	10	1	1	1	-0.4	0
chr1:957056	10	1	10	10	1	1	1	-0.4	0
chr1:979032	10	1	10	10	1	1	1	-0.4	0
chr1:1024520	10	1	10	10	1	1	1	-0.4	0
chr1:1028484	10	1	10	10	1	1	1	-0.4	0
chr1:1114624	10	1	10	10	1	1	1	-0.4	0
chr1:1129583	10	1	10	10	1	1	1	-0.4	0
chr1:1312319	10	1	10	10	1	1	1	-0.4	0
chr1:1477929	10	1	10	10	1	1	1	-0.4	0
chr1:1479011	10	1	10	10	1	1	1	-0.4	0
chr1:1548540	10	1	10	10	1	1	1	-0.4	0
chr1:1660894	10	1	10	10	1	1	1	-0.4	0
chr1:1713683	10	1	10	10	1	1	1	-0.4	0
chr1:1762128	10	1	10	10	1	1	1	-0.4	0
chr1:1774017	10	1	10	10	1	1	1	-0.4	0
chr1:1821945	10	1	10	10	1	1	1	-0.4	0
chr1:1838219	10	1	10	10	1	1	1	-0.4	0
chr1:1841739	10	1	10	10	1	1	1	-0.4	0
chr1:1882692	10	1	10	10	1	1	1	-0.4	0
chr1:1941665	10	1	10	10	1	1	1	-0.4	0
chr1:1953876	10	1	10	10	1	1	1	-0.4	0
chr1:2013580	10	1	10	10	1	1	1	-0.4	0
chr1:2142149	10	1	10	10	1	1	1	-0.4	0
chr1:2147316	10	1	10	10	1	1	1	-0.4	0
chr1:2173188	10	1	10	10	1	1	1	-0.4	0
chr1:2174414	10	1	10	10	1	1	1	-0.4	0
chr1:2212584	10	1	10	10	1	1	1	-0.4	0
chr1:2238058	10	1	10	10	1	1	1	-0.4	0
chr1:2277711	10	1	10	10	1	1	1	-0.4	0
chr1:2313049	10	1	10	10	1	1	1	-0.4	0
chr1:2475335	10	1	10	10	1	1	1	-0.4	0
chr1:2530429	10	1	10	10	1	1	1	-0.4	0
chr1:2586318	10	1	10	10	1	1	1	-0.4	0
chr1:2680809	10	1	10	10	1	1	1	-0.4	0
chr1:2688868	10	1	10	10	1	1	1	-0.4	0
chr1:2689905	10	1	10	10	1	1	1	-0.4	0
chr1:2691189	10	1	10	10	1	1	1	-0.4	0
chr1:2718317	10	1	10	10	1	1	1	-0.4	0
chr1:2753108	10	1	10	10	1	1	1	-0.4	0
chr1:2755687	10	1	10	10	1	1	1	-0.4	0
chr1:2874359	10	1	10	10	1	1	1	-0.4	0
chr1:2888699	10	1	10	10	1	1	1	-0.4	0
chr1:2928539	10	1	10	10	1	1	1	-0.4	0
chr1:2990923	10	1	10	10	1	1	1	-0.4	0
chr1:2992003	10	1	10	10	1	1	1	-0.4	0
chr1:3008439	10	1	10	10	1	1	1	-0.4	0
chr1:3009494	10	1	10	10	1	1	1	-0.4	0
chr1:3019493	10	1	10	10	1	1	1	-0.4	0
chr1:3072871	10	1	10	10	1	1	1	-0.4	0
chr1:3075515	10	1	10	10	1	1	1	-0.4	0
chr1:3079474	10	1	10	10	1	1	1	-0.4	0
chr1:3083696	10	1	10	10	1	1	1	-0.4	0
chr1:3093472	10	1	10	10	1	1	1	-0.4	0
chr1:3100365	10	1	10	10	1	1	1	-0.4	0
chr1:3247996	10	1	10	10	1	1	1	-0.4	0
chr1:3250143	10	1	10	10	1	1	1	-0.4	0
chr1:3272531	10	1	10	10	1	1	1	-0.4	0
chr1:3283760	10	1	10	10	1	1	1	-0.4	0
chr1:3324559	10	1	10	10	1	1	1	-0.4	0
chr1:3325206	10	1	10	10	1	1	1	-0.4	0
chr1:3420452	10	1	10	10	1	1	1	-0.4	0
chr1:3420997	10	1	10	10	1	1	1	-0.4	0
chr1:3441070	10	1	10	10	1	1	1	-0.4	0
chr1:3444711	10	1	10	10	1	1	1	-0.4	0
chr1:3482069	10	1	10	10	1	1	1	-0.4	0
chr1:3484357	10	1	10	10	1	1	1	-0.4	0
chr1:3523147	10	1	10	10	1	1	1	-0.4	0
chr1:3571780	10	1	10	10	1	1	1	-0.4	0
chr1:3676140	10	1	10	10	1	1	1	-0.4	0
chr1:3778454	10	1	10	10	1	1	1	-0.4	0
chr1:3810252	10	1	10	10	1	1	1	-0.4	0
chr1:3962387	10	1	10	10	1	1	1	-0.4	0
chr1:3963563	10	1	10	10	1	1	1	-0.4	0
chr1:4107158	10	1	10	10	1	1	1	-0.4	0
chr1:4108390	10	1	10	10	1	1	1	-0.4	0
chr1:4229644	10	1	10	10	1	1	1	-0.4	0
chr1:4230108	10	1	10	10	1	1	1	-0.4	0
chr1:4230685	10	1	10	10	1	1	1	-0.4	0
chr1:4247144	10	1	10	10	1	1	1	-0.4	0
chr1:4282190	10	1	10	10	1	1	1	-0.4	0
chr1:4316366	10	1	10	10	1	1	1	-0.4	0
chr1:4379500	10	1	10	10	1	1	1	-0.4	0
chr1:4419453	10	1	10	10	1	1	1	-0.4	0
chr1:4433154	10	1	10	10	1	1	1	-0.4	0
chr1:4524172	10	1	10	10	1	1	1	-0.4	0
chr1:4524993	10	1	10	10	1	1	1	-0.4	0
chr1:4526256	10	1	10	10	1	1	1	-0.4	0
chr1:4528074	10	1	10	10	1	1	1	-0.4	0
chr1:4532988	10	1	10	10	1	1	1	-0.4	0
chr1:4537342	10	1	10	10	1	1	1	-0.4	0
chr1:4540821	10	1	10	10	1	1	1	-0.4	0
chr1:4541859	10	1	10	10	1	1	1	-0.4	0
chr1:4577817	10	1	10	10	1	1	1	-0.4	0
chr1:4833520	10	1	10	10	1	1	1	-0.4	0
chr1:4879505	10	1	10	10	1	1	1	-0.4	0
chr1:4882240	10	1	10	10	1	1	1	-0.4	0
chr1:4935289	10	1	10	10	1	1	1	-0.4	0
chr1:4996068	10	1	10	10	1	1	1	-0.4	0
chr1:4998023	10	1	10	10	1	1	1	-0.4	0
chr1:5056491	10	1	10	10	1	1	1	-0.4	0
chr1:5070700	10	1	10	10	1	1	1	-0.4	0
chr1:5076167	10	1	10	10	1	1	1	-0.4	0
chr1:5077020	10	1	10	10	1	1	1	-0.4	0
chr1:5126369	10	1	10	10	1	1	1	-0.4	0
chr1:5138026	10	1	10	10	1	1	1	-0.4	0
chr1:5145724	10	1	10	10	1	1	1	-0.4	0
chr1:5146820	10	1	10	10	1	1	1	-0.4	0
chr1:5165047	10	1	10	10	1	1	1	-0.4	0
chr1:5197681	10	1	10	10	1	1	1	-0.4	0
chr1:5202608	10	1	10	10	1	1	1	-0.4	0
chr1:5224032	10	1	10	10	1	1	1	-0.4	0
chr1:5237723	10	1	10	10	1	1	1	-0.4	0
chr1:5257024	10	1	10	10	1	1	1	-0.4	0
chr1:5295799	10	1	10	10	1	1	1	-0.4	0
chr1:5349730	10	1	10	10	1	1	1	-0.4	0
chr1:5366941	10	1	10	10	1	1	1	-0.4	0
chr1:5390548	10	1	10	10	1	1	1	-0.4	0
chr1:5421525	10	1	10	10	1	1	1	-0.4	0
chr1:5422107	10	1	10	10	1	1	1	-0.4	0
chr1:5423649	10	1	10	10	1	1	1	-0.4	0
chr1:5479820	10	1	10	10	1	1	1	-0.4	0
chr1:5574114	10	1	10	10	1	1	1	-0.4	0
chr1:5732016	10	1	10	10	1	1	1	-0.4	0
chr1:5851642	10	1	10	10	1	1	1	-0.4	0
chr1:5940197	10	1	10	10	1	1	1	-0.4	0
chr1:6014884	10	1	10	10	1	1	1	-0.4	0
chr1:6016297	10	1	10	10	1	1	1	-0.4	0
chr1:6062747	10	1	10	10	1	1	1	-0.4	0
chr1:6101385	10	1	10	10	1	1	1	-0.4	0
chr1:6173885	10	1	10	10	1	1	1	-0.4	0
chr1:6174513	10	1	10	10	1	1	1	-0.4	0
chr1:6267500	10	1	10	10	1	1	1	-0.4	0
chr1:6295895	10	1	10	10	1	1	1	-0.4	0
chr1:6331219	10	1	10	10	1	1	1	-0.4	0
chr1:6333503	10	1	10	10	1	1	1	-0.4	0
chr1:6462638	10	1	10	10	1	1	1	-0.4	0
chr1:6463703	10	1	10	10	1	1	1	-0.4	0
chr1:6497189	10	1	10	10	1	1	1	-0.4	0
chr1:6516131	10	1	10	10	1	1	1	-0.4	0
chr1:6579384	10	1	10	10	1	1	1	-0.4	0
chr1:6627780	10	1	10	10	1	1	1	-0.4	0
chr1:6635158	10	1	10	10	1	1	1	-0.4	0
chr1:6677758	10	1	10	10	1	1	1	-0.4	0
chr1:6686940	10	1	10	10	1	1	1	-0.4	0
chr1:6737944	10	1	10	10	1	1	1	-0.4	0
chr1:6883322	10	1	10	10	1	1	1	-0.4	0
chr1:6940814	10	1	10	10	1	1	1	-0.4	0
chr1:6941618	10	1	10	10	1	1	1	-0.4	0
chr1:6946426	10	1	10	10	1	1	1	-0.4	0
chr1:6959509	10	1	10	10	1	1	1	-0.4	0
chr1:6969163	10	1	10	10	1	1	1	-0.4	0
chr1:7038234	10	1	10	10	1	1	1	-0.4	0
chr1:7039750	10	1	10	10	1	1	1	-0.4	0
chr1:7085669	10	1	10	10	1	1	1	-0.4	0
chr1:7143568	10	1	10	10	1	1	1	-0.4	0
chr1:7143978	10	1	10	10	1	1	1	-0.4	0
chr1:7145511	10	1	10	10	1	1	1	-0.4	0
chr1:7146816	10	1	10	10	1	1	1	-0.4	0
chr1:7221164	10	1	10	10	1	1	1	-0.4	0
chr1:7261904	10	1	10	10	1	1	1	-0.4	0
chr1:7267804	10	1	10	10	1	1	1	-0.4	0
chr1:7270623	10	1	10	10	1	1	1	-0.4	0
chr1:7322893	10	1	10	10	1	1	1	-0.4	0
chr1:7340727	10	1	10	10	1	1	1	-0.4	0
chr1:7366150	10	1	10	10	1	1	1	-0.4	0
chr1:7369155	10	1	10	10	1	1	1	-0.4	0
chr1:7375474	10	1	10	10	1	1	1	-0.4	0
chr1:7397160	10	1	10	10	1	1	1	-0.4	0
chr1:7470339	10	1	10	10	1	1	1	-0.4	0
chr1:7570246	10	1	10	10	1	1	1	-0.4	0
chr1:7570946	10	1	10	10	1	1	1	-0.4	0
chr1:7609701	10	1	10	10	1	1	1	-0.4	0
chr1:7637315	10	1	10	10	1	1	1	-0.4	0
chr1:7659677	10	1	10	10	1	1	1	-0.4	0
chr1:7665051	10	1	10	10	1	1	1	-0.4	0
chr1:7732274	10	1	10	10	1	1	1	-0.4	0
chr1:7734514	10	1	10	10	1	1	1	-0.4	0
chr1:7737792	10	1	10	10	1	1	1	-0.4	0
chr1:7782544	10	1	10	10	1	1	1	-0.4	0
chr1:7800901	10	1	10	10	1	1	1	-0.4	0
chr1:7802593	10	1	10	10	1	1	1	-0.4	0
chr1:7834294	10	1	10	10	1	1	1	-0.4	0
chr1:7835208	10	1	10	10	1	1	1	-0.4	0
chr1:7836470	10	1	10	10	1	1	1	-0.4	0
chr1:7884671	10	1	10	10	1	1	1	-0.4	0
chr1:7888853	10	1	10	10	1	1	1	-0.4	0
chr1:7897715	10	1	10	10	1	1	1	-0.4	0
chr1:7906932	10	1	10	10	1	1	1	-0.4	0
chr1:7956592	10	1	10	10	1	1	1	-0.4	0
chr1:7958396	10	1	10	10	1	1	1	-0.4	0
chr1:7966484	10	1	10	10	1	1	1	-0.4	0
chr1:7974893	10	1	10	10	1	1	1	-0.4	0
chr1:8005356	10	1	10	10	1	1	1	-0.4	0
chr1:8009619	10	1	10	10	1	1	1	-0.4	0
chr1:8010794	10	1	10	10	1	1	1	-0.4	0
chr1:8075797	10	1	10	10	1	1	1	-0.4	0
chr1:8098145	10	1	10	10	1	1	1	-0.4	0
chr1:8154957	10	1	10	10	1	1	1	-0.4	0
chr1:8155871	10	1	10	10	1	1	1	-0.4	0
chr1:8177239	10	1	10	10	1	1	1	-0.4	0
chr1:8181472	10	1	10	10	1	1	1	-0.4	0
chr1:8305319	10	1	10	10	1	1	1	-0.4	0
chr1:8332676	10	1	10	10	1	1	1	-0.4	0
chr1:8384890	10	1	10	10	1	1	1	-0.4	0
chr1:8559884	10	1	10	10	1	1	1	-0.4	0
chr1:8596568	10	1	10	10	1	1	1	-0.4	0
chr1:8598705	10	1	10	10	1	1	1	-0.4	0
chr1:8630993	10	1	10	10	1	1	1	-0.4	0
chr1:8635141	10	1	10	10	1	1	1	-0.4	0
chr1:8660757	10	1	10	10	1	1	1	-0.4	0
chr1:8727117	10	1	10	10	1	1	1	-0.4	0
chr1:8727825	10	1	10	10	1	1	1	-0.4	0
chr1:8842386	10	1	10	10	1	1	1	-0.4	0
chr1:8843247	10	1	10	10	1	1	1	-0.4	0
chr1:8911525	10	1	10	10	1	1	1	-0.4	0
chr1:8922595	10	1	10	10	1	1	1	-0.4	0
chr1:8924283	10	1	10	10	1	1	1	-0.4	0
chr1:8938213	10	1	10	10	1	1	1	-0.4	0
chr1:8941475	10	1	10	10	1	1	1	-0.4	0
chr1:8976046	10	1	10	10	1	1	1	-0.4	0
chr1:8976426	10	1	10	10	1	1	1	-0.4	0
chr1:8982307	10	1	10	10	1	1	1	-0.4	0
chr1:8983724	10	1	10	10	1	1	1	-0.4	0
chr1:8984980	10	1	10	10	1	1	1	-0.4	0
chr1:9044426	10	1	10	10	1	1	1	-0.4	0
chr1:9094447	10	1	10	10	1	1	1	-0.4	0
chr1:9095424	10	1	10	10	1	1	1	-0.4	0
chr1:9241184	10	1	10	10	1	1	1	-0.4	0
chr1:9325986	10	1	10	10	1	1	1	-0.4	0
chr1:9326487	10	1	10	10	1	1	1	-0.4	0
chr1:9329337	10	1	10	10	1	1	1	-0.4	0
chr1:9351569	10	1	10	10	1	1	1	-0.4	0
chr1:9352030	10	1	10	10	1	1	1	-0.4	0
chr1:9446567	10	1	10	10	1	1	1	-0.4	0
chr1:9481473	10	1	10	10	1	1	1	-0.4	0
chr1:9492720	10	1	10	10	1	1	1	-0.4	0
chr1:9544218	10	1	10	10	1	1	1	-0.4	0
chr1:9628699	10	1	10	10	1	1	1	-0.4	0
chr1:9649361	10	1	10	10	1	1	1	-0.4	0
chr1:9887339	10	1	10	10	1	1	1	-0.4	0
chr1:9950332	10	1	10	10	1	1	1	-0.4	0
chr1:9950858	10	1	10	10	1	1	1	-0.4	0
chr1:9952994	10	1	10	10	1	1	1	-0.4	0
chr1:9999164	10	1	10	10	1	1	1	-0.4	0
chr1:10001277	10	1	10	10	1	1	1	-0.4	0
chr1:10044232	10	1	10	10	1	1	1	-0.4	0
chr1:10046576	10	1	10	10	1	1	1	-0.4	0
chr1:10055759	10	1	10	10	1	1	1	-0.4	0
chr1:10065540	10	1	10	10	1	1	1	-0.4	0
chr1:10073518	10	1	10	10	1	1	1	-0.4	0
chr1:10078158	10	1	10	10	1	1	1	-0.4	0
chr1:10214047	10	1	10	10	1	1	1	-0.4	0
chr1:10303619	10	1	10	10	1	1	1	-0.4	0
chr1:10305442	10	1	10	10	1	1	1	-0.4	0
chr1:10322218	10	1	10	10	1	1	1	-0.4	0
chr1:10353967	10	1	10	10	1	1	1	-0.4	0
chr1:10365302	10	1	10	10	1	1	1	-0.4	0
chr1:10378179	10	1	10	10	1	1	1	-0.4	0
chr1:10518697	10	1	10	10	1	1	1	-0.4	0
chr1:10562776	10	1	10	10	1	1	1	-0.4	0
chr1:10581383	10	1	10	10	1	1	1	-0.4	0
chr1:10621402	10	1	10	10	1	1	1	-0.4	0
chr1:10684894	10	1	10	10	1	1	1	-0.4	0
chr1:10693304	10	1	10	10	1	1	1	-0.4	0
chr1:10696268	10	1	10	10	1	1	1	-0.4	0
chr1:10708653	10	1	10	10	1	1	1	-0.4	0
chr1:10757879	10	1	10	10	1	1	1	-0.4	0
chr1:10806507	10	1	10	10	1	1	1	-0.4	0
chr1:10827249	10	1	10	10	1	1	1	-0.4	0
chr1:10854759	10	1	10	10	1	1	1	-0.4	0
chr1:10886547	10	1	10	10	1	1	1	-0.4	0
chr1:10887433	10	1	10	10	1	1	1	-0.4	0
chr1:10890581	10	1	10	10	1	1	1	-0.4	0
chr1:10953746	10	1	10	10	1	1	1	-0.4	0
chr1:10958354	10	1	10	10	1	1	1	-0.4	0
chr1:10959930	10	1	10	10	1	1	1	-0.4	0
chr1:11197026	10	1	10	10	1	1	1	-0.4	0
chr1:11226428	10	1	10	10	1	1	1	-0.4	0
chr1:11231176	10	1	10	10	1	1	1	-0.4	0
chr1:11411960	10	1	10	10	1	1	1	-0.4	0
chr1:11445313	10	1	10	10	1	1	1	-0.4	0
chr1:11596005	10	1	10	10	1	1	1	-0.4	0
chr1:11612056	10	1	10	10	1	1	1	-0.4	0
chr1:11616335	10	1	10	10	1	1	1	-0.4	0
chr1:11620285	10	1	10	10	1	1	1	-0.4	0
chr1:11623069	10	1	10	10	1	1	1	-0.4	0
chr1:11831129	10	1	10	10	1	1	1	-0.4	0
chr1:11845974	10	1	10	10	1	1	1	-0.4	0
chr1:11927884	10	1	10	10	1	1	1	-0.4	0
chr1:11928930	10	1	10	10	1	1	1	-0.4	0
chr1:11978806	10	1	10	10	1	1	1	-0.4	0
chr1:12026624	10	1	10	10	1	1	1	-0.4	0
chr1:12050798	10	1	10	10	1	1	1	-0.4	0
chr1:12052583	10	1	10	10	1	1	1	-0.4	0
chr1:12061524	10	1	10	10	1	1	1	-0.4	0
chr1:12091608	10	1	10	10	1	1	1	-0.4	0
chr1:12138658	10	1	10	10	1	1	1	-0.4	0
chr1:12177592	10	1	10	10	1	1	1	-0.4	0
chr1:12421087	10	1	10	10	1	1	1	-0.4	0
chr1:12473551	10	1	10	10	1	1	1	-0.4	0
chr1:12936626	10	1	10	10	1	1	1	-0.4	0
chr1:13031045	10	1	10	10	1	1	1	-0.4	0
chr1:13453219	10	1	10	10	1	1	1	-0.4	0
chr1:13463197	10	1	10	10	1	1	1	-0.4	0
chr1:13464449	10	1	10	10	1	1	1	-0.4	0
chr1:13999722	10	1	10	10	1	1	1	-0.4	0
chr1:14027209	10	1	10	10	1	1	1	-0.4	0
chr1:14159476	10	1	10	10	1	1	1	-0.4	0
chr1:15083720	10	1	10	10	1	1	1	-0.4	0
chr1:16801043	10	1	10	10	1	1	1	-0.4	0
chr1:16837218	10	1	10	10	1	1	1	-0.4	0
chr1:16931437	10	1	10	10	1	1	1	-0.4	0
chr1:17235506	10	1	10	10	1	1	1	-0.4	0
chr1:17451685	10	1	10	10	1	1	1	-0.4	0
chr1:17702774	10	1	10	10	1	1	1	-0.4	0
chr1:17863723	10	1	10	10	1	1	1	-0.4	0
chr1:18198025	10	1	10	10	1	1	1	-0.4	0
chr1:18322401	10	1	10	10	1	1	1	-0.4	0
chr1:18323505	10	1	10	10	1	1	1	-0.4	0
chr1:18344567	10	1	10	10	1	1	1	-0.4	0
chr1:18433013	10	1	10	10	1	1	1	-0.4	0
chr1:18680827	10	1	10	10	1	1	1	-0.4	0
chr1:18952019	10	1	10	10	1	1	1	-0.4	0
chr1:18953733	10	1	10	10	1	1	1	-0.4	0
chr1:19127228	10	1	10	10	1	1	1	-0.4	0
chr1:19432922	10	1	10	10	1	1	1	-0.4	0
chr1:19443245	10	1	10	10	1	1	1	-0.4	0
chr1:19489392	10	1	10	10	1	1	1	-0.4	0
chr1:19683541	10	1	10	10	1	1	1	-0.4	0
chr1:19744463	10	1	10	10	1	1	1	-0.4	0
chr1:19821104	10	1	10	10	1	1	1	-0.4	0
chr1:19825527	10	1	10	10	1	1	1	-0.4	0
chr1:19831366	10	1	10	10	1	1	1	-0.4	0
chr1:19901485	10	1	10	10	1	1	1	-0.4	0
chr1:19912781	10	1	10	10	1	1	1	-0.4	0
chr1:19935878	10	1	10	10	1	1	1	-0.4	0
chr1:20045639	10	1	10	10	1	1	1	-0.4	0
chr1:20047505	10	1	10	10	1	1	1	-0.4	0
chr1:20095209	10	1	10	10	1	1	1	-0.4	0
chr1:20101225	10	1	10	10	1	1	1	-0.4	0
chr1:20204884	10	1	10	10	1	1	1	-0.4	0
chr1:20239783	10	1	10	10	1	1	1	-0.4	0
chr1:20559388	10	1	10	10	1	1	1	-0.4	0
chr1:20561305	10	1	10	10	1	1	1	-0.4	0
chr1:20647809	10	1	10	10	1	1	1	-0.4	0
chr1:20665202	10	1	10	10	1	1	1	-0.4	0
chr1:20785620	10	1	10	10	1	1	1	-0.4	0
chr1:20899071	10	1	10	10	1	1	1	-0.4	0
chr1:21207103	10	1	10	10	1	1	1	-0.4	0
chr1:21237878	10	1	10	10	1	1	1	-0.4	0
chr1:21364712	10	1	10	10	1	1	1	-0.4	0
chr1:21441919	10	1	10	10	1	1	1	-0.4	0
chr1:21443622	10	1	10	10	1	1	1	-0.4	0
chr1:21492376	10	1	10	10	1	1	1	-0.4	0
chr1:21514026	10	1	10	10	1	1	1	-0.4	0
chr1:21709137	10	1	10	10	1	1	1	-0.4	0
chr1:21720459	10	1	10	10	1	1	1	-0.4	0
chr1:21724770	10	1	10	10	1	1	1	-0.4	0
chr1:22034171	10	1	10	10	1	1	1	-0.4	0
chr1:22064707	10	1	10	10	1	1	1	-0.4	0
chr1:22065846	10	1	10	10	1	1	1	-0.4	0
chr1:22099752	10	1	10	10	1	1	1	-0.4	0
chr1:22110557	10	1	10	10	1	1	1	-0.4	0
chr1:22128472	10	1	10	10	1	1	1	-0.4	0
chr1:22185882	10	1	10	10	1	1	1	-0.4	0
chr1:22198129	10	1	10	10	1	1	1	-0.4	0
chr1:22590894	10	1	10	10	1	1	1	-0.4	0
chr1:22854433	10	1	10	10	1	1	1	-0.4	0
chr1:22881753	10	1	10	10	1	1	1	-0.4	0
chr1:23022713	10	1	10	10	1	1	1	-0.4	0
chr1:23080718	10	1	10	10	1	1	1	-0.4	0
chr1:23082093	10	1	10	10	1	1	1	-0.4	0
chr1:23083442	10	1	10	10	1	1	1	-0.4	0
chr1:23134313	10	1	10	10	1	1	1	-0.4	0
chr1:23145194	10	1	10	10	1	1	1	-0.4	0
chr1:23201081	10	1	10	10	1	1	1	-0.4	0
chr1:23262835	10	1	10	10	1	1	1	-0.4	0
chr1:23280169	10	1	10	10	1	1	1	-0.4	0
chr1:23315004	10	1	10	10	1	1	1	-0.4	0
chr1:23336366	10	1	10	10	1	1	1	-0.4	0
chr1:23344635	10	1	10	10	1	1	1	-0.4	0
chr1:23371402	10	1	10	10	1	1	1	-0.4	0
chr1:23395466	10	1	10	10	1	1	1	-0.4	0
chr1:23633762	10	1	10	10	1	1	1	-0.4	0
chr1:23637969	10	1	10	10	1	1	1	-0.4	0
chr1:23706153	10	1	10	10	1	1	1	-0.4	0
chr1:23724330	10	1	10	10	1	1	1	-0.4	0
chr1:23760538	10	1	10	10	1	1	1	-0.4	0
chr1:23773312	10	1	10	10	1	1	1	-0.4	0
chr1:23871152	10	1	10	10	1	1	1	-0.4	0
chr1:23893769	10	1	10	10	1	1	1	-0.4	0
chr1:23894606	10	1	10	10	1	1	1	-0.4	0
chr1:23895859	10	1	10	10	1	1	1	-0.4	0
chr1:23899251	10	1	10	10	1	1	1	-0.4	0
chr1:23903003	10	1	10	10	1	1	1	-0.4	0
chr1:23913488	10	1	10	10	1	1	1	-0.4	0
chr1:23914227	10	1	10	10	1	1	1	-0.4	0
chr1:23941900	10	1	10	10	1	1	1	-0.4	0
chr1:24022523	10	1	10	10	1	1	1	-0.4	0
chr1:24023344	10	1	10	10	1	1	1	-0.4	0
chr1:24029951	10	1	10	10	1	1	1	-0.4	0
chr1:24034535	10	1	10	10	1	1	1	-0.4	0
chr1:24043558	10	1	10	10	1	1	1	-0.4	0
chr1:24139376	10	1	10	10	1	1	1	-0.4	0
chr1:24259587	10	1	10	10	1	1	1	-0.4	0
chr1:24443809	10	1	10	10	1	1	1	-0.4	0
chr1:24487931	10	1	10	10	1	1	1	-0.4	0
chr1:24488820	10	1	10	10	1	1	1	-0.4	0
chr1:24492172	10	1	10	10	1	1	1	-0.4	0
chr1:24530303	10	1	10	10	1	1	1	-0.4	0
chr1:24532333	10	1	10	10	1	1	1	-0.4	0
chr1:24536335	10	1	10	10	1	1	1	-0.4	0
chr1:24553323	10	1	10	10	1	1	1	-0.4	0
chr1:24631352	10	1	10	10	1	1	1	-0.4	0
chr1:24632904	10	1	10	10	1	1	1	-0.4	0
chr1:24654142	10	1	10	10	1	1	1	-0.4	0
chr1:24677112	10	1	10	10	1	1	1	-0.4	0
chr1:24748613	10	1	10	10	1	1	1	-0.4	0
chr1:24767076	10	1	10	10	1	1	1	-0.4	0
chr1:24831307	10	1	10	10	1	1	1	-0.4	0
chr1:24848108	10	1	10	10	1	1	1	-0.4	0
chr1:24883619	10	1	10	10	1	1	1	-0.4	0
chr1:25174928	10	1	10	10	1	1	1	-0.4	0
chr1:25176498	10	1	10	10	1	1	1	-0.4	0
chr1:25178247	10	1	10	10	1	1	1	-0.4	0
chr1:25231357	10	1	10	10	1	1	1	-0.4	0
chr1:25403977	10	1	10	10	1	1	1	-0.4	0
chr1:25455881	10	1	10	10	1	1	1	-0.4	0
chr1:25464291	10	1	10	10	1	1	1	-0.4	0
chr1:25470098	10	1	10	10	1	1	1	-0.4	0
chr1:25658497	10	1	10	10	1	1	1	-0.4	0
chr1:25728274	10	1	10	10	1	1	1	-0.4	0
chr1:25730697	10	1	10	10	1	1	1	-0.4	0
chr1:25732411	10	1	10	10	1	1	1	-0.4	0
chr1:25765662	10	1	10	10	1	1	1	-0.4	0
chr1:25781299	10	1	10	10	1	1	1	-0.4	0
chr1:25787804	10	1	10	10	1	1	1	-0.4	0
chr1:25877661	10	1	10	10	1	1	1	-0.4	0
chr1:25881021	10	1	10	10	1	1	1	-0.4	0
chr1:25951912	10	1	10	10	1	1	1	-0.4	0
chr1:26037896	10	1	10	10	1	1	1	-0.4	0
chr1:26038535	10	1	10	10	1	1	1	-0.4	0
chr1:26043137	10	1	10	10	1	1	1	-0.4	0
chr1:26059330	10	1	10	10	1	1	1	-0.4	0
chr1:26089127	10	1	10	10	1	1	1	-0.4	0
chr1:26164503	10	1	10	10	1	1	1	-0.4	0
chr1:26210770	10	1	10	10	1	1	1	-0.4	0
chr1:26212904	10	1	10	10	1	1	1	-0.4	0
chr1:26213747	10	1	10	10	1	1	1	-0.4	0
chr1:26256533	10	1	10	10	1	1	1	-0.4	0
chr1:26260841	10	1	10	10	1	1	1	-0.4	0
chr1:26279421	10	1	10	10	1	1	1	-0.4	0
chr1:26298544	10	1	10	10	1	1	1	-0.4	0
chr1:26299415	10	1	10	10	1	1	1	-0.4	0
chr1:26317622	10	1	10	10	1	1	1	-0.4	0
chr1:26332188	10	1	10	10	1	1	1	-0.4	0
chr1:26434965	10	1	10	10	1	1	1	-0.4	0
chr1:26442340	10	1	10	10	1	1	1	-0.4	0
chr1:26444520	10	1	10	10	1	1	1	-0.4	0
chr1:26463407	10	1	10	10	1	1	1	-0.4	0
chr1:26463793	10	1	10	10	1	1	1	-0.4	0
chr1:26464300	10	1	10	10	1	1	1	-0.4	0
chr1:26480255	10	1	10	10	1	1	1	-0.4	0
chr1:26483373	10	1	10	10	1	1	1	-0.4	0
chr1:26484200	10	1	10	10	1	1	1	-0.4	0
chr1:26484874	10	1	10	10	1	1	1	-0.4	0
chr1:26535156	10	1	10	10	1	1	1	-0.4	0
chr1:26541409	10	1	10	10	1	1	1	-0.4	0
chr1:26587587	10	1	10	10	1	1	1	-0.4	0
chr1:26591617	10	1	10	10	1	1	1	-0.4	0
chr1:26661031	10	1	10	10	1	1	1	-0.4	0
chr1:26699571	10	1	10	10	1	1	1	-0.4	0
chr1:26737118	10	1	10	10	1	1	1	-0.4	0
chr1:26745117	10	1	10	10	1	1	1	-0.4	0
chr1:26749091	10	1	10	10	1	1	1	-0.4	0
chr1:26750340	10	1	10	10	1	1	1	-0.4	0
chr1:26774069	10	1	10	10	1	1	1	-0.4	0
chr1:26796624	10	1	10	10	1	1	1	-0.4	0
chr1:26811931	10	1	10	10	1	1	1	-0.4	0
chr1:27037008	10	1	10	10	1	1	1	-0.4	0
chr1:27048391	10	1	10	10	1	1	1	-0.4	0
chr1:27075828	10	1	10	10	1	1	1	-0.4	0
chr1:27137229	10	1	10	10	1	1	1	-0.4	0
chr1:27151289	10	1	10	10	1	1	1	-0.4	0
chr1:27151907	10	1	10	10	1	1	1	-0.4	0
chr1:27152693	10	1	10	10	1	1	1	-0.4	0
chr1:27160237	10	1	10	10	1	1	1	-0.4	0
chr1:27171979	10	1	10	10	1	1	1	-0.4	0
chr1:27276949	10	1	10	10	1	1	1	-0.4	0
chr1:27282486	10	1	10	10	1	1	1	-0.4	0
chr1:27300661	10	1	10	10	1	1	1	-0.4	0
chr1:27302390	10	1	10	10	1	1	1	-0.4	0
chr1:27337414	10	1	10	10	1	1	1	-0.4	0
chr1:27363351	10	1	10	10	1	1	1	-0.4	0
chr1:27400397	10	1	10	10	1	1	1	-0.4	0
chr1:27454561	10	1	10	10	1	1	1	-0.4	0
chr1:27627937	10	1	10	10	1	1	1	-0.4	0
chr1:27638318	10	1	10	10	1	1	1	-0.4	0
chr1:27698179	10	1	10	10	1	1	1	-0.4	0
chr1:27749342	10	1	10	10	1	1	1	-0.4	0
chr1:27761283	10	1	10	10	1	1	1	-0.4	0
chr1:27786003	10	1	10	10	1	1	1	-0.4	0
chr1:27870769	10	1	10	10	1	1	1	-0.4	0
chr1:27880832	10	1	10	10	1	1	1	-0.4	0
chr1:27966657	10	1	10	10	1	1	1	-0.4	0
chr1:27981580	10	1	10	10	1	1	1	-0.4	0
chr1:27999967	10	1	10	10	1	1	1	-0.4	0
chr1:28098548	10	1	10	10	1	1	1	-0.4	0
chr1:28145932	10	1	10	10	1	1	1	-0.4	0
chr1:28179678	10	1	10	10	1	1	1	-0.4	0
chr1:28183462	10	1	10	10	1	1	1	-0.4	0
chr1:28183964	10	1	10	10	1	1	1	-0.4	0
chr1:28185714	10	1	10	10	1	1	1	-0.4	0
chr1:28187868	10	1	10	10	1	1	1	-0.4	0
chr1:28189498	10	1	10	10	1	1	1	-0.4	0
chr1:28190172	10	1	10	10	1	1	1	-0.4	0
chr1:28191171	10	1	10	10	1	1	1	-0.4	0
chr1:28193483	10	1	10	10	1	1	1	-0.4	0
chr1:28196046	10	1	10	10	1	1	1	-0.4	0
chr1:28198413	10	1	10	10	1	1	1	-0.4	0
chr1:28201637	10	1	10	10	1	1	1	-0.4	0
chr1:28203295	10	1	10	10	1	1	1	-0.4	0
chr1:28203967	10	1	10	10	1	1	1	-0.4	0
chr1:28204484	10	1	10	10	1	1	1	-0.4	0
chr1:28211419	10	1	10	10	1	1	1	-0.4	0
chr1:28213698	10	1	10	10	1	1	1	-0.4	0
chr1:28215625	10	1	10	10	1	1	1	-0.4	0
chr1:28216944	10	1	10	10	1	1	1	-0.4	0
chr1:28218756	10	1	10	10	1	1	1	-0.4	0
chr1:28221347	10	1	10	10	1	1	1	-0.4	0
chr1:28223147	10	1	10	10	1	1	1	-0.4	0
chr1:28223601	10	1	10	10	1	1	1	-0.4	0
chr1:28225585	10	1	10	10	1	1	1	-0.4	0
chr1:28229672	10	1	10	10	1	1	1	-0.4	0
chr1:28232777	10	1	10	10	1	1	1	-0.4	0
chr1:28233776	10	1	10	10	1	1	1	-0.4	0
chr1:28234696	10	1	10	10	1	1	1	-0.4	0
chr1:28236728	10	1	10	10	1	1	1	-0.4	0
chr1:28237138	10	1	10	10	1	1	1	-0.4	0
chr1:28237554	10	1	10	10	1	1	1	-0.4	0
chr1:28238896	10	1	10	10	1	1	1	-0.4	0
chr1:28239712	10	1	10	10	1	1	1	-0.4	0
chr1:28241282	10	1	10	10	1	1	1	-0.4	0
chr1:28244174	10	1	10	10	1	1	1	-0.4	0
chr1:28258572	10	1	10	10	1	1	1	-0.4	0
chr1:28286367	10	1	10	10	1	1	1	-0.4	0
chr1:28290330	10	1	10	10	1	1	1	-0.4	0
chr1:28313464	10	1	10	10	1	1	1	-0.4	0
chr1:28315839	10	1	10	10	1	1	1	-0.4	0
chr1:28319013	10	1	10	10	1	1	1	-0.4	0
chr1:28335237	10	1	10	10	1	1	1	-0.4	0
chr1:28341620	10	1	10	10	1	1	1	-0.4	0
chr1:28358641	10	1	10	10	1	1	1	-0.4	0
chr1:28367960	10	1	10	10	1	1	1	-0.4	0
chr1:28385549	10	1	10	10	1	1	1	-0.4	0
chr1:28386463	10	1	10	10	1	1	1	-0.4	0
chr1:28430238	10	1	10	10	1	1	1	-0.4	0
chr1:28444557	10	1	10	10	1	1	1	-0.4	0
chr1:28460484	10	1	10	10	1	1	1	-0.4	0
chr1:28461406	10	1	10	10	1	1	1	-0.4	0
chr1:28550078	10	1	10	10	1	1	1	-0.4	0
chr1:28553122	10	1	10	10	1	1	1	-0.4	0
chr1:28598449	10	1	10	10	1	1	1	-0.4	0
chr1:28603943	10	1	10	10	1	1	1	-0.4	0
chr1:28639380	10	1	10	10	1	1	1	-0.4	0
chr1:28677343	10	1	10	10	1	1	1	-0.4	0
chr1:28698352	10	1	10	10	1	1	1	-0.4	0
chr1:28701627	10	1	10	10	1	1	1	-0.4	0
chr1:28746009	10	1	10	10	1	1	1	-0.4	0
chr1:28754105	10	1	10	10	1	1	1	-0.4	0
chr1:28755739	10	1	10	10	1	1	1	-0.4	0
chr1:28778641	10	1	10	10	1	1	1	-0.4	0
chr1:28836552	10	1	10	10	1	1	1	-0.4	0
chr1:28868509	10	1	10	10	1	1	1	-0.4	0
chr1:28881713	10	1	10	10	1	1	1	-0.4	0
chr1:28894946	10	1	10	10	1	1	1	-0.4	0
chr1:28917006	10	1	10	10	1	1	1	-0.4	0
chr1:28928610	10	1	10	10	1	1	1	-0.4	0
chr1:29038117	10	1	10	10	1	1	1	-0.4	0
chr1:29203557	10	1	10	10	1	1	1	-0.4	0
chr1:29217833	10	1	10	10	1	1	1	-0.4	0
chr1:29250102	10	1	10	10	1	1	1	-0.4	0
chr1:29270698	10	1	10	10	1	1	1	-0.4	0
chr1:29333018	10	1	10	10	1	1	1	-0.4	0
chr1:29341448	10	1	10	10	1	1	1	-0.4	0
chr1:29359549	10	1	10	10	1	1	1	-0.4	0
chr1:29365239	10	1	10	10	1	1	1	-0.4	0
chr1:29385252	10	1	10	10	1	1	1	-0.4	0
chr1:29386501	10	1	10	10	1	1	1	-0.4	0
chr1:29387837	10	1	10	10	1	1	1	-0.4	0
chr1:29389097	10	1	10	10	1	1	1	-0.4	0
chr1:29431297	10	1	10	10	1	1	1	-0.4	0
chr1:29441574	10	1	10	10	1	1	1	-0.4	0
chr1:29449722	10	1	10	10	1	1	1	-0.4	0
chr1:29508488	10	1	10	10	1	1	1	-0.4	0
chr1:29566442	10	1	10	10	1	1	1	-0.4	0
chr1:29593574	10	1	10	10	1	1	1	-0.4	0
chr1:29598860	10	1	10	10	1	1	1	-0.4	0
chr1:29702334	10	1	10	10	1	1	1	-0.4	0
chr1:29741429	10	1	10	10	1	1	1	-0.4	0
chr1:29743501	10	1	10	10	1	1	1	-0.4	0
chr1:29756284	10	1	10	10	1	1	1	-0.4	0
chr1:29760416	10	1	10	10	1	1	1	-0.4	0
chr1:29763154	10	1	10	10	1	1	1	-0.4	0
chr1:29765801	10	1	10	10	1	1	1	-0.4	0
chr1:29766757	10	1	10	10	1	1	1	-0.4	0
chr1:29794269	10	1	10	10	1	1	1	-0.4	0
chr1:29805244	10	1	10	10	1	1	1	-0.4	0
chr1:29809168	10	1	10	10	1	1	1	-0.4	0
chr1:29872987	10	1	10	10	1	1	1	-0.4	0
chr1:29919686	10	1	10	10	1	1	1	-0.4	0
chr1:29945255	10	1	10	10	1	1	1	-0.4	0
chr1:29966302	10	1	10	10	1	1	1	-0.4	0
chr1:29990925	10	1	10	10	1	1	1	-0.4	0
chr1:29992877	10	1	10	10	1	1	1	-0.4	0
chr1:30034706	10	1	10	10	1	1	1	-0.4	0
chr1:30066606	10	1	10	10	1	1	1	-0.4	0
chr1:30173682	10	1	10	10	1	1	1	-0.4	0
chr1:30187812	10	1	10	10	1	1	1	-0.4	0
chr1:30267244	10	1	10	10	1	1	1	-0.4	0
chr1:30275361	10	1	10	10	1	1	1	-0.4	0
chr1:30302929	10	1	10	10	1	1	1	-0.4	0
chr1:30372054	10	1	10	10	1	1	1	-0.4	0
chr1:30380528	10	1	10	10	1	1	1	-0.4	0
chr2:2646	10	1	10	10	1	1	1	-0.4	0
chr2:3434	10	1	10	10	1	1	1	-0.4	0
chr2:10034	10	1	10	10	1	1	1	-0.4	0
chr2:97830	10	1	10	10	1	1	1	-0.4	0
chr2:118100	10	1	10	10	1	1	1	-0.4	0
chr2:177927	10	1	10	10	1	1	1	-0.4	0
chr2:181391	10	1	10	10	1	1	1	-0.4	0
chr2:183398	10	1	10	10	1	1	1	-0.4	0
chr2:254067	10	1	10	10	1	1	1	-0.4	0
chr2:255773	10	1	10	10	1	1	1	-0.4	0
chr2:259129	10	1	10	10	1	1	1	-0.4	0
chr2:261963	10	1	10	10	1	1	1	-0.4	0
chr2:262939	10	1	10	10	1	1	1	-0.4	0
chr2:302815	10	1	10	10	1	1	1	-0.4	0
chr2:304445	10	1	10	10	1	1	1	-0.4	0
chr2:367783	10	1	10	10	1	1	1	-0.4	0
chr2:414883	10	1	10	10	1	1	1	-0.4	0
chr2:415228	10	1	10	10	1	1	1	-0.4	0
chr2:432231	10	1	10	10	1	1	1	-0.4	0
chr2:438234	10	1	10	10	1	1	1	-0.4	0
chr2:438816	10	1	10	10	1	1	1	-0.4	0
chr2:509895	10	1	10	10	1	1	1	-0.4	0
chr2:519657	10	1	10	10	1	1	1	-0.4	0
chr2:559910	10	1	10	10	1	1	1	-0.4	0
chr2:641626	10	1	10	10	1	1	1	-0.4	0
chr2:745523	10	1	10	10	1	1	1	-0.4	0
chr2:747647	10	1	10	10	1	1	1	-0.4	0
chr2:977632	10	1	10	10	1	1	1	-0.4	0
chr2:1128578	10	1	10	10	1	1	1	-0.4	0
chr2:1161432	10	1	10	10	1	1	1	-0.4	0
chr2:1188827	10	1	10	10	1	1	1	-0.4	0
chr2:1467499	10	1	10	10	1	1	1	-0.4	0
chr2:1567099	10	1	10	10	1	1	1	-0.4	0
chr2:1572226	10	1	10	10	1	1	1	-0.4	0
chr2:1639951	10	1	10	10	1	1	1	-0.4	0
chr2:2026669	10	1	10	10	1	1	1	-0.4	0
chr2:2198277	10	1	10	10	1	1	1	-0.4	0
chr2:2762416	10	1	10	10	1	1	1	-0.4	0
chr2:2765669	10	1	10	10	1	1	1	-0.4	0
chr2:2931113	10	1	10	10	1	1	1	-0.4	0
chr2:3607148	10	1	10	10	1	1	1	-0.4	0
chr2:3615020	10	1	10	10	1	1	1	-0.4	0
chr2:3616051	10	1	10	10	1	1	1	-0.4	0
chr2:3616856	10	1	10	10	1	1	1	-0.4	0
chr2:3618133	10	1	10	10	1	1	1	-0.4	0
chr2:3619006	10	1	10	10	1	1	1	-0.4	0
chr2:3619517	10	1	10	10	1	1	1	-0.4	0
chr2:3619945	10	1	10	10	1	1	1	-0.4	0
chr2:3621203	10	1	10	10	1	1	1	-0.4	0
chr2:3622608	10	1	10	10	1	1	1	-0.4	0
chr2:3624625	10	1	10	10	1	1	1	-0.4	0
chr2:3625296	10	1	10	10	1	1	1	-0.4	0
chr2:3626271	10	1	10	10	1	1	1	-0.4	0
chr2:3627303	10	1	10	10	1	1	1	-0.4	0
chr2:5190607	10	1	10	10	1	1	1	-0.4	0
chr2:6018415	10	1	10	10	1	1	1	-0.4	0
chr2:6400480	10	1	10	10	1	1	1	-0.4	0
chr2:6485639	10	1	10	10	1	1	1	-0.4	0
chr2:6758600	10	1	10	10	1	1	1	-0.4	0
chr2:6761576	10	1	10	10	1	1	1	-0.4	0
chr2:6880792	10	1	10	10	1	1	1	-0.4	0
chr2:7056363	10	1	10	10	1	1	1	-0.4	0
chr2:7223834	10	1	10	10	1	1	1	-0.4	0
chr2:7432838	10	1	10	10	1	1	1	-0.4	0
chr2:7434380	10	1	10	10	1	1	1	-0.4	0
chr2:7492375	10	1	10	10	1	1	1	-0.4	0
chr2:7546501	10	1	10	10	1	1	1	-0.4	0
chr2:7605415	10	1	10	10	1	1	1	-0.4	0
chr2:7676824	10	1	10	10	1	1	1	-0.4	0
chr2:7678921	10	1	10	10	1	1	1	-0.4	0
chr2:7693626	10	1	10	10	1	1	1	-0.4	0
chr2:7765345	10	1	10	10	1	1	1	-0.4	0
chr2:7767127	10	1	10	10	1	1	1	-0.4	0
chr2:7835663	10	1	10	10	1	1	1	-0.4	0
chr2:7864120	10	1	10	10	1	1	1	-0.4	0
chr2:7901510	10	1	10	10	1	1	1	-0.4	0
chr2:7972423	10	1	10	10	1	1	1	-0.4	0
chr2:7995684	10	1	10	10	1	1	1	-0.4	0
chr2:7996736	10	1	10	10	1	1	1	-0.4	0
chr2:8021695	10	1	10	10	1	1	1	-0.4	0
chr2:8118715	10	1	10	10	1	1	1	-0.4	0
chr2:8139585	10	1	10	10	1	1	1	-0.4	0
chr2:8211626	10	1	10	10	1	1	1	-0.4	0
chr2:8215495	10	1	10	10	1	1	1	-0.4	0
chr2:8222998	10	1	10	10	1	1	1	-0.4	0
chr2:8230460	10	1	10	10	1	1	1	-0.4	0
chr2:8324060	10	1	10	10	1	1	1	-0.4	0
chr2:8495969	10	1	10	10	1	1	1	-0.4	0
chr2:8497703	10	1	10	10	1	1	1	-0.4	0
chr2:8498900	10	1	10	10	1	1	1	-0.4	0
chr2:8544141	10	1	10	10	1	1	1	-0.4	0
chr2:8550147	10	1	10	10	1	1	1	-0.4	0
chr2:8579554	10	1	10	10	1	1	1	-0.4	0
chr2:8710345	10	1	10	10	1	1	1	-0.4	0
chr2:8783366	10	1	10	10	1	1	1	-0.4	0
chr2:8783762	10	1	10	10	1	1	1	-0.4	0
chr2:8791807	10	1	10	10	1	1	1	-0.4	0
chr2:8899901	10	1	10	10	1	1	1	-0.4	0
chr2:8913626	10	1	10	10	1	1	1	-0.4	0
chr2:8942831	10	1	10	10	1	1	1	-0.4	0
chr2:8971482	10	1	10	10	1	1	1	-0.4	0
chr2:9002789	10	1	10	10	1	1	1	-0.4	0
chr2:9035360	10	1	10	10	1	1	1	-0.4	0
chr2:9140687	10	1	10	10	1	1	1	-0.4	0
chr2:9326522	10	1	10	10	1	1	1	-0.4	0
chr2:9369331	10	1	10	10	1	1	1	-0.4	0
chr2:9386548	10	1	10	10	1	1	1	-0.4	0
chr2:9406208	10	1	10	10	1	1	1	-0.4	0
chr2:9409457	10	1	10	10	1	1	1	-0.4	0
chr2:9521048	10	1	10	10	1	1	1	-0.4	0
chr2:9527861	10	1	10	10	1	1	1	-0.4	0
chr2:9631663	10	1	10	10	1	1	1	-0.4	0
chr2:9675880	10	1	10	10	1	1	1	-0.4	0
chr2:9688974	10	1	10	10	1	1	1	-0.4	0
chr2:9696679	10	1	10	10	1	1	1	-0.4	0
chr2:9702052	10	1	10	10	1	1	1	-0.4	0
chr2:9710618	10	1	10	10	1	1	1	-0.4	0
chr2:9731739	10	1	10	10	1	1	1	-0.4	0
chr2:9813372	10	1	10	10	1	1	1	-0.4	0
chr2:9842937	10	1	10	10	1	1	1	-0.4	0
chr2:9866875	10	1	10	10	1	1	1	-0.4	0
chr2:9868862	10	1	10	10	1	1	1	-0.4	0
chr2:9906622	10	1	10	10	1	1	1	-0.4	0
chr2:9908489	10	1	10	10	1	1	1	-0.4	0
chr2:9909500	10	1	10	10	1	1	1	-0.4	0
chr2:9926817	10	1	10	10	1	1	1	-0.4	0
chr2:10074633	10	1	10	10	1	1	1	-0.4	0
chr2:10104535	10	1	10	10	1	1	1	-0.4	0
chr2:10106671	10	1	10	10	1	1	1	-0.4	0
chr2:10119692	10	1	10	10	1	1	1	-0.4	0
chr2:10127702	10	1	10	10	1	1	1	-0.4	0
chr2:10136017	10	1	10	10	1	1	1	-0.4	0
chr2:10198329	10	1	10	10	1	1	1	-0.4	0
chr2:10297917	10	1	10	10	1	1	1	-0.4	0
chr2:10438193	10	1	10	10	1	1	1	-0.4	0
chr2:10561546	10	1	10	10	1	1	1	-0.4	0
chr2:10566758	10	1	10	10	1	1	1	-0.4	0
chr2:10572685	10	1	10	10	1	1	1	-0.4	0
chr2:10754210	10	1	10	10	1	1	1	-0.4	0
chr2:10757530	10	1	10	10	1	1	1	-0.4	0
chr2:10823797	10	1	10	10	1	1	1	-0.4	0
chr2:10835708	10	1	10	10	1	1	1	-0.4	0
chr2:10836227	10	1	10	10	1	1	1	-0.4	0
chr2:10847268	10	1	10	10	1	1	1	-0.4	0
chr2:10848861	10	1	10	10	1	1	1	-0.4	0
chr2:10850055	10	1	10	10	1	1	1	-0.4	0
chr2:10851871	10	1	10	10	1	1	1	-0.4	0
chr2:10945395	10	1	10	10	1	1	1	-0.4	0
chr2:11171274	10	1	10	10	1	1	1	-0.4	0
chr2:11172027	10	1	10	10	1	1	1	-0.4	0
chr2:11175755	10	1	10	10	1	1	1	-0.4	0
chr2:11195711	10	1	10	10	1	1	1	-0.4	0
chr2:11225458	10	1	10	10	1	1	1	-0.4	0
chr2:11284846	10	1	10	10	1	1	1	-0.4	0
chr2:11336935	10	1	10	10	1	1	1	-0.4	0
chr2:11374467	10	1	10	10	1	1	1	-0.4	0
chr2:11380444	10	1	10	10	1	1	1	-0.4	0
chr2:11388478	10	1	10	10	1	1	1	-0.4	0
chr2:11390107	10	1	10	10	1	1	1	-0.4	0
chr2:11409787	10	1	10	10	1	1	1	-0.4	0
chr2:11519333	10	1	10	10	1	1	1	-0.4	0
chr2:11545824	10	1	10	10	1	1	1	-0.4	0
chr2:11548797	10	1	10	10	1	1	1	-0.4	0
chr2:11550913	10	1	10	10	1	1	1	-0.4	0
chr2:11755214	10	1	10	10	1	1	1	-0.4	0
chr2:11801037	10	1	10	10	1	1	1	-0.4	0
chr2:11894555	10	1	10	10	1	1	1	-0.4	0
chr2:11946986	10	1	10	10	1	1	1	-0.4	0
chr2:12107407	10	1	10	10	1	1	1	-0.4	0
chr2:12109497	10	1	10	10	1	1	1	-0.4	0
chr2:12117971	10	1	10	10	1	1	1	-0.4	0
chr2:12123419	10	1	10	10	1	1	1	-0.4	0
chr2:12224206	10	1	10	10	1	1	1	-0.4	0
chr2:12310647	10	1	10	10	1	1	1	-0.4	0
chr2:12405558	10	1	10	10	1	1	1	-0.4	0
chr2:12408060	10	1	10	10	1	1	1	-0.4	0
chr2:12420007	10	1	10	10	1	1	1	-0.4	0
chr2:12494284	10	1	10	10	1	1	1	-0.4	0
chr2:12524452	10	1	10	10	1	1	1	-0.4	0
chr2:12612901	10	1	10	10	1	1	1	-0.4	0
chr2:12646330	10	1	10	10	1	1	1	-0.4	0
chr2:12677356	10	1	10	10	1	1	1	-0.4	0
chr2:12678262	10	1	10	10	1	1	1	-0.4	0
chr2:12703533	10	1	10	10	1	1	1	-0.4	0
chr2:12817683	10	1	10	10	1	1	1	-0.4	0
chr2:12819599	10	1	10	10	1	1	1	-0.4	0
chr2:12822964	10	1	10	10	1	1	1	-0.4	0
chr2:12830218	10	1	10	10	1	1	1	-0.4	0
chr2:12895001	10	1	10	10	1	1	1	-0.4	0
chr2:12898606	10	1	10	10	1	1	1	-0.4	0
chr2:13000735	10	1	10	10	1	1	1	-0.4	0
chr2:13006685	10	1	10	10	1	1	1	-0.4	0
chr2:13013771	10	1	10	10	1	1	1	-0.4	0
chr2:13017131	10	1	10	10	1	1	1	-0.4	0
chr2:13106771	10	1	10	10	1	1	1	-0.4	0
chr2:13142547	10	1	10	10	1	1	1	-0.4	0
chr2:13194055	10	1	10	10	1	1	1	-0.4	0
chr2:13247135	10	1	10	10	1	1	1	-0.4	0
chr2:13378601	10	1	10	10	1	1	1	-0.4	0
chr2:13446927	10	1	10	10	1	1	1	-0.4	0
chr2:13474962	10	1	10	10	1	1	1	-0.4	0
chr2:13532324	10	1	10	10	1	1	1	-0.4	0
chr2:13660560	10	1	10	10	1	1	1	-0.4	0
chr2:13674375	10	1	10	10	1	1	1	-0.4	0
chr2:13824600	10	1	10	10	1	1	1	-0.4	0
chr2:13875922	10	1	10	10	1	1	1	-0.4	0
chr2:14001181	10	1	10	10	1	1	1	-0.4	0
chr2:14002349	10	1	10	10	1	1	1	-0.4	0
chr2:14047353	10	1	10	10	1	1	1	-0.4	0
chr2:14065777	10	1	10	10	1	1	1	-0.4	0
chr2:14116110	10	1	10	10	1	1	1	-0.4	0
chr2:14217254	10	1	10	10	1	1	1	-0.4	0
chr2:14260692	10	1	10	10	1	1	1	-0.4	0
chr2:14262077	10	1	10	10	1	1	1	-0.4	0
chr2:14320629	10	1	10	10	1	1	1	-0.4	0
chr2:14432788	10	1	10	10	1	1	1	-0.4	0
chr2:14436026	10	1	10	10	1	1	1	-0.4	0
chr2:14542005	10	1	10	10	1	1	1	-0.4	0
chr2:14593882	10	1	10	10	1	1	1	-0.4	0
chr2:14665622	10	1	10	10	1	1	1	-0.4	0
chr2:14681935	10	1	10	10	1	1	1	-0.4	0
chr2:14753067	10	1	10	10	1	1	1	-0.4	0
chr2:14754078	10	1	10	10	1	1	1	-0.4	0
chr2:14835158	10	1	10	10	1	1	1	-0.4	0
chr2:15009721	10	1	10	10	1	1	1	-0.4	0
chr2:15062996	10	1	10	10	1	1	1	-0.4	0
chr2:15066436	10	1	10	10	1	1	1	-0.4	0
chr2:15081226	10	1	10	10	1	1	1	-0.4	0
chr2:15100141	10	1	10	10	1	1	1	-0.4	0
chr2:15119756	10	1	10	10	1	1	1	-0.4	0
chr2:15137224	10	1	10	10	1	1	1	-0.4	0
chr2:15138236	10	1	10	10	1	1	1	-0.4	0
chr2:15140259	10	1	10	10	1	1	1	-0.4	0
chr2:15152544	10	1	10	10	1	1	1	-0.4	0
chr2:15155231	10	1	10	10	1	1	1	-0.4	0
chr2:15193358	10	1	10	10	1	1	1	-0.4	0
chr2:15228890	10	1	10	10	1	1	1	-0.4	0
chr2:15257529	10	1	10	10	1	1	1	-0.4	0
chr2:15257952	10	1	10	10	1	1	1	-0.4	0
chr2:15271189	10	1	10	10	1	1	1	-0.4	0
chr2:15276161	10	1	10	10	1	1	1	-0.4	0
chr2:15284274	10	1	10	10	1	1	1	-0.4	0
chr2:15291861	10	1	10	10	1	1	1	-0.4	0
chr2:15372970	10	1	10	10	1	1	1	-0.4	0
chr2:15445232	10	1	10	10	1	1	1	-0.4	0
chr2:15475824	10	1	10	10	1	1	1	-0.4	0
chr2:15485600	10	1	10	10	1	1	1	-0.4	0
chr2:15488279	10	1	10	10	1	1	1	-0.4	0
chr2:15553471	10	1	10	10	1	1	1	-0.4	0
chr2:15598298	10	1	10	10	1	1	1	-0.4	0
chr2:15602667	10	1	10	10	1	1	1	-0.4	0
chr2:15641902	10	1	10	10	1	1	1	-0.4	0
chr2:15707252	10	1	10	10	1	1	1	-0.4	0
chr2:15721871	10	1	10	10	1	1	1	-0.4	0
chr2:15905498	10	1	10	10	1	1	1	-0.4	0
chr2:15940211	10	1	10	10	1	1	1	-0.4	0
chr2:15960954	10	1	10	10	1	1	1	-0.4	0
chr2:15967246	10	1	10	10	1	1	1	-0.4	0
chr2:15977477	10	1	10	10	1	1	1	-0.4	0
chr2:15995944	10	1	10	10	1	1	1	-0.4	0
chr2:16050462	10	1	10	10	1	1	1	-0.4	0
chr2:16050865	10	1	10	10	1	1	1	-0.4	0
chr2:16051414	10	1	10	10	1	1	1	-0.4	0
chr2:16068275	10	1	10	10	1	1	1	-0.4	0
chr2:16082400	10	1	10	10	1	1	1	-0.4	0
chr2:16090412	10	1	10	10	1	1	1	-0.4	0
chr2:16184061	10	1	10	10	1	1	1	-0.4	0
chr2:16199391	10	1	10	10	1	1	1	-0.4	0
chr2:16221513	10	1	10	10	1	1	1	-0.4	0
chr2:16290077	10	1	10	10	1	1	1	-0.4	0
chr2:16365954	10	1	10	10	1	1	1	-0.4	0
chr2:16391845	10	1	10	10	1	1	1	-0.4	0
chr2:16474015	10	1	10	10	1	1	1	-0.4	0
chr2:16553672	10	1	10	10	1	1	1	-0.4	0
chr2:16585712	10	1	10	10	1	1	1	-0.4	0
chr2:16587016	10	1	10	10	1	1	1	-0.4	0
chr2:16640258	10	1	10	10	1	1	1	-0.4	0
chr2:16689257	10	1	10	10	1	1	1	-0.4	0
chr2:16692337	10	1	10	10	1	1	1	-0.4	0
chr2:16695442	10	1	10	10	1	1	1	-0.4	0
chr2:16700928	10	1	10	10	1	1	1	-0.4	0
chr2:16706098	10	1	10	10	1	1	1	-0.4	0
chr2:16707326	10	1	10	10	1	1	1	-0.4	0
chr2:16825220	10	1	10	10	1	1	1	-0.4	0
chr2:16843579	10	1	10	10	1	1	1	-0.4	0
chr2:16883271	10	1	10	10	1	1	1	-0.4	0
chr2:16908529	10	1	10	10	1	1	1	-0.4	0
chr2:16930810	10	1	10	10	1	1	1	-0.4	0
chr2:16949146	10	1	10	10	1	1	1	-0.4	0
chr2:17099400	10	1	10	10	1	1	1	-0.4	0
chr2:17137250	10	1	10	10	1	1	1	-0.4	0
chr2:17162571	10	1	10	10	1	1	1	-0.4	0
chr2:17163726	10	1	10	10	1	1	1	-0.4	0
chr2:17177716	10	1	10	10	1	1	1	-0.4	0
chr2:17189254	10	1	10	10	1	1	1	-0.4	0
chr2:17219076	10	1	10	10	1	1	1	-0.4	0
chr2:17219744	10	1	10	10	1	1	1	-0.4	0
chr2:17220458	10	1	10	10	1	1	1	-0.4	0
chr2:17225406	10	1	10	10	1	1	1	-0.4	0
chr2:17242793	10	1	10	10	1	1	1	-0.4	0
chr2:17262385	10	1	10	10	1	1	1	-0.4	0
chr2:17269010	10	1	10	10	1	1	1	-0.4	0
chr2:17270342	10	1	10	10	1	1	1	-0.4	0
chr2:17317405	10	1	10	10	1	1	1	-0.4	0
chr2:17359910	10	1	10	10	1	1	1	-0.4	0
chr2:17368845	10	1	10	10	1	1	1	-0.4	0
chr2:17473137	10	1	10	10	1	1	1	-0.4	0
chr2:17481854	10	1	10	10	1	1	1	-0.4	0
chr2:17489628	10	1	10	10	1	1	1	-0.4	0
chr2:17489946	10	1	10	10	1	1	1	-0.4	0
chr2:17504869	10	1	10	10	1	1	1	-0.4	0
chr2:17542011	10	1	10	10	1	1	1	-0.4	0
chr2:17623123	10	1	10	10	1	1	1	-0.4	0
chr2:17627328	10	1	10	10	1	1	1	-0.4	0
chr2:17627894	10	1	10	10	1	1	1	-0.4	0
chr2:17639672	10	1	10	10	1	1	1	-0.4	0
chr2:17662649	10	1	10	10	1	1	1	-0.4	0
chr2:17667924	10	1	10	10	1	1	1	-0.4	0
chr2:17726116	10	1	10	10	1	1	1	-0.4	0
chr2:17745391	10	1	10	10	1	1	1	-0.4	0
chr2:17754373	10	1	10	10	1	1	1	-0.4	0
chr2:17796253	10	1	10	10	1	1	1	-0.4	0
chr2:17809928	10	1	10	10	1	1	1	-0.4	0
chr2:17838421	10	1	10	10	1	1	1	-0.4	0
chr2:17839761	10	1	10	10	1	1	1	-0.4	0
chr2:17840327	10	1	10	10	1	1	1	-0.4	0
chr2:17863771	10	1	10	10	1	1	1	-0.4	0
chr2:17868267	10	1	10	10	1	1	1	-0.4	0
chr2:17889434	10	1	10	10	1	1	1	-0.4	0
chr2:17906276	10	1	10	10	1	1	1	-0.4	0
chr2:17907066	10	1	10	10	1	1	1	-0.4	0
chr2:17927319	10	1	10	10	1	1	1	-0.4	0
chr2:17935839	10	1	10	10	1	1	1	-0.4	0
chr2:17991056	10	1	10	10	1	1	1	-0.4	0
chr2:17991438	10	1	10	10	1	1	1	-0.4	0
chr2:18001066	10	1	10	10	1	1	1	-0.4	0
chr2:18004183	10	1	10	10	1	1	1	-0.4	0
chr2:18005213	10	1	10	10	1	1	1	-0.4	0
chr2:18005839	10	1	10	10	1	1	1	-0.4	0
chr2:18188001	10	1	10	10	1	1	1	-0.4	0
chr2:18234484	10	1	10	10	1	1	1	-0.4	0
chr2:18238589	10	1	10	10	1	1	1	-0.4	0
chr2:18374867	10	1	10	10	1	1	1	-0.4	0
chr2:18423348	10	1	10	10	1	1	1	-0.4	0
chr2:18424762	10	1	10	10	1	1	1	-0.4	0
chr2:18441829	10	1	10	10	1	1	1	-0.4	0
chr2:18444802	10	1	10	10	1	1	1	-0.4	0
chr2:18449198	10	1	10	10	1	1	1	-0.4	0
chr2:18462330	10	1	10	10	1	1	1	-0.4	0
chr2:18483248	10	1	10	10	1	1	1	-0.4	0
chr2:18521671	10	1	10	10	1	1	1	-0.4	0
chr2:18522580	10	1	10	10	1	1	1	-0.4	0
chr2:18523598	10	1	10	10	1	1	1	-0.4	0
chr2:18536126	10	1	10	10	1	1	1	-0.4	0
chr2:18579188	10	1	10	10	1	1	1	-0.4	0
chr2:18580292	10	1	10	10	1	1	1	-0.4	0
chr2:18590603	10	1	10	10	1	1	1	-0.4	0
chr2:18620263	10	1	10	10	1	1	1	-0.4	0
chr2:18623903	10	1	10	10	1	1	1	-0.4	0
chr2:18641107	10	1	10	10	1	1	1	-0.4	0
chr2:18699239	10	1	10	10	1	1	1	-0.4	0
chr2:18724463	10	1	10	10	1	1	1	-0.4	0
chr2:18725753	10	1	10	10	1	1	1	-0.4	0
chr2:18727486	10	1	10	10	1	1	1	-0.4	0
chr2:18786551	10	1	10	10	1	1	1	-0.4	0
chr2:18790575	10	1	10	10	1	1	1	-0.4	0
chr2:18814190	10	1	10	10	1	1	1	-0.4	0
chr2:18818554	10	1	10	10	1	1	1	-0.4	0
chr2:18820111	10	1	10	10	1	1	1	-0.4	0
chr2:18820619	10	1	10	10	1	1	1	-0.4	0
chr2:18912163	10	1	10	10	1	1	1	-0.4	0
chr2:18913426	10	1	10	10	1	1	1	-0.4	0
chr2:18961958	10	1	10	10	1	1	1	-0.4	0
chr2:18965264	10	1	10	10	1	1	1	-0.4	0
chr2:18981362	10	1	10	10	1	1	1	-0.4	0
chr2:19011026	10	1	10	10	1	1	1	-0.4	0
chr2:19017683	10	1	10	10	1	1	1	-0.4	0
chr2:19018199	10	1	10	10	1	1	1	-0.4	0
chr2:19034257	10	1	10	10	1	1	1	-0.4	0
chr2:19052200	10	1	10	10	1	1	1	-0.4	0
chr2:19100454	10	1	10	10	1	1	1	-0.4	0
chr2:19131213	10	1	10	10	1	1	1	-0.4	0
chr2:19153924	10	1	10	10	1	1	1	-0.4	0
chr2:19190719	10	1	10	10	1	1	1	-0.4	0
chr2:19227472	10	1	10	10	1	1	1	-0.4	0
chr2:19232460	10	1	10	10	1	1	1	-0.4	0
chr2:19245277	10	1	10	10	1	1	1	-0.4	0
chr2:19262770	10	1	10	10	1	1	1	-0.4	0
chr2:19298975	10	1	10	10	1	1	1	-0.4	0
chr2:19309614	10	1	10	10	1	1	1	-0.4	0
chr2:19316419	10	1	10	10	1	1	1	-0.4	0
chr2:19336248	10	1	10	10	1	1	1	-0.4	0
chr2:19350881	10	1	10	10	1	1	1	-0.4	0
chr2:19362862	10	1	10	10	1	1	1	-0.4	0
chr2:19397595	10	1	10	10	1	1	1	-0.4	0
chr2:19408343	10	1	10	10	1	1	1	-0.4	0
chr2:19466218	10	1	10	10	1	1	1	-0.4	0
chr2:19468098	10	1	10	10	1	1	1	-0.4	0
chr2:19641051	10	1	10	10	1	1	1	-0.4	0
chr2:19649016	10	1	10	10	1	1	1	-0.4	0
chr3:165592	10	1	10	10	1	1	1	-0.4	0
chr3:182510	10	1	10	10	1	1	1	-0.4	0
chr3:204363	10	1	10	10	1	1	1	-0.4	0
chr3:327547	10	1	10	10	1	1	1	-0.4	0
chr3:399938	10	1	10	10	1	1	1	-0.4	0
chr3:400459	10	1	10	10	1	1	1	-0.4	0
chr3:402758	10	1	10	10	1	1	1	-0.4	0
chr3:508746	10	1	10	10	1	1	1	-0.4	0
chr3:510820	10	1	10	10	1	1	1	-0.4	0
chr3:536851	10	1	10	10	1	1	1	-0.4	0
chr3:538496	10	1	10	10	1	1	1	-0.4	0
chr3:545656	10	1	10	10	1	1	1	-0.4	0
chr3:546349	10	1	10	10	1	1	1	-0.4	0
chr3:640284	10	1	10	10	1	1	1	-0.4	0
chr3:731661	10	1	10	10	1	1	1	-0.4	0
chr3:815636	10	1	10	10	1	1	1	-0.4	0
chr3:877533	10	1	10	10	1	1	1	-0.4	0
chr3:980611	10	1	10	10	1	1	1	-0.4	0
chr3:982752	10	1	10	10	1	1	1	-0.4	0
chr3:1039796	10	1	10	10	1	1	1	-0.4	0
chr3:1065864	10	1	10	10	1	1	1	-0.4	0
chr3:1161284	10	1	10	10	1	1	1	-0.4	0
chr3:1175380	10	1	10	10	1	1	1	-0.4	0
chr3:1192275	10	1	10	10	1	1	1	-0.4	0
chr3:1192747	10	1	10	10	1	1	1	-0.4	0
chr3:1288567	10	1	10	10	1	1	1	-0.4	0
chr3:1290553	10	1	10	10	1	1	1	-0.4	0
chr3:1291216	10	1	10	10	1	1	1	-0.4	0
chr3:1292138	10	1	10	10	1	1	1	-0.4	0
chr3:1359978	10	1	10	10	1	1	1	-0.4	0
chr3:1365036	10	1	10	10	1	1	1	-0.4	0
chr3:1462854	10	1	10	10	1	1	1	-0.4	0
chr3:1477260	10	1	10	10	1	1	1	-0.4	0
chr3:1490607	10	1	10	10	1	1	1	-0.4	0
chr3:1516555	10	1	10	10	1	1	1	-0.4	0
chr3:1593338	10	1	10	10	1	1	1	-0.4	0
chr3:1612342	10	1	10	10	1	1	1	-0.4	0
chr3:1644385	10	1	10	10	1	1	1	-0.4	0
chr3:1679256	10	1	10	10	1	1	1	-0.4	0
chr3:1728119	10	1	10	10	1	1	1	-0.4	0
chr3:1739141	10	1	10	10	1	1	1	-0.4	0
chr3:1759590	10	1	10	10	1	1	1	-0.4	0
chr3:1760317	10	1	10	10	1	1	1	-0.4	0
chr3:1767581	10	1	10	10	1	1	1	-0.4	0
chr3:1775384	10	1	10	10	1	1	1	-0.4	0
chr3:1817249	10	1	10	10	1	1	1	-0.4	0
chr3:1830807	10	1	10	10	1	1	1	-0.4	0
chr3:1970915	10	1	10	10	1	1	1	-0.4	0
chr3:1994565	10	1	10	10	1	1	1	-0.4	0
chr3:2011704	10	1	10	10	1	1	1	-0.4	0
chr3:2015942	10	1	10	10	1	1	1	-0.4	0
chr3:2053897	10	1	10	10	1	1	1	-0.4	0
chr3:2113669	10	1	10	10	1	1	1	-0.4	0
chr3:2127751	10	1	10	10	1	1	1	-0.4	0
chr3:2128698	10	1	10	10	1	1	1	-0.4	0
chr3:2132971	10	1	10	10	1	1	1	-0.4	0
chr3:2138246	10	1	10	10	1	1	1	-0.4	0
chr3:2167657	10	1	10	10	1	1	1	-0.4	0
chr3:2169625	10	1	10	10	1	1	1	-0.4	0
chr3:2177485	10	1	10	10	1	1	1	-0.4	0
chr3:2212668	10	1	10	10	1	1	1	-0.4	0
chr3:2331007	10	1	10	10	1	1	1	-0.4	0
chr3:2332285	10	1	10	10	1	1	1	-0.4	0
chr3:2349068	10	1	10	10	1	1	1	-0.4	0
chr3:2366435	10	1	10	10	1	1	1	-0.4	0
chr3:2562898	10	1	10	10	1	1	1	-0.4	0
chr3:2620746	10	1	10	10	1	1	1	-0.4	0
chr3:2622797	10	1	10	10	1	1	1	-0.4	0
chr3:2651029	10	1	10	10	1	1	1	-0.4	0
chr3:2661057	10	1	10	10	1	1	1	-0.4	0
chr3:2662084	10	1	10	10	1	1	1	-0.4	0
chr3:2704209	10	1	10	10	1	1	1	-0.4	0
chr3:2902895	10	1	10	10	1	1	1	-0.4	0
chr3:2940238	10	1	10	10	1	1	1	-0.4	0
chr3:3018059	10	1	10	10	1	1	1	-0.4	0
chr3:3047302	10	1	10	10	1	1	1	-0.4	0
chr3:3066920	10	1	10	10	1	1	1	-0.4	0
chr3:3356171	10	1	10	10	1	1	1	-0.4	0
chr3:3357692	10	1	10	10	1	1	1	-0.4	0
chr3:3443189	10	1	10	10	1	1	1	-0.4	0
chr3:3555708	10	1	10	10	1	1	1	-0.4	0
chr3:3582967	10	1	10	10	1	1	1	-0.4	0
chr3:3585992	10	1	10	10	1	1	1	-0.4	0
chr3:3620922	10	1	10	10	1	1	1	-0.4	0
chr3:3660939	10	1	10	10	1	1	1	-0.4	0
chr3:3758334	10	1	10	10	1	1	1	-0.4	0
chr3:3863065	10	1	10	10	1	1	1	-0.4	0
chr3:3863692	10	1	10	10	1	1	1	-0.4	0
chr3:3899074	10	1	10	10	1	1	1	-0.4	0
chr3:3919284	10	1	10	10	1	1	1	-0.4	0
chr3:3923420	10	1	10	10	1	1	1	-0.4	0
chr3:3985824	10	1	10	10	1	1	1	-0.4	0
chr3:4006653	10	1	10	10	1	1	1	-0.4	0
chr3:4012461	10	1	10	10	1	1	1	-0.4	0
chr3:4013361	10	1	10	10	1	1	1	-0.4	0
chr3:4024852	10	1	10	10	1	1	1	-0.4	0
chr3:4035689	10	1	10	10	1	1	1	-0.4	0
chr3:4039676	10	1	10	10	1	1	1	-0.4	0
chr3:4042749	10	1	10	10	1	1	1	-0.4	0
chr3:4049440	10	1	10	10	1	1	1	-0.4	0
chr3:4077966	10	1	10	10	1	1	1	-0.4	0
chr3:4119604	10	1	10	10	1	1	1	-0.4	0
chr3:4120280	10	1	10	10	1	1	1	-0.4	0
chr3:4120634	10	1	10	10	1	1	1	-0.4	0
chr3:4123548	10	1	10	10	1	1	1	-0.4	0
chr3:4124391	10	1	10	10	1	1	1	-0.4	0
chr3:4162302	10	1	10	10	1	1	1	-0.4	0
chr3:4175384	10	1	10	10	1	1	1	-0.4	0
chr3:4311870	10	1	10	10	1	1	1	-0.4	0
chr3:4344210	10	1	10	10	1	1	1	-0.4	0
chr3:4395065	10	1	10	10	1	1	1	-0.4	0
chr3:4402801	10	1	10	10	1	1	1	-0.4	0
chr3:4410018	10	1	10	10	1	1	1	-0.4	0
chr3:4441902	10	1	10	10	1	1	1	-0.4	0
chr3:4496235	10	1	10	10	1	1	1	-0.4	0
chr3:4498101	10	1	10	10	1	1	1	-0.4	0
chr3:4508027	10	1	10	10	1	1	1	-0.4	0
chr3:4511261	10	1	10	10	1	1	1	-0.4	0
chr3:4532309	10	1	10	10	1	1	1	-0.4	0
chr3:4541727	10	1	10	10	1	1	1	-0.4	0
chr3:4616495	10	1	10	10	1	1	1	-0.4	0
chr3:4616962	10	1	10	10	1	1	1	-0.4	0
chr3:4655999	10	1	10	10	1	1	1	-0.4	0
chr3:4660945	10	1	10	10	1	1	1	-0.4	0
chr3:4672691	10	1	10	10	1	1	1	-0.4	0
chr3:4723898	10	1	10	10	1	1	1	-0.4	0
chr3:4738731	10	1	10	10	1	1	1	-0.4	0
chr3:4741227	10	1	10	10	1	1	1	-0.4	0
chr3:4797831	10	1	10	10	1	1	1	-0.4	0
chr3:4798494	10	1	10	10	1	1	1	-0.4	0
chr3:4826842	10	1	10	10	1	1	1	-0.4	0
chr3:4839040	10	1	10	10	1	1	1	-0.4	0
chr3:4840380	10	1	10	10	1	1	1	-0.4	0
chr3:4888260	10	1	10	10	1	1	1	-0.4	0
chr3:4933044	10	1	10	10	1	1	1	-0.4	0
chr3:4975948	10	1	10	10	1	1	1	-0.4	0
chr3:4987936	10	1	10	10	1	1	1	-0.4	0
chr3:5008006	10	1	10	10	1	1	1	-0.4	0
chr3:5023552	10	1	10	10	1	1	1	-0.4	0
chr3:5081629	10	1	10	10	1	1	1	-0.4	0
chr3:5088019	10	1	10	10	1	1	1	-0.4	0
chr3:5119844	10	1	10	10	1	1	1	-0.4	0
chr3:5122779	10	1	10	10	1	1	1	-0.4	0
chr3:5123786	10	1	10	10	1	1	1	-0.4	0
chr3:5124720	10	1	10	10	1	1	1	-0.4	0
chr3:5125494	10	1	10	10	1	1	1	-0.4	0
chr3:5189684	10	1	10	10	1	1	1	-0.4	0
chr3:5234517	10	1	10	10	1	1	1	-0.4	0
chr3:5236776	10	1	10	10	1	1	1	-0.4	0
chr3:5263858	10	1	10	10	1	1	1	-0.4	0
chr3:5349349	10	1	10	10	1	1	1	-0.4	0
chr3:5351732	10	1	10	10	1	1	1	-0.4	0
chr3:5372232	10	1	10	10	1	1	1	-0.4	0
chr3:5483511	10	1	10	10	1	1	1	-0.4	0
chr3:5504790	10	1	10	10	1	1	1	-0.4	0
chr3:5506618	10	1	10	10	1	1	1	-0.4	0
chr3:5556704	10	1	10	10	1	1	1	-0.4	0
chr3:5566395	10	1	10	10	1	1	1	-0.4	0
chr3:5615218	10	1	10	10	1	1	1	-0.4	0
chr3:5617697	10	1	10	10	1	1	1	-0.4	0
chr3:5645636	10	1	10	10	1	1	1	-0.4	0
chr3:5646289	10	1	10	10	1	1	1	-0.4	0
chr3:5686577	10	1	10	10	1	1	1	-0.4	0
chr3:5693421	10	1	10	10	1	1	1	-0.4	0
chr3:5708628	10	1	10	10	1	1	1	-0.4	0
chr3:5731066	10	1	10	10	1	1	1	-0.4	0
chr3:5747432	10	1	10	10	1	1	1	-0.4	0
chr3:5833206	10	1	10	10	1	1	1	-0.4	0
chr3:5834395	10	1	10	10	1	1	1	-0.4	0
chr3:5834934	10	1	10	10	1	1	1	-0.4	0
chr3:5843795	10	1	10	10	1	1	1	-0.4	0
chr3:5952800	10	1	10	10	1	1	1	-0.4	0
chr3:5954167	10	1	10	10	1	1	1	-0.4	0
chr3:5991478	10	1	10	10	1	1	1	-0.4	0
chr3:5999936	10	1	10	10	1	1	1	-0.4	0
chr3:6099913	10	1	10	10	1	1	1	-0.4	0
chr3:6119470	10	1	10	10	1	1	1	-0.4	0
chr3:6174048	10	1	10	10	1	1	1	-0.4	0
chr3:6182914	10	1	10	10	1	1	1	-0.4	0
chr3:6253726	10	1	10	10	1	1	1	-0.4	0
chr3:6430521	10	1	10	10	1	1	1	-0.4	0
chr3:6435848	10	1	10	10	1	1	1	-0.4	0
chr3:6467632	10	1	10	10	1	1	1	-0.4	0
chr3:6491385	10	1	10	10	1	1	1	-0.4	0
chr3:6564631	10	1	10	10	1	1	1	-0.4	0
chr3:6651503	10	1	10	10	1	1	1	-0.4	0
chr3:6678795	10	1	10	10	1	1	1	-0.4	0
chr3:6720089	10	1	10	10	1	1	1	-0.4	0
chr3:6780441	10	1	10	10	1	1	1	-0.4	0
chr3:6783403	10	1	10	10	1	1	1	-0.4	0
chr3:6803023	10	1	10	10	1	1	1	-0.4	0
chr3:6839137	10	1	10	10	1	1	1	-0.4	0
chr3:6840180	10	1	10	10	1	1	1	-0.4	0
chr3:6842006	10	1	10	10	1	1	1	-0.4	0
chr3:6948045	10	1	10	10	1	1	1	-0.4	0
chr3:7063511	10	1	10	10	1	1	1	-0.4	0
chr3:7086274	10	1	10	10	1	1	1	-0.4	0
chr3:7093631	10	1	10	10	1	1	1	-0.4	0
chr3:7104427	10	1	10	10	1	1	1	-0.4	0
chr3:7113936	10	1	10	10	1	1	1	-0.4	0
chr3:7214105	10	1	10	10	1	1	1	-0.4	0
chr3:7282670	10	1	10	10	1	1	1	-0.4	0
chr3:7285057	10	1	10	10	1	1	1	-0.4	0
chr3:7287810	10	1	10	10	1	1	1	-0.4	0
chr3:7397425	10	1	10	10	1	1	1	-0.4	0
chr3:7503390	10	1	10	10	1	1	1	-0.4	0
chr3:7615447	10	1	10	10	1	1	1	-0.4	0
chr3:7643589	10	1	10	10	1	1	1	-0.4	0
chr3:7835106	10	1	10	10	1	1	1	-0.4	0
chr3:7919772	10	1	10	10	1	1	1	-0.4	0
chr3:7988568	10	1	10	10	1	1	1	-0.4	0
chr3:7989064	10	1	10	10	1	1	1	-0.4	0
chr3:8156736	10	1	10	10	1	1	1	-0.4	0
chr3:8182002	10	1	10	10	1	1	1	-0.4	0
chr3:8182917	10	1	10	10	1	1	1	-0.4	0
chr3:8186098	10	1	10	10	1	1	1	-0.4	0
chr3:8186896	10	1	10	10	1	1	1	-0.4	0
chr3:8194668	10	1	10	10	1	1	1	-0.4	0
chr3:8196384	10	1	10	10	1	1	1	-0.4	0
chr3:8196908	10	1	10	10	1	1	1	-0.4	0
chr3:8209275	10	1	10	10	1	1	1	-0.4	0
chr3:8213992	10	1	10	10	1	1	1	-0.4	0
chr3:8268768	10	1	10	10	1	1	1	-0.4	0
chr3:8287438	10	1	10	10	1	1	1	-0.4	0
chr3:8404654	10	1	10	10	1	1	1	-0.4	0
chr3:8482732	10	1	10	10	1	1	1	-0.4	0
chr3:8490994	10	1	10	10	1	1	1	-0.4	0
chr3:8498856	10	1	10	10	1	1	1	-0.4	0
chr3:8499972	10	1	10	10	1	1	1	-0.4	0
chr3:8500610	10	1	10	10	1	1	1	-0.4	0
chr3:8531150	10	1	10	10	1	1	1	-0.4	0
chr3:8604268	10	1	10	10	1	1	1	-0.4	0
chr3:8604783	10	1	10	10	1	1	1	-0.4	0
chr3:8623261	10	1	10	10	1	1	1	-0.4	0
chr3:8640360	10	1	10	10	1	1	1	-0.4	0
chr3:8641467	10	1	10	10	1	1	1	-0.4	0
chr3:8686714	10	1	10	10	1	1	1	-0.4	0
chr3:8708284	10	1	10	10	1	1	1	-0.4	0
chr3:8908651	10	1	10	10	1	1	1	-0.4	0
chr3:8958164	10	1	10	10	1	1	1	-0.4	0
chr3:9195170	10	1	10	10	1	1	1	-0.4	0
chr3:9213662	10	1	10	10	1	1	1	-0.4	0
chr3:9254996	10	1	10	10	1	1	1	-0.4	0
chr3:9258963	10	1	10	10	1	1	1	-0.4	0
chr3:9315775	10	1	10	10	1	1	1	-0.4	0
chr3:9363748	10	1	10	10	1	1	1	-0.4	0
chr3:9376221	10	1	10	10	1	1	1	-0.4	0
chr3:9381680	10	1	10	10	1	1	1	-0.4	0
chr3:9396005	10	1	10	10	1	1	1	-0.4	0
chr3:9591792	10	1	10	10	1	1	1	-0.4	0
chr3:9681624	10	1	10	10	1	1	1	-0.4	0
chr3:9711593	10	1	10	10	1	1	1	-0.4	0
chr3:9711969	10	1	10	10	1	1	1	-0.4	0
chr3:9714097	10	1	10	10	1	1	1	-0.4	0
chr3:9723023	10	1	10	10	1	1	1	-0.4	0
chr3:9723683	10	1	10	10	1	1	1	-0.4	0
chr3:9739394	10	1	10	10	1	1	1	-0.4	0
chr3:9823573	10	1	10	10	1	1	1	-0.4	0
chr3:9869971	10	1	10	10	1	1	1	-0.4	0
chr3:9886137	10	1	10	10	1	1	1	-0.4	0
chr3:9930257	10	1	10	10	1	1	1	-0.4	0
chr3:10024018	10	1	10	10	1	1	1	-0.4	0
chr3:10063097	10	1	10	10	1	1	1	-0.4	0
chr3:10137753	10	1	10	10	1	1	1	-0.4	0
chr3:10192103	10	1	10	10	1	1	1	-0.4	0
chr3:10221152	10	1	10	10	1	1	1	-0.4	0
chr3:10309574	10	1	10	10	1	1	1	-0.4	0
chr3:10384168	10	1	10	10	1	1	1	-0.4	0
chr3:10384627	10	1	10	10	1	1	1	-0.4	0
chr3:10589679	10	1	10	10	1	1	1	-0.4	0
chr3:10662949	10	1	10	10	1	1	1	-0.4	0
chr3:10737769	10	1	10	10	1	1	1	-0.4	0
chr3:10787954	10	1	10	10	1	1	1	-0.4	0
chr3:10880983	10	1	10	10	1	1	1	-0.4	0
chr3:10908909	10	1	10	10	1	1	1	-0.4	0
chr3:10910880	10	1	10	10	1	1	1	-0.4	0
chr3:10912558	10	1	10	10	1	1	1	-0.4	0
chr3:11191680	10	1	10	10	1	1	1	-0.4	0
chr3:11276910	10	1	10	10	1	1	1	-0.4	0
chr3:11278000	10	1	10	10	1	1	1	-0.4	0
chr3:11278474	10	1	10	10	1	1	1	-0.4	0
chr3:11384155	10	1	10	10	1	1	1	-0.4	0
chr3:11790586	10	1	10	10	1	1	1	-0.4	0
chr3:11798841	10	1	10	10	1	1	1	-0.4	0
chr3:11802265	10	1	10	10	1	1	1	-0.4	0
chr3:12168119	10	1	10	10	1	1	1	-0.4	0
chr3:12454012	10	1	10	10	1	1	1	-0.4	0
chr3:12457196	10	1	10	10	1	1	1	-0.4	0
chr3:13587691	10	1	10	10	1	1	1	-0.4	0
chr3:13589346	10	1	10	10	1	1	1	-0.4	0
chr3:13591663	10	1	10	10	1	1	1	-0.4	0
chr3:14196051	10	1	10	10	1	1	1	-0.4	0
chr3:14196613	10	1	10	10	1	1	1	-0.4	0
chr3:14197398	10	1	10	10	1	1	1	-0.4	0
chr3:14199655	10	1	10	10	1	1	1	-0.4	0
chr3:14200076	10	1	10	10	1	1	1	-0.4	0
chr3:14201585	10	1	10	10	1	1	1	-0.4	0
chr3:14202117	10	1	10	10	1	1	1	-0.4	0
chr3:15952654	10	1	10	10	1	1	1	-0.4	0
chr3:16011169	10	1	10	10	1	1	1	-0.4	0
chr3:16187031	10	1	10	10	1	1	1	-0.4	0
chr3:16481888	10	1	10	10	1	1	1	-0.4	0
chr3:16485090	10	1	10	10	1	1	1	-0.4	0
chr3:16525212	10	1	10	10	1	1	1	-0.4	0
chr3:16759022	10	1	10	10	1	1	1	-0.4	0
chr3:16815293	10	1	10	10	1	1	1	-0.4	0
chr3:16817636	10	1	10	10	1	1	1	-0.4	0
chr3:17009262	10	1	10	10	1	1	1	-0.4	0
chr3:17159521	10	1	10	10	1	1	1	-0.4	0
chr3:17178222	10	1	10	10	1	1	1	-0.4	0
chr3:17179148	10	1	10	10	1	1	1	-0.4	0
chr3:17179887	10	1	10	10	1	1	1	-0.4	0
chr3:17182661	10	1	10	10	1	1	1	-0.4	0
chr3:17248858	10	1	10	10	1	1	1	-0.4	0
chr3:17362171	10	1	10	10	1	1	1	-0.4	0
chr3:17384003	10	1	10	10	1	1	1	-0.4	0
chr3:17387822	10	1	10	10	1	1	1	-0.4	0
chr3:17395523	10	1	10	10	1	1	1	-0.4	0
chr3:17478591	10	1	10	10	1	1	1	-0.4	0
chr3:17541513	10	1	10	10	1	1	1	-0.4	0
chr3:17551974	10	1	10	10	1	1	1	-0.4	0
chr3:17558162	10	1	10	10	1	1	1	-0.4	0
chr3:17561814	10	1	10	10	1	1	1	-0.4	0
chr3:17567224	10	1	10	10	1	1	1	-0.4	0
chr3:17646182	10	1	10	10	1	1	1	-0.4	0
chr3:17691000	10	1	10	10	1	1	1	-0.4	0
chr3:17739664	10	1	10	10	1	1	1	-0.4	0
chr3:17759450	10	1	10	10	1	1	1	-0.4	0
chr3:17868308	10	1	10	10	1	1	1	-0.4	0
chr3:17910375	10	1	10	10	1	1	1	-0.4	0
chr3:17947118	10	1	10	10	1	1	1	-0.4	0
chr3:17997710	10	1	10	10	1	1	1	-0.4	0
chr3:18038053	10	1	10	10	1	1	1	-0.4	0
chr3:18158684	10	1	10	10	1	1	1	-0.4	0
chr3:18251533	10	1	10	10	1	1	1	-0.4	0
chr3:18252411	10	1	10	10	1	1	1	-0.4	0
chr3:18254081	10	1	10	10	1	1	1	-0.4	0
chr3:18297102	10	1	10	10	1	1	1	-0.4	0
chr3:18373212	10	1	10	10	1	1	1	-0.4	0
chr3:18469815	10	1	10	10	1	1	1	-0.4	0
chr3:18477030	10	1	10	10	1	1	1	-0.4	0
chr3:18477633	10	1	10	10	1	1	1	-0.4	0
chr3:18478480	10	1	10	10	1	1	1	-0.4	0
chr3:18499177	10	1	10	10	1	1	1	-0.4	0
chr3:18514289	10	1	10	10	1	1	1	-0.4	0
chr3:18515215	10	1	10	10	1	1	1	-0.4	0
chr3:18516399	10	1	10	10	1	1	1	-0.4	0
chr3:18529970	10	1	10	10	1	1	1	-0.4	0
chr3:18559460	10	1	10	10	1	1	1	-0.4	0
chr3:18561705	10	1	10	10	1	1	1	-0.4	0
chr3:18563329	10	1	10	10	1	1	1	-0.4	0
chr3:18594890	10	1	10	10	1	1	1	-0.4	0
chr3:18664997	10	1	10	10	1	1	1	-0.4	0
chr3:18673158	10	1	10	10	1	1	1	-0.4	0
chr3:18798872	10	1	10	10	1	1	1	-0.4	0
chr3:18809740	10	1	10	10	1	1	1	-0.4	0
chr3:18814904	10	1	10	10	1	1	1	-0.4	0
chr3:18817859	10	1	10	10	1	1	1	-0.4	0
chr3:18821049	10	1	10	10	1	1	1	-0.4	0
chr3:18821998	10	1	10	10	1	1	1	-0.4	0
chr3:18824282	10	1	10	10	1	1	1	-0.4	0
chr3:18837485	10	1	10	10	1	1	1	-0.4	0
chr3:18863763	10	1	10	10	1	1	1	-0.4	0
chr3:18877802	10	1	10	10	1	1	1	-0.4	0
chr3:18882121	10	1	10	10	1	1	1	-0.4	0
chr3:18883353	10	1	10	10	1	1	1	-0.4	0
chr3:18906233	10	1	10	10	1	1	1	-0.4	0
chr3:18960624	10	1	10	10	1	1	1	-0.4	0
chr3:19001786	10	1	10	10	1	1	1	-0.4	0
chr3:19068947	10	1	10	10	1	1	1	-0.4	0
chr3:19079522	10	1	10	10	1	1	1	-0.4	0
chr3:19081111	10	1	10	10	1	1	1	-0.4	0
chr3:19082346	10	1	10	10	1	1	1	-0.4	0
chr3:19168393	10	1	10	10	1	1	1	-0.4	0
chr3:19182063	10	1	10	10	1	1	1	-0.4	0
chr3:19251053	10	1	10	10	1	1	1	-0.4	0
chr3:19261220	10	1	10	10	1	1	1	-0.4	0
chr3:19276481	10	1	10	10	1	1	1	-0.4	0
chr3:19281414	10	1	10	10	1	1	1	-0.4	0
chr3:19282412	10	1	10	10	1	1	1	-0.4	0
chr3:19312262	10	1	10	10	1	1	1	-0.4	0
chr3:19353675	10	1	10	10	1	1	1	-0.4	0
chr3:19413805	10	1	10	10	1	1	1	-0.4	0
chr3:19415056	10	1	10	10	1	1	1	-0.4	0
chr3:19436501	10	1	10	10	1	1	1	-0.4	0
chr3:19442664	10	1	10	10	1	1	1	-0.4	0
chr3:19449145	10	1	10	10	1	1	1	-0.4	0
chr3:19451222	10	1	10	10	1	1	1	-0.4	0
chr3:19533699	10	1	10	10	1	1	1	-0.4	0
chr3:19728176	10	1	10	10	1	1	1	-0.4	0
chr3:19740636	10	1	10	10	1	1	1	-0.4	0
chr3:19742011	10	1	10	10	1	1	1	-0.4	0
chr3:19742614	10	1	10	10	1	1	1	-0.4	0
chr3:19803684	10	1	10	10	1	1	1	-0.4	0
chr3:19807287	10	1	10	10	1	1	1	-0.4	0
chr3:19996322	10	1	10	10	1	1	1	-0.4	0
chr3:20117170	10	1	10	10	1	1	1	-0.4	0
chr3:20274135	10	1	10	10	1	1	1	-0.4	0
chr3:20293303	10	1	10	10	1	1	1	-0.4	0
chr3:20346725	10	1	10	10	1	1	1	-0.4	0
chr3:20347828	10	1	10	10	1	1	1	-0.4	0
chr3:20358017	10	1	10	10	1	1	1	-0.4	0
chr3:20378256	10	1	10	10	1	1	1	-0.4	0
chr3:20378993	10	1	10	10	1	1	1	-0.4	0
chr3:20459507	10	1	10	10	1	1	1	-0.4	0
chr3:20565927	10	1	10	10	1	1	1	-0.4	0
chr3:20630092	10	1	10	10	1	1	1	-0.4	0
chr3:20688495	10	1	10	10	1	1	1	-0.4	0
chr3:20690491	10	1	10	10	1	1	1	-0.4	0
chr3:20765053	10	1	10	10	1	1	1	-0.4	0
chr3:20779129	10	1	10	10	1	1	1	-0.4	0
chr3:20786069	10	1	10	10	1	1	1	-0.4	0
chr3:20791925	10	1	10	10	1	1	1	-0.4	0
chr3:20819645	10	1	10	10	1	1	1	-0.4	0
chr3:20872625	10	1	10	10	1	1	1	-0.4	0
chr3:20896950	10	1	10	10	1	1	1	-0.4	0
chr3:21059727	10	1	10	10	1	1	1	-0.4	0
chr3:21061324	10	1	10	10	1	1	1	-0.4	0
chr3:21062028	10	1	10	10	1	1	1	-0.4	0
chr3:21095413	10	1	10	10	1	1	1	-0.4	0
chr3:21109012	10	1	10	10	1	1	1	-0.4	0
chr3:21144746	10	1	10	10	1	1	1	-0.4	0
chr3:21237042	10	1	10	10	1	1	1	-0.4	0
chr3:21261946	10	1	10	10	1	1	1	-0.4	0
chr3:21262730	10	1	10	10	1	1	1	-0.4	0
chr3:21309912	10	1	10	10	1	1	1	-0.4	0
chr3:21409710	10	1	10	10	1	1	1	-0.4	0
chr3:21412063	10	1	10	10	1	1	1	-0.4	0
chr3:21428429	10	1	10	10	1	1	1	-0.4	0
chr3:21430318	10	1	10	10	1	1	1	-0.4	0
chr3:21434748	10	1	10	10	1	1	1	-0.4	0
chr3:21523504	10	1	10	10	1	1	1	-0.4	0
chr3:21554091	10	1	10	10	1	1	1	-0.4	0
chr3:21554870	10	1	10	10	1	1	1	-0.4	0
chr3:21675454	10	1	10	10	1	1	1	-0.4	0
chr3:21678953	10	1	10	10	1	1	1	-0.4	0
chr3:21761305	10	1	10	10	1	1	1	-0.4	0
chr3:21763140	10	1	10	10	1	1	1	-0.4	0
chr3:21828218	10	1	10	10	1	1	1	-0.4	0
chr3:21830613	10	1	10	10	1	1	1	-0.4	0
chr3:21831281	10	1	10	10	1	1	1	-0.4	0
chr3:21860458	10	1	10	10	1	1	1	-0.4	0
chr3:21932651	10	1	10	10	1	1	1	-0.4	0
chr3:22078298	10	1	10	10	1	1	1	-0.4	0
chr3:22129051	10	1	10	10	1	1	1	-0.4	0
chr3:22129453	10	1	10	10	1	1	1	-0.4	0
chr3:22143659	10	1	10	10	1	1	1	-0.4	0
chr3:22169743	10	1	10	10	1	1	1	-0.4	0
chr3:22186414	10	1	10	10	1	1	1	-0.4	0
chr3:22189926	10	1	10	10	1	1	1	-0.4	0
chr3:22231491	10	1	10	10	1	1	1	-0.4	0
chr3:22248716	10	1	10	10	1	1	1	-0.4	0
chr3:22249249	10	1	10	10	1	1	1	-0.4	0
chr3:22257222	10	1	10	10	1	1	1	-0.4	0
chr3:22320171	10	1	10	10	1	1	1	-0.4	0
chr3:22322626	10	1	10	10	1	1	1	-0.4	0
chr3:22323218	10	1	10	10	1	1	1	-0.4	0
chr3:22326219	10	1	10	10	1	1	1	-0.4	0
chr3:22327148	10	1	10	10	1	1	1	-0.4	0
chr3:22328134	10	1	10	10	1	1	1	-0.4	0
chr3:22362706	10	1	10	10	1	1	1	-0.4	0
chr3:22368929	10	1	10	10	1	1	1	-0.4	0
chr3:22371172	10	1	10	10	1	1	1	-0.4	0
chr3:22373931	10	1	10	10	1	1	1	-0.4	0
chr3:22378646	10	1	10	10	1	1	1	-0.4	0
chr3:22417398	10	1	10	10	1	1	1	-0.4	0
chr3:22418314	10	1	10	10	1	1	1	-0.4	0
chr3:22432319	10	1	10	10	1	1	1	-0.4	0
chr3:22433972	10	1	10	10	1	1	1	-0.4	0
chr3:22434710	10	1	10	10	1	1	1	-0.4	0
chr3:22492325	10	1	10	10	1	1	1	-0.4	0
chr3:22732336	10	1	10	10	1	1	1	-0.4	0
chr3:22735741	10	1	10	10	1	1	1	-0.4	0
chr3:22742530	10	1	10	10	1	1	1	-0.4	0
chr3:22743614	10	1	10	10	1	1	1	-0.4	0
chr3:22744611	10	1	10	10	1	1	1	-0.4	0
chr3:22785996	10	1	10	10	1	1	1	-0.4	0
chr3:22878722	10	1	10	10	1	1	1	-0.4	0
chr3:22879571	10	1	10	10	1	1	1	-0.4	0
chr3:22902982	10	1	10	10	1	1	1	-0.4	0
chr3:22948014	10	1	10	10	1	1	1	-0.4	0
chr3:22951486	10	1	10	10	1	1	1	-0.4	0
chr3:22991242	10	1	10	10	1	1	1	-0.4	0
chr3:23097784	10	1	10	10	1	1	1	-0.4	0
chr3:23142550	10	1	10	10	1	1	1	-0.4	0
chr3:23162993	10	1	10	10	1	1	1	-0.4	0
chr3:23167831	10	1	10	10	1	1	1	-0.4	0
chr3:23168381	10	1	10	10	1	1	1	-0.4	0
chr3:23173126	10	1	10	10	1	1	1	-0.4	0
chr3:23175685	10	1	10	10	1	1	1	-0.4	0
chr3:23233805	10	1	10	10	1	1	1	-0.4	0
chr3:23241033	10	1	10	10	1	1	1	-0.4	0
chr3:23276686	10	1	10	10	1	1	1	-0.4	0
chr3:23287663	10	1	10	10	1	1	1	-0.4	0
chr3:23288106	10	1	10	10	1	1	1	-0.4	0
chr3:23289098	10	1	10	10	1	1	1	-0.4	0
chr3:23292416	10	1	10	10	1	1	1	-0.4	0
chr3:23345255	10	1	10	10	1	1	1	-0.4	0
chr3:23347872	10	1	10	10	1	1	1	-0.4	0
chr3:23352314	10	1	10	10	1	1	1	-0.4	0
chr3:23423066	10	1	10	10	1	1	1	-0.4	0
chr3:23430003	10	1	10	10	1	1	1	-0.4	0
chr3:23450297	10	1	10	10	1	1	1	-0.4	0
chr3:23451287	10	1	10	10	1	1	1	-0.4	0
chr4:161968	10	1	10	10	1	1	1	-0.4	0
chr4:162610	10	1	10	10	1	1	1	-0.4	0
chr4:163593	10	1	10	10	1	1	1	-0.4	0
chr4:221088	10	1	10	10	1	1	1	-0.4	0
chr4:297451	10	1	10	10	1	1	1	-0.4	0
chr4:299317	10	1	10	10	1	1	1	-0.4	0
chr4:331947	10	1	10	10	1	1	1	-0.4	0
chr4:446966	10	1	10	10	1	1	1	-0.4	0
chr4:463959	10	1	10	10	1	1	1	-0.4	0
chr4:485024	10	1	10	10	1	1	1	-0.4	0
chr4:525350	10	1	10	10	1	1	1	-0.4	0
chr4:526574	10	1	10	10	1	1	1	-0.4	0
chr4:550378	10	1	10	10	1	1	1	-0.4	0
chr4:550876	10	1	10	10	1	1	1	-0.4	0
chr4:659538	10	1	10	10	1	1	1	-0.4	0
chr4:722103	10	1	10	10	1	1	1	-0.4	0
chr4:728073	10	1	10	10	1	1	1	-0.4	0
chr4:744112	10	1	10	10	1	1	1	-0.4	0
chr4:810591	10	1	10	10	1	1	1	-0.4	0
chr4:843763	10	1	10	10	1	1	1	-0.4	0
chr4:1041440	10	1	10	10	1	1	1	-0.4	0
chr4:1046627	10	1	10	10	1	1	1	-0.4	0
chr4:1117060	10	1	10	10	1	1	1	-0.4	0
chr4:1118739	10	1	10	10	1	1	1	-0.4	0
chr4:1120179	10	1	10	10	1	1	1	-0.4	0
chr4:1198219	10	1	10	10	1	1	1	-0.4	0
chr4:1203882	10	1	10	10	1	1	1	-0.4	0
chr4:1286607	10	1	10	10	1	1	1	-0.4	0
chr4:1340148	10	1	10	10	1	1	1	-0.4	0
chr4:1391698	10	1	10	10	1	1	1	-0.4	0
chr4:1415228	10	1	10	10	1	1	1	-0.4	0
chr4:1500233	10	1	10	10	1	1	1	-0.4	0
chr4:1514849	10	1	10	10	1	1	1	-0.4	0
chr4:1561501	10	1	10	10	1	1	1	-0.4	0
chr4:2119454	10	1	10	10	1	1	1	-0.4	0
chr4:2415696	10	1	10	10	1	1	1	-0.4	0
chr4:2497879	10	1	10	10	1	1	1	-0.4	0
chr4:2620614	10	1	10	10	1	1	1	-0.4	0
chr4:2717892	10	1	10	10	1	1	1	-0.4	0
chr4:2719263	10	1	10	10	1	1	1	-0.4	0
chr4:2720072	10	1	10	10	1	1	1	-0.4	0
chr4:3054335	10	1	10	10	1	1	1	-0.4	0
chr4:3950923	10	1	10	10	1	1	1	-0.4	0
chr4:3952965	10	1	10	10	1	1	1	-0.4	0
chr4:3953560	10	1	10	10	1	1	1	-0.4	0
chr4:3954735	10	1	10	10	1	1	1	-0.4	0
chr4:3955311	10	1	10	10	1	1	1	-0.4	0
chr4:3966556	10	1	10	10	1	1	1	-0.4	0
chr4:3972694	10	1	10	10	1	1	1	-0.4	0
chr4:4000743	10	1	10	10	1	1	1	-0.4	0
chr4:4001205	10	1	10	10	1	1	1	-0.4	0
chr4:4002274	10	1	10	10	1	1	1	-0.4	0
chr4:4004029	10	1	10	10	1	1	1	-0.4	0
chr4:4007310	10	1	10	10	1	1	1	-0.4	0
chr4:4009814	10	1	10	10	1	1	1	-0.4	0
chr4:4547821	10	1	10	10	1	1	1	-0.4	0
chr4:4881515	10	1	10	10	1	1	1	-0.4	0
chr4:4886830	10	1	10	10	1	1	1	-0.4	0
chr4:5155683	10	1	10	10	1	1	1	-0.4	0
chr4:5497972	10	1	10	10	1	1	1	-0.4	0
chr4:5717820	10	1	10	10	1	1	1	-0.4	0
chr4:5739024	10	1	10	10	1	1	1	-0.4	0
chr4:5740733	10	1	10	10	1	1	1	-0.4	0
chr4:5742234	10	1	10	10	1	1	1	-0.4	0
chr4:5752295	10	1	10	10	1	1	1	-0.4	0
chr4:5994007	10	1	10	10	1	1	1	-0.4	0
chr4:6108936	10	1	10	10	1	1	1	-0.4	0
chr4:6266882	10	1	10	10	1	1	1	-0.4	0
chr4:6329357	10	1	10	10	1	1	1	-0.4	0
chr4:6435246	10	1	10	10	1	1	1	-0.4	0
chr4:6753102	10	1	10	10	1	1	1	-0.4	0
chr4:6865349	10	1	10	10	1	1	1	-0.4	0
chr4:6905757	10	1	10	10	1	1	1	-0.4	0
chr4:6909967	10	1	10	10	1	1	1	-0.4	0
chr4:7086793	10	1	10	10	1	1	1	-0.4	0
chr4:7189927	10	1	10	10	1	1	1	-0.4	0
chr4:7349393	10	1	10	10	1	1	1	-0.4	0
chr4:7480472	10	1	10	10	1	1	1	-0.4	0
chr4:7491242	10	1	10	10	1	1	1	-0.4	0
chr4:7658353	10	1	10	10	1	1	1	-0.4	0
chr4:7758995	10	1	10	10	1	1	1	-0.4	0
chr4:7760798	10	1	10	10	1	1	1	-0.4	0
chr4:7786065	10	1	10	10	1	1	1	-0.4	0
chr4:7964123	10	1	10	10	1	1	1	-0.4	0
chr4:8054951	10	1	10	10	1	1	1	-0.4	0
chr4:8093459	10	1	10	10	1	1	1	-0.4	0
chr4:8100449	10	1	10	10	1	1	1	-0.4	0
chr4:8140131	10	1	10	10	1	1	1	-0.4	0
chr4:8165339	10	1	10	10	1	1	1	-0.4	0
chr4:8326465	10	1	10	10	1	1	1	-0.4	0
chr4:8358223	10	1	10	10	1	1	1	-0.4	0
chr4:8361016	10	1	10	10	1	1	1	-0.4	0
chr4:8467837	10	1	10	10	1	1	1	-0.4	0
chr4:8569694	10	1	10	10	1	1	1	-0.4	0
chr4:8606423	10	1	10	10	1	1	1	-0.4	0
chr4:8643990	10	1	10	10	1	1	1	-0.4	0
chr4:8687719	10	1	10	10	1	1	1	-0.4	0
chr4:8711581	10	1	10	10	1	1	1	-0.4	0
chr4:8712276	10	1	10	10	1	1	1	-0.4	0
chr4:8766791	10	1	10	10	1	1	1	-0.4	0
chr4:8907900	10	1	10	10	1	1	1	-0.4	0
chr4:8935892	10	1	10	10	1	1	1	-0.4	0
chr4:8985735	10	1	10	10	1	1	1	-0.4	0
chr4:9144618	10	1	10	10	1	1	1	-0.4	0
chr4:9250496	10	1	10	10	1	1	1	-0.4	0
chr4:9253997	10	1	10	10	1	1	1	-0.4	0
chr4:9254425	10	1	10	10	1	1	1	-0.4	0
chr4:9255906	10	1	10	10	1	1	1	-0.4	0
chr4:9295845	10	1	10	10	1	1	1	-0.4	0
chr4:9296736	10	1	10	10	1	1	1	-0.4	0
chr4:9302045	10	1	10	10	1	1	1	-0.4	0
chr4:9305686	10	1	10	10	1	1	1	-0.4	0
chr4:9440838	10	1	10	10	1	1	1	-0.4	0
chr4:9442099	10	1	10	10	1	1	1	-0.4	0
chr4:9444281	10	1	10	10	1	1	1	-0.4	0
chr4:9446047	10	1	10	10	1	1	1	-0.4	0
chr4:9447441	10	1	10	10	1	1	1	-0.4	0
chr4:9555633	10	1	10	10	1	1	1	-0.4	0
chr4:9556474	10	1	10	10	1	1	1	-0.4	0
chr4:9681201	10	1	10	10	1	1	1	-0.4	0
chr4:9730033	10	1	10	10	1	1	1	-0.4	0
chr4:9731654	10	1	10	10	1	1	1	-0.4	0
chr4:9738190	10	1	10	10	1	1	1	-0.4	0
chr4:9739617	10	1	10	10	1	1	1	-0.4	0
chr4:9757327	10	1	10	10	1	1	1	-0.4	0
chr4:9760155	10	1	10	10	1	1	1	-0.4	0
chr4:9760650	10	1	10	10	1	1	1	-0.4	0
chr4:9816331	10	1	10	10	1	1	1	-0.4	0
chr4:9817959	10	1	10	10	1	1	1	-0.4	0
chr4:9835505	10	1	10	10	1	1	1	-0.4	0
chr4:9836252	10	1	10	10	1	1	1	-0.4	0
chr4:9837583	10	1	10	10	1	1	1	-0.4	0
chr4:9849307	10	1	10	10	1	1	1	-0.4	0
chr4:9850459	10	1	10	10	1	1	1	-0.4	0
chr4:9874345	10	1	10	10	1	1	1	-0.4	0
chr4:9900678	10	1	10	10	1	1	1	-0.4	0
chr4:9901142	10	1	10	10	1	1	1	-0.4	0
chr4:9904518	10	1	10	10	1	1	1	-0.4	0
chr4:9944959	10	1	10	10	1	1	1	-0.4	0
chr4:10003507	10	1	10	10	1	1	1	-0.4	0
chr4:10073583	10	1	10	10	1	1	1	-0.4	0
chr4:10159536	10	1	10	10	1	1	1	-0.4	0
chr4:10160229	10	1	10	10	1	1	1	-0.4	0
chr4:10217378	10	1	10	10	1	1	1	-0.4	0
chr4:10275261	10	1	10	10	1	1	1	-0.4	0
chr4:10275826	10	1	10	10	1	1	1	-0.4	0
chr4:10291758	10	1	10	10	1	1	1	-0.4	0
chr4:10295255	10	1	10	10	1	1	1	-0.4	0
chr4:10296361	10	1	10	10	1	1	1	-0.4	0
chr4:10328642	10	1	10	10	1	1	1	-0.4	0
chr4:10390986	10	1	10	10	1	1	1	-0.4	0
chr4:10437879	10	1	10	10	1	1	1	-0.4	0
chr4:10463346	10	1	10	10	1	1	1	-0.4	0
chr4:10521220	10	1	10	10	1	1	1	-0.4	0
chr4:10573867	10	1	10	10	1	1	1	-0.4	0
chr4:10712888	10	1	10	10	1	1	1	-0.4	0
chr4:10715865	10	1	10	10	1	1	1	-0.4	0
chr4:10722177	10	1	10	10	1	1	1	-0.4	0
chr4:10883893	10	1	10	10	1	1	1	-0.4	0
chr4:10899250	10	1	10	10	1	1	1	-0.4	0
chr4:10940498	10	1	10	10	1	1	1	-0.4	0
chr4:10942158	10	1	10	10	1	1	1	-0.4	0
chr4:10958882	10	1	10	10	1	1	1	-0.4	0
chr4:11179359	10	1	10	10	1	1	1	-0.4	0
chr4:11336380	10	1	10	10	1	1	1	-0.4	0
chr4:11403235	10	1	10	10	1	1	1	-0.4	0
chr4:11405262	10	1	10	10	1	1	1	-0.4	0
chr4:11416982	10	1	10	10	1	1	1	-0.4	0
chr4:11417257	10	1	10	10	1	1	1	-0.4	0
chr4:11421502	10	1	10	10	1	1	1	-0.4	0
chr4:11553843	10	1	10	10	1	1	1	-0.4	0
chr4:11554735	10	1	10	10	1	1	1	-0.4	0
chr4:11569797	10	1	10	10	1	1	1	-0.4	0
chr4:11646088	10	1	10	10	1	1	1	-0.4	0
chr4:11662652	10	1	10	10	1	1	1	-0.4	0
chr4:11745584	10	1	10	10	1	1	1	-0.4	0
chr4:11830240	10	1	10	10	1	1	1	-0.4	0
chr4:11880832	10	1	10	10	1	1	1	-0.4	0
chr4:11896953	10	1	10	10	1	1	1	-0.4	0
chr4:11940441	10	1	10	10	1	1	1	-0.4	0
chr4:11986584	10	1	10	10	1	1	1	-0.4	0
chr4:12233664	10	1	10	10	1	1	1	-0.4	0
chr4:12254341	10	1	10	10	1	1	1	-0.4	0
chr4:12317654	10	1	10	10	1	1	1	-0.4	0
chr4:12377711	10	1	10	10	1	1	1	-0.4	0
chr4:12378277	10	1	10	10	1	1	1	-0.4	0
chr4:12379648	10	1	10	10	1	1	1	-0.4	0
chr4:12399304	10	1	10	10	1	1	1	-0.4	0
chr4:12412301	10	1	10	10	1	1	1	-0.4	0
chr4:12489121	10	1	10	10	1	1	1	-0.4	0
chr4:12502344	10	1	10	10	1	1	1	-0.4	0
chr4:12520265	10	1	10	10	1	1	1	-0.4	0
chr4:12521004	10	1	10	10	1	1	1	-0.4	0
chr4:12537042	10	1	10	10	1	1	1	-0.4	0
chr4:12571637	10	1	10	10	1	1	1	-0.4	0
chr4:12573533	10	1	10	10	1	1	1	-0.4	0
chr4:12661803	10	1	10	10	1	1	1	-0.4	0
chr4:12763881	10	1	10	10	1	1	1	-0.4	0
chr4:12829081	10	1	10	10	1	1	1	-0.4	0
chr4:12835952	10	1	10	10	1	1	1	-0.4	0
chr4:12836791	10	1	10	10	1	1	1	-0.4	0
chr4:12936941	10	1	10	10	1	1	1	-0.4	0
chr4:12941171	10	1	10	10	1	1	1	-0.4	0
chr4:12977055	10	1	10	10	1	1	1	-0.4	0
chr4:12994824	10	1	10	10	1	1	1	-0.4	0
chr4:13002792	10	1	10	10	1	1	1	-0.4	0
chr4:13017913	10	1	10	10	1	1	1	-0.4	0
chr4:13019226	10	1	10	10	1	1	1	-0.4	0
chr4:13021220	10	1	10	10	1	1	1	-0.4	0
chr4:13023661	10	1	10	10	1	1	1	-0.4	0
chr4:13055662	10	1	10	10	1	1	1	-0.4	0
chr4:13069511	10	1	10	10	1	1	1	-0.4	0
chr4:13071225	10	1	10	10	1	1	1	-0.4	0
chr4:13073173	10	1	10	10	1	1	1	-0.4	0
chr4:13121521	10	1	10	10	1	1	1	-0.4	0
chr4:13138225	10	1	10	10	1	1	1	-0.4	0
chr4:13208667	10	1	10	10	1	1	1	-0.4	0
chr4:13223613	10	1	10	10	1	1	1	-0.4	0
chr4:13279740	10	1	10	10	1	1	1	-0.4	0
chr4:13460154	10	1	10	10	1	1	1	-0.4	0
chr4:13461016	10	1	10	10	1	1	1	-0.4	0
chr4:13461427	10	1	10	10	1	1	1	-0.4	0
chr4:13651189	10	1	10	10	1	1	1	-0.4	0
chr4:13658743	10	1	10	10	1	1	1	-0.4	0
chr4:13659386	10	1	10	10	1	1	1	-0.4	0
chr4:13660535	10	1	10	10	1	1	1	-0.4	0
chr4:13664091	10	1	10	10	1	1	1	-0.4	0
chr4:13674828	10	1	10	10	1	1	1	-0.4	0
chr4:13709828	10	1	10	10	1	1	1	-0.4	0
chr4:13878920	10	1	10	10	1	1	1	-0.4	0
chr4:13998036	10	1	10	10	1	1	1	-0.4	0
chr4:13998524	10	1	10	10	1	1	1	-0.4	0
chr4:13998814	10	1	10	10	1	1	1	-0.4	0
chr4:14091446	10	1	10	10	1	1	1	-0.4	0
chr4:14097359	10	1	10	10	1	1	1	-0.4	0
chr4:14140572	10	1	10	10	1	1	1	-0.4	0
chr4:14197883	10	1	10	10	1	1	1	-0.4	0
chr4:14198551	10	1	10	10	1	1	1	-0.4	0
chr4:14234683	10	1	10	10	1	1	1	-0.4	0
chr4:14331478	10	1	10	10	1	1	1	-0.4	0
chr4:14333338	10	1	10	10	1	1	1	-0.4	0
chr4:14358915	10	1	10	10	1	1	1	-0.4	0
chr4:14370582	10	1	10	10	1	1	1	-0.4	0
chr4:14373156	10	1	10	10	1	1	1	-0.4	0
chr4:14374142	10	1	10	10	1	1	1	-0.4	0
chr4:14440531	10	1	10	10	1	1	1	-0.4	0
chr4:14580006	10	1	10	10	1	1	1	-0.4	0
chr4:14624717	10	1	10	10	1	1	1	-0.4	0
chr4:14694435	10	1	10	10	1	1	1	-0.4	0
chr4:14696394	10	1	10	10	1	1	1	-0.4	0
chr4:14703029	10	1	10	10	1	1	1	-0.4	0
chr4:14706643	10	1	10	10	1	1	1	-0.4	0
chr4:14734183	10	1	10	10	1	1	1	-0.4	0
chr4:14766656	10	1	10	10	1	1	1	-0.4	0
chr4:14770312	10	1	10	10	1	1	1	-0.4	0
chr4:14771172	10	1	10	10	1	1	1	-0.4	0
chr4:14773489	10	1	10	10	1	1	1	-0.4	0
chr4:14781105	10	1	10	10	1	1	1	-0.4	0
chr4:14782512	10	1	10	10	1	1	1	-0.4	0
chr4:14829035	10	1	10	10	1	1	1	-0.4	0
chr4:14829381	10	1	10	10	1	1	1	-0.4	0
chr4:14829912	10	1	10	10	1	1	1	-0.4	0
chr4:14851513	10	1	10	10	1	1	1	-0.4	0
chr4:14863955	10	1	10	10	1	1	1	-0.4	0
chr4:14881593	10	1	10	10	1	1	1	-0.4	0
chr4:14882327	10	1	10	10	1	1	1	-0.4	0
chr4:14921951	10	1	10	10	1	1	1	-0.4	0
chr4:14943987	10	1	10	10	1	1	1	-0.4	0
chr4:14945046	10	1	10	10	1	1	1	-0.4	0
chr4:15032859	10	1	10	10	1	1	1	-0.4	0
chr4:15062831	10	1	10	10	1	1	1	-0.4	0
chr4:15063372	10	1	10	10	1	1	1	-0.4	0
chr4:15064003	10	1	10	10	1	1	1	-0.4	0
chr4:15103047	10	1	10	10	1	1	1	-0.4	0
chr4:15231385	10	1	10	10	1	1	1	-0.4	0
chr4:15289771	10	1	10	10	1	1	1	-0.4	0
chr4:15290754	10	1	10	10	1	1	1	-0.4	0
chr4:15291938	10	1	10	10	1	1	1	-0.4	0
chr4:15292564	10	1	10	10	1	1	1	-0.4	0
chr4:15309463	10	1	10	10	1	1	1	-0.4	0
chr4:15312736	10	1	10	10	1	1	1	-0.4	0
chr4:15382178	10	1	10	10	1	1	1	-0.4	0
chr4:15397204	10	1	10	10	1	1	1	-0.4	0
chr4:15413116	10	1	10	10	1	1	1	-0.4	0
chr4:15415246	10	1	10	10	1	1	1	-0.4	0
chr4:15426918	10	1	10	10	1	1	1	-0.4	0
chr4:15439891	10	1	10	10	1	1	1	-0.4	0
chr4:15443952	10	1	10	10	1	1	1	-0.4	0
chr4:15488381	10	1	10	10	1	1	1	-0.4	0
chr4:15489494	10	1	10	10	1	1	1	-0.4	0
chr4:15491899	10	1	10	10	1	1	1	-0.4	0
chr4:15507305	10	1	10	10	1	1	1	-0.4	0
chr4:15525946	10	1	10	10	1	1	1	-0.4	0
chr4:15527869	10	1	10	10	1	1	1	-0.4	0
chr4:15569219	10	1	10	10	1	1	1	-0.4	0
chr4:15580910	10	1	10	10	1	1	1	-0.4	0
chr4:15590225	10	1	10	10	1	1	1	-0.4	0
chr4:15595372	10	1	10	10	1	1	1	-0.4	0
chr4:15597425	10	1	10	10	1	1	1	-0.4	0
chr4:15598365	10	1	10	10	1	1	1	-0.4	0
chr4:15646659	10	1	10	10	1	1	1	-0.4	0
chr4:15663714	10	1	10	10	1	1	1	-0.4	0
chr4:15676218	10	1	10	10	1	1	1	-0.4	0
chr4:15817779	10	1	10	10	1	1	1	-0.4	0
chr4:15877953	10	1	10	10	1	1	1	-0.4	0
chr4:15897993	10	1	10	10	1	1	1	-0.4	0
chr4:15904379	10	1	10	10	1	1	1	-0.4	0
chr4:15939564	10	1	10	10	1	1	1	-0.4	0
chr4:15941210	10	1	10	10	1	1	1	-0.4	0
chr4:15959689	10	1	10	10	1	1	1	-0.4	0
chr4:16277977	10	1	10	10	1	1	1	-0.4	0
chr4:16346526	10	1	10	10	1	1	1	-0.4	0
chr4:16389226	10	1	10	10	1	1	1	-0.4	0
chr4:16497228	10	1	10	10	1	1	1	-0.4	0
chr4:16522971	10	1	10	10	1	1	1	-0.4	0
chr4:16534270	10	1	10	10	1	1	1	-0.4	0
chr4:16563987	10	1	10	10	1	1	1	-0.4	0
chr4:16566026	10	1	10	10	1	1	1	-0.4	0
chr4:16581993	10	1	10	10	1	1	1	-0.4	0
chr4:16582974	10	1	10	10	1	1	1	-0.4	0
chr4:16587021	10	1	10	10	1	1	1	-0.4	0
chr4:16589150	10	1	10	10	1	1	1	-0.4	0
chr4:16596468	10	1	10	10	1	1	1	-0.4	0
chr4:16690117	10	1	10	10	1	1	1	-0.4	0
chr4:16750208	10	1	10	10	1	1	1	-0.4	0
chr4:16751121	10	1	10	10	1	1	1	-0.4	0
chr4:16860340	10	1	10	10	1	1	1	-0.4	0
chr4:16927792	10	1	10	10	1	1	1	-0.4	0
chr4:16941186	10	1	10	10	1	1	1	-0.4	0
chr4:16951443	10	1	10	10	1	1	1	-0.4	0
chr4:16960147	10	1	10	10	1	1	1	-0.4	0
chr4:17006286	10	1	10	10	1	1	1	-0.4	0
chr4:17048915	10	1	10	10	1	1	1	-0.4	0
chr4:17092423	10	1	10	10	1	1	1	-0.4	0
chr4:17115102	10	1	10	10	1	1	1	-0.4	0
chr4:17119676	10	1	10	10	1	1	1	-0.4	0
chr4:17136110	10	1	10	10	1	1	1	-0.4	0
chr4:17137563	10	1	10	10	1	1	1	-0.4	0
chr4:17152316	10	1	10	10	1	1	1	-0.4	0
chr4:17154118	10	1	10	10	1	1	1	-0.4	0
chr4:17185918	10	1	10	10	1	1	1	-0.4	0
chr4:17187378	10	1	10	10	1	1	1	-0.4	0
chr4:17189583	10	1	10	10	1	1	1	-0.4	0
chr4:17280412	10	1	10	10	1	1	1	-0.4	0
chr4:17280861	10	1	10	10	1	1	1	-0.4	0
chr4:17282133	10	1	10	10	1	1	1	-0.4	0
chr4:17282513	10	1	10	10	1	1	1	-0.4	0
chr4:17332462	10	1	10	10	1	1	1	-0.4	0
chr4:17334451	10	1	10	10	1	1	1	-0.4	0
chr4:17335040	10	1	10	10	1	1	1	-0.4	0
chr4:17386353	10	1	10	10	1	1	1	-0.4	0
chr4:17390172	10	1	10	10	1	1	1	-0.4	0
chr4:17397769	10	1	10	10	1	1	1	-0.4	0
chr4:17398779	10	1	10	10	1	1	1	-0.4	0
chr4:17520735	10	1	10	10	1	1	1	-0.4	0
chr4:17524464	10	1	10	10	1	1	1	-0.4	0
chr4:17530441	10	1	10	10	1	1	1	-0.4	0
chr4:17535225	10	1	10	10	1	1	1	-0.4	0
chr4:17537960	10	1	10	10	1	1	1	-0.4	0
chr4:17539875	10	1	10	10	1	1	1	-0.4	0
chr4:17579491	10	1	10	10	1	1	1	-0.4	0
chr4:17587558	10	1	10	10	1	1	1	-0.4	0
chr4:17588121	10	1	10	10	1	1	1	-0.4	0
chr4:17605279	10	1	10	10	1	1	1	-0.4	0
chr4:17641317	10	1	10	10	1	1	1	-0.4	0
chr4:17642070	10	1	10	10	1	1	1	-0.4	0
chr4:17643247	10	1	10	10	1	1	1	-0.4	0
chr4:17652188	10	1	10	10	1	1	1	-0.4	0
chr4:17666789	10	1	10	10	1	1	1	-0.4	0
chr4:17727774	10	1	10	10	1	1	1	-0.4	0
chr4:17748551	10	1	10	10	1	1	1	-0.4	0
chr4:17755124	10	1	10	10	1	1	1	-0.4	0
chr4:17765442	10	1	10	10	1	1	1	-0.4	0
chr4:17770769	10	1	10	10	1	1	1	-0.4	0
chr4:17798019	10	1	10	10	1	1	1	-0.4	0
chr4:17835065	10	1	10	10	1	1	1	-0.4	0
chr4:17980112	10	1	10	10	1	1	1	-0.4	0
chr4:17986374	10	1	10	10	1	1	1	-0.4	0
chr4:18034545	10	1	10	10	1	1	1	-0.4	0
chr4:18053622	10	1	10	10	1	1	1	-0.4	0
chr4:18055603	10	1	10	10	1	1	1	-0.4	0
chr4:18084444	10	1	10	10	1	1	1	-0.4	0
chr4:18121202	10	1	10	10	1	1	1	-0.4	0
chr4:18125755	10	1	10	10	1	1	1	-0.4	0
chr4:18131258	10	1	10	10	1	1	1	-0.4	0
chr4:18160426	10	1	10	10	1	1	1	-0.4	0
chr4:18190828	10	1	10	10	1	1	1	-0.4	0
chr4:18207282	10	1	10	10	1	1	1	-0.4	0
chr4:18207996	10	1	10	10	1	1	1	-0.4	0
chr4:18208513	10	1	10	10	1	1	1	-0.4	0
chr4:18208942	10	1	10	10	1	1	1	-0.4	0
chr4:18217408	10	1	10	10	1	1	1	-0.4	0
chr4:18220341	10	1	10	10	1	1	1	-0.4	0
chr4:18233327	10	1	10	10	1	1	1	-0.4	0
chr4:18296023	10	1	10	10	1	1	1	-0.4	0
chr4:18296546	10	1	10	10	1	1	1	-0.4	0
chr4:18318648	10	1	10	10	1	1	1	-0.4	0
chr4:18321595	10	1	10	10	1	1	1	-0.4	0
chr4:18322837	10	1	10	10	1	1	1	-0.4	0
chr4:18324605	10	1	10	10	1	1	1	-0.4	0
chr4:18330012	10	1	10	10	1	1	1	-0.4	0
chr4:18330903	10	1	10	10	1	1	1	-0.4	0
chr4:18331980	10	1	10	10	1	1	1	-0.4	0
chr4:18445703	10	1	10	10	1	1	1	-0.4	0
chr4:18458451	10	1	10	10	1	1	1	-0.4	0
chr4:18472108	10	1	10	10	1	1	1	-0.4	0
chr4:18504710	10	1	10	10	1	1	1	-0.4	0
chr4:18542589	10	1	10	10	1	1	1	-0.4	0
chr4:18550868	10	1	10	10	1	1	1	-0.4	0
chr4:18573278	10	1	10	10	1	1	1	-0.4	0
chr5:85485	10	1	10	10	1	1	1	-0.4	0
chr5:86401	10	1	10	10	1	1	1	-0.4	0
chr5:101096	10	1	10	10	1	1	1	-0.4	0
chr5:206267	10	1	10	10	1	1	1	-0.4	0
chr5:229573	10	1	10	10	1	1	1	-0.4	0
chr5:232376	10	1	10	10	1	1	1	-0.4	0
chr5:264901	10	1	10	10	1	1	1	-0.4	0
chr5:266939	10	1	10	10	1	1	1	-0.4	0
chr5:272340	10	1	10	10	1	1	1	-0.4	0
chr5:279687	10	1	10	10	1	1	1	-0.4	0
chr5:308991	10	1	10	10	1	1	1	-0.4	0
chr5:313574	10	1	10	10	1	1	1	-0.4	0
chr5:329518	10	1	10	10	1	1	1	-0.4	0
chr5:331772	10	1	10	10	1	1	1	-0.4	0
chr5:332173	10	1	10	10	1	1	1	-0.4	0
chr5:338722	10	1	10	10	1	1	1	-0.4	0
chr5:369962	10	1	10	10	1	1	1	-0.4	0
chr5:389000	10	1	10	10	1	1	1	-0.4	0
chr5:434186	10	1	10	10	1	1	1	-0.4	0
chr5:436120	10	1	10	10	1	1	1	-0.4	0
chr5:437301	10	1	10	10	1	1	1	-0.4	0
chr5:463379	10	1	10	10	1	1	1	-0.4	0
chr5:537186	10	1	10	10	1	1	1	-0.4	0
chr5:547470	10	1	10	10	1	1	1	-0.4	0
chr5:548488	10	1	10	10	1	1	1	-0.4	0
chr5:548776	10	1	10	10	1	1	1	-0.4	0
chr5:549218	10	1	10	10	1	1	1	-0.4	0
chr5:566135	10	1	10	10	1	1	1	-0.4	0
chr5:615758	10	1	10	10	1	1	1	-0.4	0
chr5:625292	10	1	10	10	1	1	1	-0.4	0
chr5:713568	10	1	10	10	1	1	1	-0.4	0
chr5:714246	10	1	10	10	1	1	1	-0.4	0
chr5:721820	10	1	10	10	1	1	1	-0.4	0
chr5:739646	10	1	10	10	1	1	1	-0.4	0
chr5:740081	10	1	10	10	1	1	1	-0.4	0
chr5:742542	10	1	10	10	1	1	1	-0.4	0
chr5:748627	10	1	10	10	1	1	1	-0.4	0
chr5:758109	10	1	10	10	1	1	1	-0.4	0
chr5:766792	10	1	10	10	1	1	1	-0.4	0
chr5:785446	10	1	10	10	1	1	1	-0.4	0
chr5:799909	10	1	10	10	1	1	1	-0.4	0
chr5:816937	10	1	10	10	1	1	1	-0.4	0
chr5:817737	10	1	10	10	1	1	1	-0.4	0
chr5:828082	10	1	10	10	1	1	1	-0.4	0
chr5:828850	10	1	10	10	1	1	1	-0.4	0
chr5:829991	10	1	10	10	1	1	1	-0.4	0
chr5:941569	10	1	10	10	1	1	1	-0.4	0
chr5:942432	10	1	10	10	1	1	1	-0.4	0
chr5:943514	10	1	10	10	1	1	1	-0.4	0
chr5:955180	10	1	10	10	1	1	1	-0.4	0
chr5:957465	10	1	10	10	1	1	1	-0.4	0
chr5:980398	10	1	10	10	1	1	1	-0.4	0
chr5:987736	10	1	10	10	1	1	1	-0.4	0
chr5:1118394	10	1	10	10	1	1	1	-0.4	0
chr5:1150123	10	1	10	10	1	1	1	-0.4	0
chr5:1167357	10	1	10	10	1	1	1	-0.4	0
chr5:1217272	10	1	10	10	1	1	1	-0.4	0
chr5:1270889	10	1	10	10	1	1	1	-0.4	0
chr5:1294848	10	1	10	10	1	1	1	-0.4	0
chr5:1305932	10	1	10	10	1	1	1	-0.4	0
chr5:1319272	10	1	10	10	1	1	1	-0.4	0
chr5:1376882	10	1	10	10	1	1	1	-0.4	0
chr5:1378029	10	1	10	10	1	1	1	-0.4	0
chr5:1395732	10	1	10	10	1	1	1	-0.4	0
chr5:1414659	10	1	10	10	1	1	1	-0.4	0
chr5:1504671	10	1	10	10	1	1	1	-0.4	0
chr5:1522875	10	1	10	10	1	1	1	-0.4	0
chr5:1536014	10	1	10	10	1	1	1	-0.4	0
chr5:1608554	10	1	10	10	1	1	1	-0.4	0
chr5:1609126	10	1	10	10	1	1	1	-0.4	0
chr5:1615400	10	1	10	10	1	1	1	-0.4	0
chr5:1670255	10	1	10	10	1	1	1	-0.4	0
chr5:1706719	10	1	10	10	1	1	1	-0.4	0
chr5:1711579	10	1	10	10	1	1	1	-0.4	0
chr5:1712471	10	1	10	10	1	1	1	-0.4	0
chr5:1747944	10	1	10	10	1	1	1	-0.4	0
chr5:1769412	10	1	10	10	1	1	1	-0.4	0
chr5:1790195	10	1	10	10	1	1	1	-0.4	0
chr5:1804703	10	1	10	10	1	1	1	-0.4	0
chr5:1834680	10	1	10	10	1	1	1	-0.4	0
chr5:1892550	10	1	10	10	1	1	1	-0.4	0
chr5:1893030	10	1	10	10	1	1	1	-0.4	0
chr5:1922510	10	1	10	10	1	1	1	-0.4	0
chr5:1951134	10	1	10	10	1	1	1	-0.4	0
chr5:2066333	10	1	10	10	1	1	1	-0.4	0
chr5:2075683	10	1	10	10	1	1	1	-0.4	0
chr5:2125470	10	1	10	10	1	1	1	-0.4	0
chr5:2144927	10	1	10	10	1	1	1	-0.4	0
chr5:2167401	10	1	10	10	1	1	1	-0.4	0
chr5:2174894	10	1	10	10	1	1	1	-0.4	0
chr5:2184701	10	1	10	10	1	1	1	-0.4	0
chr5:2241761	10	1	10	10	1	1	1	-0.4	0
chr5:2293744	10	1	10	10	1	1	1	-0.4	0
chr5:2303277	10	1	10	10	1	1	1	-0.4	0
chr5:2304218	10	1	10	10	1	1	1	-0.4	0
chr5:2399503	10	1	10	10	1	1	1	-0.4	0
chr5:2400798	10	1	10	10	1	1	1	-0.4	0
chr5:2433895	10	1	10	10	1	1	1	-0.4	0
chr5:2487282	10	1	10	10	1	1	1	-0.4	0
chr5:2557508	10	1	10	10	1	1	1	-0.4	0
chr5:2612970	10	1	10	10	1	1	1	-0.4	0
chr5:2614718	10	1	10	10	1	1	1	-0.4	0
chr5:2620772	10	1	10	10	1	1	1	-0.4	0
chr5:2622824	10	1	10	10	1	1	1	-0.4	0
chr5:2679066	10	1	10	10	1	1	1	-0.4	0
chr5:2679852	10	1	10	10	1	1	1	-0.4	0
chr5:2680633	10	1	10	10	1	1	1	-0.4	0
chr5:2839976	10	1	10	10	1	1	1	-0.4	0
chr5:2860396	10	1	10	10	1	1	1	-0.4	0
chr5:2861409	10	1	10	10	1	1	1	-0.4	0
chr5:2933836	10	1	10	10	1	1	1	-0.4	0
chr5:2935807	10	1	10	10	1	1	1	-0.4	0
chr5:3049556	10	1	10	10	1	1	1	-0.4	0
chr5:3051929	10	1	10	10	1	1	1	-0.4	0
chr5:3072204	10	1	10	10	1	1	1	-0.4	0
chr5:3277981	10	1	10	10	1	1	1	-0.4	0
chr5:3334693	10	1	10	10	1	1	1	-0.4	0
chr5:3335057	10	1	10	10	1	1	1	-0.4	0
chr5:3424470	10	1	10	10	1	1	1	-0.4	0
chr5:3478760	10	1	10	10	1	1	1	-0.4	0
chr5:3516603	10	1	10	10	1	1	1	-0.4	0
chr5:3525908	10	1	10	10	1	1	1	-0.4	0
chr5:3527261	10	1	10	10	1	1	1	-0.4	0
chr5:3550518	10	1	10	10	1	1	1	-0.4	0
chr5:3642799	10	1	10	10	1	1	1	-0.4	0
chr5:3695926	10	1	10	10	1	1	1	-0.4	0
chr5:3740246	10	1	10	10	1	1	1	-0.4	0
chr5:3770663	10	1	10	10	1	1	1	-0.4	0
chr5:3783934	10	1	10	10	1	1	1	-0.4	0
chr5:3854337	10	1	10	10	1	1	1	-0.4	0
chr5:3857191	10	1	10	10	1	1	1	-0.4	0
chr5:3864669	10	1	10	10	1	1	1	-0.4	0
chr5:3888668	10	1	10	10	1	1	1	-0.4	0
chr5:3989993	10	1	10	10	1	1	1	-0.4	0
chr5:4086428	10	1	10	10	1	1	1	-0.4	0
chr5:4156435	10	1	10	10	1	1	1	-0.4	0
chr5:4172113	10	1	10	10	1	1	1	-0.4	0
chr5:4193708	10	1	10	10	1	1	1	-0.4	0
chr5:4227655	10	1	10	10	1	1	1	-0.4	0
chr5:4262597	10	1	10	10	1	1	1	-0.4	0
chr5:4348358	10	1	10	10	1	1	1	-0.4	0
chr5:4420706	10	1	10	10	1	1	1	-0.4	0
chr5:4421712	10	1	10	10	1	1	1	-0.4	0
chr5:4423776	10	1	10	10	1	1	1	-0.4	0
chr5:4431222	10	1	10	10	1	1	1	-0.4	0
chr5:4432072	10	1	10	10	1	1	1	-0.4	0
chr5:4517224	10	1	10	10	1	1	1	-0.4	0
chr5:4520244	10	1	10	10	1	1	1	-0.4	0
chr5:4590158	10	1	10	10	1	1	1	-0.4	0
chr5:4593394	10	1	10	10	1	1	1	-0.4	0
chr5:4629685	10	1	10	10	1	1	1	-0.4	0
chr5:4647325	10	1	10	10	1	1	1	-0.4	0
chr5:4712431	10	1	10	10	1	1	1	-0.4	0
chr5:4740772	10	1	10	10	1	1	1	-0.4	0
chr5:4745872	10	1	10	10	1	1	1	-0.4	0
chr5:4762896	10	1	10	10	1	1	1	-0.4	0
chr5:4825395	10	1	10	10	1	1	1	-0.4	0
chr5:4917363	10	1	10	10	1	1	1	-0.4	0
chr5:4942969	10	1	10	10	1	1	1	-0.4	0
chr5:5072391	10	1	10	10	1	1	1	-0.4	0
chr5:5072902	10	1	10	10	1	1	1	-0.4	0
chr5:5073557	10	1	10	10	1	1	1	-0.4	0
chr5:5090832	10	1	10	10	1	1	1	-0.4	0
chr5:5092181	10	1	10	10	1	1	1	-0.4	0
chr5:5140567	10	1	10	10	1	1	1	-0.4	0
chr5:5144404	10	1	10	10	1	1	1	-0.4	0
chr5:5146275	10	1	10	10	1	1	1	-0.4	0
chr5:5205392	10	1	10	10	1	1	1	-0.4	0
chr5:5232791	10	1	10	10	1	1	1	-0.4	0
chr5:5265429	10	1	10	10	1	1	1	-0.4	0
chr5:5290462	10	1	10	10	1	1	1	-0.4	0
chr5:5358624	10	1	10	10	1	1	1	-0.4	0
chr5:5416423	10	1	10	10	1	1	1	-0.4	0
chr5:5420117	10	1	10	10	1	1	1	-0.4	0
chr5:5435945	10	1	10	10	1	1	1	-0.4	0
chr5:5509621	10	1	10	10	1	1	1	-0.4	0
chr5:5747539	10	1	10	10	1	1	1	-0.4	0
chr5:5748212	10	1	10	10	1	1	1	-0.4	0
chr5:5875153	10	1	10	10	1	1	1	-0.4	0
chr5:5876402	10	1	10	10	1	1	1	-0.4	0
chr5:5915132	10	1	10	10	1	1	1	-0.4	0
chr5:5939599	10	1	10	10	1	1	1	-0.4	0
chr5:5962726	10	1	10	10	1	1	1	-0.4	0
chr5:5966898	10	1	10	10	1	1	1	-0.4	0
chr5:5968151	10	1	10	10	1	1	1	-0.4	0
chr5:5974295	10	1	10	10	1	1	1	-0.4	0
chr5:5983327	10	1	10	10	1	1	1	-0.4	0
chr5:5984031	10	1	10	10	1	1	1	-0.4	0
chr5:6170439	10	1	10	10	1	1	1	-0.4	0
chr5:6225378	10	1	10	10	1	1	1	-0.4	0
chr5:6281632	10	1	10	10	1	1	1	-0.4	0
chr5:6309816	10	1	10	10	1	1	1	-0.4	0
chr5:6320541	10	1	10	10	1	1	1	-0.4	0
chr5:6393393	10	1	10	10	1	1	1	-0.4	0
chr5:6395478	10	1	10	10	1	1	1	-0.4	0
chr5:6456855	10	1	10	10	1	1	1	-0.4	0
chr5:6458301	10	1	10	10	1	1	1	-0.4	0
chr5:6495418	10	1	10	10	1	1	1	-0.4	0
chr5:6514951	10	1	10	10	1	1	1	-0.4	0
chr5:6748714	10	1	10	10	1	1	1	-0.4	0
chr5:6791948	10	1	10	10	1	1	1	-0.4	0
chr5:6813477	10	1	10	10	1	1	1	-0.4	0
chr5:7005434	10	1	10	10	1	1	1	-0.4	0
chr5:7026809	10	1	10	10	1	1	1	-0.4	0
chr5:7084653	10	1	10	10	1	1	1	-0.4	0
chr5:7113640	10	1	10	10	1	1	1	-0.4	0
chr5:7172264	10	1	10	10	1	1	1	-0.4	0
chr5:7174567	10	1	10	10	1	1	1	-0.4	0
chr5:7251982	10	1	10	10	1	1	1	-0.4	0
chr5:7307831	10	1	10	10	1	1	1	-0.4	0
chr5:7464441	10	1	10	10	1	1	1	-0.4	0
chr5:7465958	10	1	10	10	1	1	1	-0.4	0
chr5:7466639	10	1	10	10	1	1	1	-0.4	0
chr5:7470346	10	1	10	10	1	1	1	-0.4	0
chr5:7502607	10	1	10	10	1	1	1	-0.4	0
chr5:7524820	10	1	10	10	1	1	1	-0.4	0
chr5:7557760	10	1	10	10	1	1	1	-0.4	0
chr5:7655990	10	1	10	10	1	1	1	-0.4	0
chr5:7678942	10	1	10	10	1	1	1	-0.4	0
chr5:7842760	10	1	10	10	1	1	1	-0.4	0
chr5:7856258	10	1	10	10	1	1	1	-0.4	0
chr5:7859971	10	1	10	10	1	1	1	-0.4	0
chr5:8038403	10	1	10	10	1	1	1	-0.4	0
chr5:8042050	10	1	10	10	1	1	1	-0.4	0
chr5:8146593	10	1	10	10	1	1	1	-0.4	0
chr5:8288538	10	1	10	10	1	1	1	-0.4	0
chr5:8359900	10	1	10	10	1	1	1	-0.4	0
chr5:8376692	10	1	10	10	1	1	1	-0.4	0
chr5:8425534	10	1	10	10	1	1	1	-0.4	0
chr5:8498504	10	1	10	10	1	1	1	-0.4	0
chr5:8548758	10	1	10	10	1	1	1	-0.4	0
chr5:8569495	10	1	10	10	1	1	1	-0.4	0
chr5:8698452	10	1	10	10	1	1	1	-0.4	0
chr5:8707918	10	1	10	10	1	1	1	-0.4	0
chr5:8708612	10	1	10	10	1	1	1	-0.4	0
chr5:8747191	10	1	10	10	1	1	1	-0.4	0
chr5:8774016	10	1	10	10	1	1	1	-0.4	0
chr5:8775009	10	1	10	10	1	1	1	-0.4	0
chr5:8777500	10	1	10	10	1	1	1	-0.4	0
chr5:8795790	10	1	10	10	1	1	1	-0.4	0
chr5:8797167	10	1	10	10	1	1	1	-0.4	0
chr5:8799319	10	1	10	10	1	1	1	-0.4	0
chr5:8861215	10	1	10	10	1	1	1	-0.4	0
chr5:8863258	10	1	10	10	1	1	1	-0.4	0
chr5:8864190	10	1	10	10	1	1	1	-0.4	0
chr5:8916885	10	1	10	10	1	1	1	-0.4	0
chr5:8993294	10	1	10	10	1	1	1	-0.4	0
chr5:9491045	10	1	10	10	1	1	1	-0.4	0
chr5:9515594	10	1	10	10	1	1	1	-0.4	0
chr5:9944977	10	1	10	10	1	1	1	-0.4	0
chr5:9966817	10	1	10	10	1	1	1	-0.4	0
chr5:10292616	10	1	10	10	1	1	1	-0.4	0
chr5:10297223	10	1	10	10	1	1	1	-0.4	0
chr5:11185070	10	1	10	10	1	1	1	-0.4	0
chr5:11185751	10	1	10	10	1	1	1	-0.4	0
chr5:11186471	10	1	10	10	1	1	1	-0.4	0
chr5:11705371	10	1	10	10	1	1	1	-0.4	0
chr5:11708370	10	1	10	10	1	1	1	-0.4	0
chr5:11723674	10	1	10	10	1	1	1	-0.4	0
chr5:11727801	10	1	10	10	1	1	1	-0.4	0
chr5:11730473	10	1	10	10	1	1	1	-0.4	0
chr5:11731533	10	1	10	10	1	1	1	-0.4	0
chr5:11732290	10	1	10	10	1	1	1	-0.4	0
chr5:11733786	10	1	10	10	1	1	1	-0.4	0
chr5:11734856	10	1	10	10	1	1	1	-0.4	0
chr5:11736047	10	1	10	10	1	1	1	-0.4	0
chr5:13591345	10	1	10	10	1	1	1	-0.4	0
chr5:13612693	10	1	10	10	1	1	1	-0.4	0
chr5:14231069	10	1	10	10	1	1	1	-0.4	0
chr5:14552153	10	1	10	10	1	1	1	-0.4	0
chr5:14566432	10	1	10	10	1	1	1	-0.4	0
chr5:14598616	10	1	10	10	1	1	1	-0.4	0
chr5:14629430	10	1	10	10	1	1	1	-0.4	0
chr5:14752887	10	1	10	10	1	1	1	-0.4	0
chr5:14755522	10	1	10	10	1	1	1	-0.4	0
chr5:14913682	10	1	10	10	1	1	1	-0.4	0
chr5:14998513	10	1	10	10	1	1	1	-0.4	0
chr5:15113066	10	1	10	10	1	1	1	-0.4	0
chr5:15256391	10	1	10	10	1	1	1	-0.4	0
chr5:15595886	10	1	10	10	1	1	1	-0.4	0
chr5:15602343	10	1	10	10	1	1	1	-0.4	0
chr5:15641154	10	1	10	10	1	1	1	-0.4	0
chr5:15713757	10	1	10	10	1	1	1	-0.4	0
chr5:15914041	10	1	10	10	1	1	1	-0.4	0
chr5:16163372	10	1	10	10	1	1	1	-0.4	0
chr5:16207151	10	1	10	10	1	1	1	-0.4	0
chr5:16252077	10	1	10	10	1	1	1	-0.4	0
chr5:16300880	10	1	10	10	1	1	1	-0.4	0
chr5:16323134	10	1	10	10	1	1	1	-0.4	0
chr5:16324986	10	1	10	10	1	1	1	-0.4	0
chr5:16366474	10	1	10	10	1	1	1	-0.4	0
chr5:16387050	10	1	10	10	1	1	1	-0.4	0
chr5:16440264	10	1	10	10	1	1	1	-0.4	0
chr5:16574969	10	1	10	10	1	1	1	-0.4	0
chr5:16635508	10	1	10	10	1	1	1	-0.4	0
chr5:16664730	10	1	10	10	1	1	1	-0.4	0
chr5:16736896	10	1	10	10	1	1	1	-0.4	0
chr5:16739964	10	1	10	10	1	1	1	-0.4	0
chr5:16765880	10	1	10	10	1	1	1	-0.4	0
chr5:16775793	10	1	10	10	1	1	1	-0.4	0
chr5:16813661	10	1	10	10	1	1	1	-0.4	0
chr5:16828645	10	1	10	10	1	1	1	-0.4	0
chr5:17081001	10	1	10	10	1	1	1	-0.4	0
chr5:17121611	10	1	10	10	1	1	1	-0.4	0
chr5:17135736	10	1	10	10	1	1	1	-0.4	0
chr5:17141495	10	1	10	10	1	1	1	-0.4	0
chr5:17265679	10	1	10	10	1	1	1	-0.4	0
chr5:17271153	10	1	10	10	1	1	1	-0.4	0
chr5:17374329	10	1	10	10	1	1	1	-0.4	0
chr5:17375069	10	1	10	10	1	1	1	-0.4	0
chr5:17437034	10	1	10	10	1	1	1	-0.4	0
chr5:17549500	10	1	10	10	1	1	1	-0.4	0
chr5:17550256	10	1	10	10	1	1	1	-0.4	0
chr5:17711714	10	1	10	10	1	1	1	-0.4	0
chr5:17731150	10	1	10	10	1	1	1	-0.4	0
chr5:17771337	10	1	10	10	1	1	1	-0.4	0
chr5:17829187	10	1	10	10	1	1	1	-0.4	0
chr5:17860427	10	1	10	10	1	1	1	-0.4	0
chr5:17913728	10	1	10	10	1	1	1	-0.4	0
chr5:18213681	10	1	10	10	1	1	1	-0.4	0
chr5:18215772	10	1	10	10	1	1	1	-0.4	0
chr5:18221419	10	1	10	10	1	1	1	-0.4	0
chr5:18228605	10	1	10	10	1	1	1	-0.4	0
chr5:18371206	10	1	10	10	1	1	1	-0.4	0
chr5:18372010	10	1	10	10	1	1	1	-0.4	0
chr5:18373298	10	1	10	10	1	1	1	-0.4	0
chr5:18378725	10	1	10	10	1	1	1	-0.4	0
chr5:18407408	10	1	10	10	1	1	1	-0.4	0
chr5:18483393	10	1	10	10	1	1	1	-0.4	0
chr5:18484059	10	1	10	10	1	1	1	-0.4	0
chr5:18718410	10	1	10	10	1	1	1	-0.4	0
chr5:18747858	10	1	10	10	1	1	1	-0.4	0
chr5:18791545	10	1	10	10	1	1	1	-0.4	0
chr5:19043374	10	1	10	10	1	1	1	-0.4	0
chr5:19045726	10	1	10	10	1	1	1	-0.4	0
chr5:19111258	10	1	10	10	1	1	1	-0.4	0
chr5:19111957	10	1	10	10	1	1	1	-0.4	0
chr5:19115666	10	1	10	10	1	1	1	-0.4	0
chr5:19163736	10	1	10	10	1	1	1	-0.4	0
chr5:19173033	10	1	10	10	1	1	1	-0.4	0
chr5:19176865	10	1	10	10	1	1	1	-0.4	0
chr5:19180770	10	1	10	10	1	1	1	-0.4	0
chr5:19188889	10	1	10	10	1	1	1	-0.4	0
chr5:19218095	10	1	10	10	1	1	1	-0.4	0
chr5:19219449	10	1	10	10	1	1	1	-0.4	0
chr5:19220970	10	1	10	10	1	1	1	-0.4	0
chr5:19309020	10	1	10	10	1	1	1	-0.4	0
chr5:19365103	10	1	10	10	1	1	1	-0.4	0
chr5:19399083	10	1	10	10	1	1	1	-0.4	0
chr5:19522282	10	1	10	10	1	1	1	-0.4	0
chr5:19541789	10	1	10	10	1	1	1	-0.4	0
chr5:19545128	10	1	10	10	1	1	1	-0.4	0
chr5:19628008	10	1	10	10	1	1	1	-0.4	0
chr5:19628734	10	1	10	10	1	1	1	-0.4	0
chr5:19670278	10	1	10	10	1	1	1	-0.4	0
chr5:19684502	10	1	10	10	1	1	1	-0.4	0
chr5:19698579	10	1	10	10	1	1	1	-0.4	0
chr5:19897085	10	1	10	10	1	1	1	-0.4	0
chr5:19899097	10	1	10	10	1	1	1	-0.4	0
chr5:19994391	10	1	10	10	1	1	1	-0.4	0
chr5:20000449	10	1	10	10	1	1	1	-0.4	0
chr5:20017506	10	1	10	10	1	1	1	-0.4	0
chr5:20021215	10	1	10	10	1	1	1	-0.4	0
chr5:20057794	10	1	10	10	1	1	1	-0.4	0
chr5:20084426	10	1	10	10	1	1	1	-0.4	0
chr5:20085231	10	1	10	10	1	1	1	-0.4	0
chr5:20173666	10	1	10	10	1	1	1	-0.4	0
chr5:20176000	10	1	10	10	1	1	1	-0.4	0
chr5:20192023	10	1	10	10	1	1	1	-0.4	0
chr5:20193332	10	1	10	10	1	1	1	-0.4	0
chr5:20200494	10	1	10	10	1	1	1	-0.4	0
chr5:20427760	10	1	10	10	1	1	1	-0.4	0
chr5:20438635	10	1	10	10	1	1	1	-0.4	0
chr5:20490835	10	1	10	10	1	1	1	-0.4	0
chr5:20706820	10	1	10	10	1	1	1	-0.4	0
chr5:20819966	10	1	10	10	1	1	1	-0.4	0
chr5:20862080	10	1	10	10	1	1	1	-0.4	0
chr5:20900389	10	1	10	10	1	1	1	-0.4	0
chr5:20943440	10	1	10	10	1	1	1	-0.4	0
chr5:20993725	10	1	10	10	1	1	1	-0.4	0
chr5:21034761	10	1	10	10	1	1	1	-0.4	0
chr5:21038228	10	1	10	10	1	1	1	-0.4	0
chr5:21053708	10	1	10	10	1	1	1	-0.4	0
chr5:21226271	10	1	10	10	1	1	1	-0.4	0
chr5:21271683	10	1	10	10	1	1	1	-0.4	0
chr5:21286116	10	1	10	10	1	1	1	-0.4	0
chr5:21412982	10	1	10	10	1	1	1	-0.4	0
chr5:21437698	10	1	10	10	1	1	1	-0.4	0
chr5:21450053	10	1	10	10	1	1	1	-0.4	0
chr5:21454690	10	1	10	10	1	1	1	-0.4	0
chr5:21558262	10	1	10	10	1	1	1	-0.4	0
chr5:21607400	10	1	10	10	1	1	1	-0.4	0
chr5:21615562	10	1	10	10	1	1	1	-0.4	0
chr5:21628529	10	1	10	10	1	1	1	-0.4	0
chr5:21663770	10	1	10	10	1	1	1	-0.4	0
chr5:21665548	10	1	10	10	1	1	1	-0.4	0
chr5:21700306	10	1	10	10	1	1	1	-0.4	0
chr5:21731455	10	1	10	10	1	1	1	-0.4	0
chr5:21734177	10	1	10	10	1	1	1	-0.4	0
chr5:21734968	10	1	10	10	1	1	1	-0.4	0
chr5:21752120	10	1	10	10	1	1	1	-0.4	0
chr5:21752779	10	1	10	10	1	1	1	-0.4	0
chr5:21794361	10	1	10	10	1	1	1	-0.4	0
chr5:21819499	10	1	10	10	1	1	1	-0.4	0
chr5:21885978	10	1	10	10	1	1	1	-0.4	0
chr5:21924021	10	1	10	10	1	1	1	-0.4	0
chr5:21972165	10	1	10	10	1	1	1	-0.4	0
chr5:21973921	10	1	10	10	1	1	1	-0.4	0
chr5:22049775	10	1	10	10	1	1	1	-0.4	0
chr5:22054496	10	1	10	10	1	1	1	-0.4	0
chr5:22128837	10	1	10	10	1	1	1	-0.4	0
chr5:22129581	10	1	10	10	1	1	1	-0.4	0
chr5:22151099	10	1	10	10	1	1	1	-0.4	0
chr5:22177659	10	1	10	10	1	1	1	-0.4	0
chr5:22195771	10	1	10	10	1	1	1	-0.4	0
chr5:22227014	10	1	10	10	1	1	1	-0.4	0
chr5:22246002	10	1	10	10	1	1	1	-0.4	0
chr5:22390159	10	1	10	10	1	1	1	-0.4	0
chr5:22411057	10	1	10	10	1	1	1	-0.4	0
chr5:22454857	10	1	10	10	1	1	1	-0.4	0
chr5:22472775	10	1	10	10	1	1	1	-0.4	0
chr5:22493306	10	1	10	10	1	1	1	-0.4	0
chr5:22580375	10	1	10	10	1	1	1	-0.4	0
chr5:22602574	10	1	10	10	1	1	1	-0.4	0
chr5:22603320	10	1	10	10	1	1	1	-0.4	0
chr5:22634137	10	1	10	10	1	1	1	-0.4	0
chr5:22642278	10	1	10	10	1	1	1	-0.4	0
chr5:22644942	10	1	10	10	1	1	1	-0.4	0
chr5:22691655	10	1	10	10	1	1	1	-0.4	0
chr5:22741079	10	1	10	10	1	1	1	-0.4	0
chr5:22758081	10	1	10	10	1	1	1	-0.4	0
chr5:22777314	10	1	10	10	1	1	1	-0.4	0
chr5:22992026	10	1	10	10	1	1	1	-0.4	0
chr5:23050997	10	1	10	10	1	1	1	-0.4	0
chr5:23059489	10	1	10	10	1	1	1	-0.4	0
chr5:23067019	10	1	10	10	1	1	1	-0.4	0
chr5:23067678	10	1	10	10	1	1	1	-0.4	0
chr5:23092325	10	1	10	10	1	1	1	-0.4	0
chr5:23331014	10	1	10	10	1	1	1	-0.4	0
chr5:23343425	10	1	10	10	1	1	1	-0.4	0
chr5:23355594	10	1	10	10	1	1	1	-0.4	0
chr5:23358731	10	1	10	10	1	1	1	-0.4	0
chr5:23359473	10	1	10	10	1	1	1	-0.4	0
chr5:23365763	10	1	10	10	1	1	1	-0.4	0
chr5:23377979	10	1	10	10	1	1	1	-0.4	0
chr5:23379126	10	1	10	10	1	1	1	-0.4	0
chr5:23384647	10	1	10	10	1	1	1	-0.4	0
chr5:23388709	10	1	10	10	1	1	1	-0.4	0
chr5:23400551	10	1	10	10	1	1	1	-0.4	0
chr5:23406523	10	1	10	10	1	1	1	-0.4	0
chr5:23411599	10	1	10	10	1	1	1	-0.4	0
chr5:23577647	10	1	10	10	1	1	1	-0.4	0
chr5:23668617	10	1	10	10	1	1	1	-0.4	0
chr5:23669814	10	1	10	10	1	1	1	-0.4	0
chr5:23692000	10	1	10	10	1	1	1	-0.4	0
chr5:23692541	10	1	10	10	1	1	1	-0.4	0
chr5:23700452	10	1	10	10	1	1	1	-0.4	0
chr5:23702315	10	1	10	10	1	1	1	-0.4	0
chr5:23725643	10	1	10	10	1	1	1	-0.4	0
chr5:23728599	10	1	10	10	1	1	1	-0.4	0
chr5:23824572	10	1	10	10	1	1	1	-0.4	0
chr5:23840786	10	1	10	10	1	1	1	-0.4	0
chr5:23938972	10	1	10	10	1	1	1	-0.4	0
chr5:23939980	10	1	10	10	1	1	1	-0.4	0
chr5:23998909	10	1	10	10	1	1	1	-0.4	0
chr5:24003846	10	1	10	10	1	1	1	-0.4	0
chr5:24010820	10	1	10	10	1	1	1	-0.4	0
chr5:24066246	10	1	10	10	1	1	1	-0.4	0
chr5:24128642	10	1	10	10	1	1	1	-0.4	0
chr5:24240156	10	1	10	10	1	1	1	-0.4	0
chr5:24264484	10	1	10	10	1	1	1	-0.4	0
chr5:24290685	10	1	10	10	1	1	1	-0.4	0
chr5:24384466	10	1	10	10	1	1	1	-0.4	0
chr5:24386546	10	1	10	10	1	1	1	-0.4	0
chr5:24476957	10	1	10	10	1	1	1	-0.4	0
chr5:24478840	10	1	10	10	1	1	1	-0.4	0
chr5:24480428	10	1	10	10	1	1	1	-0.4	0
chr5:24480887	10	1	10	10	1	1	1	-0.4	0
chr5:24482340	10	1	10	10	1	1	1	-0.4	0
chr5:24490912	10	1	10	10	1	1	1	-0.4	0
chr5:24492033	10	1	10	10	1	1	1	-0.4	0
chr5:24641959	10	1	10	10	1	1	1	-0.4	0
chr5:24705861	10	1	10	10	1	1	1	-0.4	0
chr5:24710009	10	1	10	10	1	1	1	-0.4	0
chr5:24738874	10	1	10	10	1	1	1	-0.4	0
chr5:24757077	10	1	10	10	1	1	1	-0.4	0
chr5:24764220	10	1	10	10	1	1	1	-0.4	0
chr5:24765329	10	1	10	10	1	1	1	-0.4	0
chr5:24766788	10	1	10	10	1	1	1	-0.4	0
chr5:24887087	10	1	10	10	1	1	1	-0.4	0
chr5:24905411	10	1	10	10	1	1	1	-0.4	0
chr5:24906337	10	1	10	10	1	1	1	-0.4	0
chr5:24908429	10	1	10	10	1	1	1	-0.4	0
chr5:24953452	10	1	10	10	1	1	1	-0.4	0
chr5:24973095	10	1	10	10	1	1	1	-0.4	0
chr5:25014774	10	1	10	10	1	1	1	-0.4	0
chr5:25015599	10	1	10	10	1	1	1	-0.4	0
chr5:25016305	10	1	10	10	1	1	1	-0.4	0
chr5:25087027	10	1	10	10	1	1	1	-0.4	0
chr5:25112292	10	1	10	10	1	1	1	-0.4	0
chr5:25158681	10	1	10	10	1	1	1	-0.4	0
chr5:25305892	10	1	10	10	1	1	1	-0.4	0
chr5:25324546	10	1	10	10	1	1	1	-0.4	0
chr5:25383608	10	1	10	10	1	1	1	-0.4	0
chr5:25398342	10	1	10	10	1	1	1	-0.4	0
chr5:25399096	10	1	10	10	1	1	1	-0.4	0
chr5:25430707	10	1	10	10	1	1	1	-0.4	0
chr5:25437062	10	1	10	10	1	1	1	-0.4	0
chr5:25468484	10	1	10	10	1	1	1	-0.4	0
chr5:25483604	10	1	10	10	1	1	1	-0.4	0
chr5:25484573	10	1	10	10	1	1	1	-0.4	0
chr5:25528118	10	1	10	10	1	1	1	-0.4	0
chr5:25532293	10	1	10	10	1	1	1	-0.4	0
chr5:25536385	10	1	10	10	1	1	1	-0.4	0
chr5:25559112	10	1	10	10	1	1	1	-0.4	0
chr5:25650463	10	1	10	10	1	1	1	-0.4	0
chr5:25663067	10	1	10	10	1	1	1	-0.4	0
chr5:25685961	10	1	10	10	1	1	1	-0.4	0
chr5:25701168	10	1	10	10	1	1	1	-0.4	0
chr5:25705047	10	1	10	10	1	1	1	-0.4	0
chr5:25730547	10	1	10	10	1	1	1	-0.4	0
chr5:25753336	10	1	10	10	1	1	1	-0.4	0
chr5:25755087	10	1	10	10	1	1	1	-0.4	0
chr5:25792675	10	1	10	10	1	1	1	-0.4	0
chr5:25805556	10	1	10	10	1	1	1	-0.4	0
chr5:25806430	10	1	10	10	1	1	1	-0.4	0
chr5:25842457	10	1	10	10	1	1	1	-0.4	0
chr5:25843448	10	1	10	10	1	1	1	-0.4	0
chr5:25868314	10	1	10	10	1	1	1	-0.4	0
chr5:25876636	10	1	10	10	1	1	1	-0.4	0
chr5:25891383	10	1	10	10	1	1	1	-0.4	0
chr5:25929386	10	1	10	10	1	1	1	-0.4	0
chr5:26014759	10	1	10	10	1	1	1	-0.4	0
chr5:26018890	10	1	10	10	1	1	1	-0.4	0
chr5:26057239	10	1	10	10	1	1	1	-0.4	0
chr5:26088520	10	1	10	10	1	1	1	-0.4	0
chr5:26095827	10	1	10	10	1	1	1	-0.4	0
chr5:26096806	10	1	10	10	1	1	1	-0.4	0
chr5:26098400	10	1	10	10	1	1	1	-0.4	0
chr5:26099011	10	1	10	10	1	1	1	-0.4	0
chr5:26100064	10	1	10	10	1	1	1	-0.4	0
chr5:26100864	10	1	10	10	1	1	1	-0.4	0
chr5:26102311	10	1	10	10	1	1	1	-0.4	0
chr5:26105714	10	1	10	10	1	1	1	-0.4	0
chr5:26112805	10	1	10	10	1	1	1	-0.4	0
chr5:26150429	10	1	10	10	1	1	1	-0.4	0
chr5:26171258	10	1	10	10	1	1	1	-0.4	0
chr5:26171966	10	1	10	10	1	1	1	-0.4	0
chr5:26242249	10	1	10	10	1	1	1	-0.4	0
chr5:26242844	10	1	10	10	1	1	1	-0.4	0
chr5:26250798	10	1	10	10	1	1	1	-0.4	0
chr5:26253147	10	1	10	10	1	1	1	-0.4	0
chr5:26260828	10	1	10	10	1	1	1	-0.4	0
chr5:26263141	10	1	10	10	1	1	1	-0.4	0
chr5:26263907	10	1	10	10	1	1	1	-0.4	0
chr5:26333209	10	1	10	10	1	1	1	-0.4	0
chr5:26366154	10	1	10	10	1	1	1	-0.4	0
chr5:26367067	10	1	10	10	1	1	1	-0.4	0
chr5:26416025	10	1	10	10	1	1	1	-0.4	0
chr5:26425439	10	1	10	10	1	1	1	-0.4	0
chr5:26456259	10	1	10	10	1	1	1	-0.4	0
chr5:26492342	10	1	10	10	1	1	1	-0.4	0
chr5:26500321	10	1	10	10	1	1	1	-0.4	0
chr5:26522933	10	1	10	10	1	1	1	-0.4	0
chr5:26572450	10	1	10	10	1	1	1	-0.4	0
chr5:26573982	10	1	10	10	1	1	1	-0.4	0
chr5:26574658	10	1	10	10	1	1	1	-0.4	0
chr5:26602903	10	1	10	10	1	1	1	-0.4	0
chr5:26617208	10	1	10	10	1	1	1	-0.4	0
chr5:26705070	10	1	10	10	1	1	1	-0.4	0
chr5:26762826	10	1	10	10	1	1	1	-0.4	0
chr5:26806322	10	1	10	10	1	1	1	-0.4	0
chr5:26808445	10	1	10	10	1	1	1	-0.4	0
chr5:26810211	10	1	10	10	1	1	1	-0.4	0
chr5:26843298	10	1	10	10	1	1	1	-0.4	0
chr5:26851405	10	1	10	10	1	1	1	-0.4	0
chr5:26851799	10	1	10	10	1	1	1	-0.4	0
chr5:26853747	10	1	10	10	1	1	1	-0.4	0
chr5:26855428	10	1	10	10	1	1	1	-0.4	0
chr5:26869365	10	1	10	10	1	1	1	-0.4	0
chr5:26889623	10	1	10	10	1	1	1	-0.4	0
chr5:26890053	10	1	10	10	1	1	1	-0.4	0
chr5:26901674	10	1	10	10	1	1	1	-0.4	0
chr5:26903181	10	1	10	10	1	1	1	-0.4	0
chr5:26904331	10	1	10	10	1	1	1	-0.4	0
chr5:26905048	10	1	10	10	1	1	1	-0.4	0
chr5:26933288	10	1	10	10	1	1	1	-0.4	0
