Position	IP	Control	Fold	Expectd	Q_-lg10	P_-lg10	P_poiss	IPvsEMP	Noise
chr1:57149	10	1	10	10	1	1	1	-0.4	0
chr1:63966	10	1	10	10	1	1	1	-0.4	0
chr1:68513	10	1	10	10	1	1	1	-0.4	0
chr1:118606	10	1	10	10	1	1	1	-0.4	0
chr1:156618	10	1	10	10	1	1	1	-0.4	0
chr1:199532	10	1	10	10	1	1	1	-0.4	0
chr1:201242	10	1	10	10	1	1	1	-0.4	0
chr1:201811	10	1	10	10	1	1	1	-0.4	0
chr1:225366	10	1	10	10	1	1	1	-0.4	0
chr1:225946	10	1	10	10	1	1	1	-0.4	0
chr1:227494	10	1	10	10	1	1	1	-0.4	0
chr1:269860	10	1	10	10	1	1	1	-0.4	0
chr1:325256	10	1	10	10	1	1	1	-0.4	0
chr1:364239	10	1	10	10	1	1	1	-0.4	0
chr1:426573	10	1	10	10	1	1	1	-0.4	0
chr1:431153	10	1	10	10	1	1	1	-0.4	0
chr1:468938	10	1	10	10	1	1	1	-0.4	0
chr1:469569	10	1	10	10	1	1	1	-0.4	0
chr1:471656	10	1	10	10	1	1	1	-0.4	0
chr1:572020	10	1	10	10	1	1	1	-0.4	0
chr1:574404	10	1	10	10	1	1	1	-0.4	0
chr1:575805	10	1	10	10	1	1	1	-0.4	0
chr1:634131	10	1	10	10	1	1	1	-0.4	0
chr1:787476	10	1	10	10	1	1	1	-0.4	0
chr1:880295	10	1	10	10	1	1	1	-0.4	0
chr1:899986	10	1	10	10	1	1	1	-0.4	0
chr1:900692	10	1	10	10	1	1	1	-0.4	0
chr1:957001	10	1	10	10	1	1	1	-0.4	0
chr1:982445	10	1	10	10	1	1	1	-0.4	0
chr1:983406	10	1	10	10	1	1	1	-0.4	0
chr1:984098	10	1	10	10	1	1	1	-0.4	0
chr1:1028399	10	1	10	10	1	1	1	-0.4	0
chr1:1128479	10	1	10	10	1	1	1	-0.4	0
chr1:1130716	10	1	10	10	1	1	1	-0.4	0
chr1:1138178	10	1	10	10	1	1	1	-0.4	0
chr1:1139130	10	1	10	10	1	1	1	-0.4	0
chr1:1145853	10	1	10	10	1	1	1	-0.4	0
chr1:1189069	10	1	10	10	1	1	1	-0.4	0
chr1:1236525	10	1	10	10	1	1	1	-0.4	0
chr1:1275295	10	1	10	10	1	1	1	-0.4	0
chr1:1713538	10	1	10	10	1	1	1	-0.4	0
chr1:1762201	10	1	10	10	1	1	1	-0.4	0
chr1:1766560	10	1	10	10	1	1	1	-0.4	0
chr1:1773827	10	1	10	10	1	1	1	-0.4	0
chr1:1953945	10	1	10	10	1	1	1	-0.4	0
chr1:2142137	10	1	10	10	1	1	1	-0.4	0
chr1:2172483	10	1	10	10	1	1	1	-0.4	0
chr1:2175133	10	1	10	10	1	1	1	-0.4	0
chr1:2277835	10	1	10	10	1	1	1	-0.4	0
chr1:2348951	10	1	10	10	1	1	1	-0.4	0
chr1:2370245	10	1	10	10	1	1	1	-0.4	0
chr1:2390055	10	1	10	10	1	1	1	-0.4	0
chr1:2438621	10	1	10	10	1	1	1	-0.4	0
chr1:2475328	10	1	10	10	1	1	1	-0.4	0
chr1:2530423	10	1	10	10	1	1	1	-0.4	0
chr1:2565500	10	1	10	10	1	1	1	-0.4	0
chr1:2573580	10	1	10	10	1	1	1	-0.4	0
chr1:2622847	10	1	10	10	1	1	1	-0.4	0
chr1:2688778	10	1	10	10	1	1	1	-0.4	0
chr1:2690577	10	1	10	10	1	1	1	-0.4	0
chr1:2691217	10	1	10	10	1	1	1	-0.4	0
chr1:2754653	10	1	10	10	1	1	1	-0.4	0
chr1:2755301	10	1	10	10	1	1	1	-0.4	0
chr1:2755811	10	1	10	10	1	1	1	-0.4	0
chr1:2928419	10	1	10	10	1	1	1	-0.4	0
chr1:2929037	10	1	10	10	1	1	1	-0.4	0
chr1:2990051	10	1	10	10	1	1	1	-0.4	0
chr1:2990400	10	1	10	10	1	1	1	-0.4	0
chr1:2990936	10	1	10	10	1	1	1	-0.4	0
chr1:2992011	10	1	10	10	1	1	1	-0.4	0
chr1:3009595	10	1	10	10	1	1	1	-0.4	0
chr1:3072657	10	1	10	10	1	1	1	-0.4	0
chr1:3075636	10	1	10	10	1	1	1	-0.4	0
chr1:3095405	10	1	10	10	1	1	1	-0.4	0
chr1:3101336	10	1	10	10	1	1	1	-0.4	0
chr1:3247973	10	1	10	10	1	1	1	-0.4	0
chr1:3272603	10	1	10	10	1	1	1	-0.4	0
chr1:3348386	10	1	10	10	1	1	1	-0.4	0
chr1:3420984	10	1	10	10	1	1	1	-0.4	0
chr1:3421349	10	1	10	10	1	1	1	-0.4	0
chr1:3440868	10	1	10	10	1	1	1	-0.4	0
chr1:3479200	10	1	10	10	1	1	1	-0.4	0
chr1:3482153	10	1	10	10	1	1	1	-0.4	0
chr1:3664072	10	1	10	10	1	1	1	-0.4	0
chr1:3676218	10	1	10	10	1	1	1	-0.4	0
chr1:3878276	10	1	10	10	1	1	1	-0.4	0
chr1:3933767	10	1	10	10	1	1	1	-0.4	0
chr1:4090342	10	1	10	10	1	1	1	-0.4	0
chr1:4103463	10	1	10	10	1	1	1	-0.4	0
chr1:4108098	10	1	10	10	1	1	1	-0.4	0
chr1:4112906	10	1	10	10	1	1	1	-0.4	0
chr1:4192452	10	1	10	10	1	1	1	-0.4	0
chr1:4230107	10	1	10	10	1	1	1	-0.4	0
chr1:4230705	10	1	10	10	1	1	1	-0.4	0
chr1:4247093	10	1	10	10	1	1	1	-0.4	0
chr1:4265302	10	1	10	10	1	1	1	-0.4	0
chr1:4282342	10	1	10	10	1	1	1	-0.4	0
chr1:4290894	10	1	10	10	1	1	1	-0.4	0
chr1:4344045	10	1	10	10	1	1	1	-0.4	0
chr1:4379574	10	1	10	10	1	1	1	-0.4	0
chr1:4524139	10	1	10	10	1	1	1	-0.4	0
chr1:4524999	10	1	10	10	1	1	1	-0.4	0
chr1:4532268	10	1	10	10	1	1	1	-0.4	0
chr1:4532938	10	1	10	10	1	1	1	-0.4	0
chr1:4543136	10	1	10	10	1	1	1	-0.4	0
chr1:4543890	10	1	10	10	1	1	1	-0.4	0
chr1:4577848	10	1	10	10	1	1	1	-0.4	0
chr1:4591112	10	1	10	10	1	1	1	-0.4	0
chr1:4879656	10	1	10	10	1	1	1	-0.4	0
chr1:4893618	10	1	10	10	1	1	1	-0.4	0
chr1:4903195	10	1	10	10	1	1	1	-0.4	0
chr1:4994581	10	1	10	10	1	1	1	-0.4	0
chr1:5058111	10	1	10	10	1	1	1	-0.4	0
chr1:5061361	10	1	10	10	1	1	1	-0.4	0
chr1:5070789	10	1	10	10	1	1	1	-0.4	0
chr1:5126375	10	1	10	10	1	1	1	-0.4	0
chr1:5137007	10	1	10	10	1	1	1	-0.4	0
chr1:5145782	10	1	10	10	1	1	1	-0.4	0
chr1:5202471	10	1	10	10	1	1	1	-0.4	0
chr1:5295961	10	1	10	10	1	1	1	-0.4	0
chr1:5344351	10	1	10	10	1	1	1	-0.4	0
chr1:5345167	10	1	10	10	1	1	1	-0.4	0
chr1:5349674	10	1	10	10	1	1	1	-0.4	0
chr1:5391132	10	1	10	10	1	1	1	-0.4	0
chr1:5421583	10	1	10	10	1	1	1	-0.4	0
chr1:5437489	10	1	10	10	1	1	1	-0.4	0
chr1:5531958	10	1	10	10	1	1	1	-0.4	0
chr1:5539975	10	1	10	10	1	1	1	-0.4	0
chr1:5646736	10	1	10	10	1	1	1	-0.4	0
chr1:5899369	10	1	10	10	1	1	1	-0.4	0
chr1:6142499	10	1	10	10	1	1	1	-0.4	0
chr1:6308097	10	1	10	10	1	1	1	-0.4	0
chr1:6333560	10	1	10	10	1	1	1	-0.4	0
chr1:6352272	10	1	10	10	1	1	1	-0.4	0
chr1:6391177	10	1	10	10	1	1	1	-0.4	0
chr1:6462795	10	1	10	10	1	1	1	-0.4	0
chr1:6463617	10	1	10	10	1	1	1	-0.4	0
chr1:6464931	10	1	10	10	1	1	1	-0.4	0
chr1:6497149	10	1	10	10	1	1	1	-0.4	0
chr1:6498374	10	1	10	10	1	1	1	-0.4	0
chr1:6512386	10	1	10	10	1	1	1	-0.4	0
chr1:6579285	10	1	10	10	1	1	1	-0.4	0
chr1:6677794	10	1	10	10	1	1	1	-0.4	0
chr1:6723954	10	1	10	10	1	1	1	-0.4	0
chr1:6726656	10	1	10	10	1	1	1	-0.4	0
chr1:6729387	10	1	10	10	1	1	1	-0.4	0
chr1:6737706	10	1	10	10	1	1	1	-0.4	0
chr1:6738473	10	1	10	10	1	1	1	-0.4	0
chr1:6739068	10	1	10	10	1	1	1	-0.4	0
chr1:6739831	10	1	10	10	1	1	1	-0.4	0
chr1:6740203	10	1	10	10	1	1	1	-0.4	0
chr1:6741122	10	1	10	10	1	1	1	-0.4	0
chr1:6855959	10	1	10	10	1	1	1	-0.4	0
chr1:6867983	10	1	10	10	1	1	1	-0.4	0
chr1:6899896	10	1	10	10	1	1	1	-0.4	0
chr1:6911500	10	1	10	10	1	1	1	-0.4	0
chr1:6959445	10	1	10	10	1	1	1	-0.4	0
chr1:7038486	10	1	10	10	1	1	1	-0.4	0
chr1:7084478	10	1	10	10	1	1	1	-0.4	0
chr1:7144069	10	1	10	10	1	1	1	-0.4	0
chr1:7145511	10	1	10	10	1	1	1	-0.4	0
chr1:7216953	10	1	10	10	1	1	1	-0.4	0
chr1:7221077	10	1	10	10	1	1	1	-0.4	0
chr1:7270602	10	1	10	10	1	1	1	-0.4	0
chr1:7365404	10	1	10	10	1	1	1	-0.4	0
chr1:7369084	10	1	10	10	1	1	1	-0.4	0
chr1:7370806	10	1	10	10	1	1	1	-0.4	0
chr1:7488907	10	1	10	10	1	1	1	-0.4	0
chr1:7609496	10	1	10	10	1	1	1	-0.4	0
chr1:7739792	10	1	10	10	1	1	1	-0.4	0
chr1:7800691	10	1	10	10	1	1	1	-0.4	0
chr1:7801128	10	1	10	10	1	1	1	-0.4	0
chr1:7834149	10	1	10	10	1	1	1	-0.4	0
chr1:7836844	10	1	10	10	1	1	1	-0.4	0
chr1:7884754	10	1	10	10	1	1	1	-0.4	0
chr1:7888838	10	1	10	10	1	1	1	-0.4	0
chr1:7889578	10	1	10	10	1	1	1	-0.4	0
chr1:7897688	10	1	10	10	1	1	1	-0.4	0
chr1:7966440	10	1	10	10	1	1	1	-0.4	0
chr1:8005345	10	1	10	10	1	1	1	-0.4	0
chr1:8006043	10	1	10	10	1	1	1	-0.4	0
chr1:8006986	10	1	10	10	1	1	1	-0.4	0
chr1:8009654	10	1	10	10	1	1	1	-0.4	0
chr1:8010855	10	1	10	10	1	1	1	-0.4	0
chr1:8075786	10	1	10	10	1	1	1	-0.4	0
chr1:8098159	10	1	10	10	1	1	1	-0.4	0
chr1:8106756	10	1	10	10	1	1	1	-0.4	0
chr1:8155809	10	1	10	10	1	1	1	-0.4	0
chr1:8158206	10	1	10	10	1	1	1	-0.4	0
chr1:8158770	10	1	10	10	1	1	1	-0.4	0
chr1:8159350	10	1	10	10	1	1	1	-0.4	0
chr1:8168131	10	1	10	10	1	1	1	-0.4	0
chr1:8181399	10	1	10	10	1	1	1	-0.4	0
chr1:8298028	10	1	10	10	1	1	1	-0.4	0
chr1:8298431	10	1	10	10	1	1	1	-0.4	0
chr1:8559083	10	1	10	10	1	1	1	-0.4	0
chr1:8841533	10	1	10	10	1	1	1	-0.4	0
chr1:8843028	10	1	10	10	1	1	1	-0.4	0
chr1:8888384	10	1	10	10	1	1	1	-0.4	0
chr1:8888645	10	1	10	10	1	1	1	-0.4	0
chr1:8922529	10	1	10	10	1	1	1	-0.4	0
chr1:8924326	10	1	10	10	1	1	1	-0.4	0
chr1:8975861	10	1	10	10	1	1	1	-0.4	0
chr1:8976300	10	1	10	10	1	1	1	-0.4	0
chr1:8981558	10	1	10	10	1	1	1	-0.4	0
chr1:9044402	10	1	10	10	1	1	1	-0.4	0
chr1:9325877	10	1	10	10	1	1	1	-0.4	0
chr1:9357433	10	1	10	10	1	1	1	-0.4	0
chr1:9446375	10	1	10	10	1	1	1	-0.4	0
chr1:9455271	10	1	10	10	1	1	1	-0.4	0
chr1:9483078	10	1	10	10	1	1	1	-0.4	0
chr1:9492797	10	1	10	10	1	1	1	-0.4	0
chr1:9627886	10	1	10	10	1	1	1	-0.4	0
chr1:9628445	10	1	10	10	1	1	1	-0.4	0
chr1:9810744	10	1	10	10	1	1	1	-0.4	0
chr1:9934383	10	1	10	10	1	1	1	-0.4	0
chr1:9953013	10	1	10	10	1	1	1	-0.4	0
chr1:10001083	10	1	10	10	1	1	1	-0.4	0
chr1:10046548	10	1	10	10	1	1	1	-0.4	0
chr1:10065469	10	1	10	10	1	1	1	-0.4	0
chr1:10071537	10	1	10	10	1	1	1	-0.4	0
chr1:10073542	10	1	10	10	1	1	1	-0.4	0
chr1:10074564	10	1	10	10	1	1	1	-0.4	0
chr1:10078248	10	1	10	10	1	1	1	-0.4	0
chr1:10248109	10	1	10	10	1	1	1	-0.4	0
chr1:10303623	10	1	10	10	1	1	1	-0.4	0
chr1:10305383	10	1	10	10	1	1	1	-0.4	0
chr1:10321005	10	1	10	10	1	1	1	-0.4	0
chr1:10322102	10	1	10	10	1	1	1	-0.4	0
chr1:10323337	10	1	10	10	1	1	1	-0.4	0
chr1:10354028	10	1	10	10	1	1	1	-0.4	0
chr1:10355566	10	1	10	10	1	1	1	-0.4	0
chr1:10365422	10	1	10	10	1	1	1	-0.4	0
chr1:10562778	10	1	10	10	1	1	1	-0.4	0
chr1:10581374	10	1	10	10	1	1	1	-0.4	0
chr1:10621786	10	1	10	10	1	1	1	-0.4	0
chr1:10693305	10	1	10	10	1	1	1	-0.4	0
chr1:10696219	10	1	10	10	1	1	1	-0.4	0
chr1:10705354	10	1	10	10	1	1	1	-0.4	0
chr1:10757907	10	1	10	10	1	1	1	-0.4	0
chr1:10886602	10	1	10	10	1	1	1	-0.4	0
chr1:11197099	10	1	10	10	1	1	1	-0.4	0
chr1:11226532	10	1	10	10	1	1	1	-0.4	0
chr1:11412165	10	1	10	10	1	1	1	-0.4	0
chr1:11575563	10	1	10	10	1	1	1	-0.4	0
chr1:11576063	10	1	10	10	1	1	1	-0.4	0
chr1:11577286	10	1	10	10	1	1	1	-0.4	0
chr1:11578074	10	1	10	10	1	1	1	-0.4	0
chr1:11605593	10	1	10	10	1	1	1	-0.4	0
chr1:11622998	10	1	10	10	1	1	1	-0.4	0
chr1:11929577	10	1	10	10	1	1	1	-0.4	0
chr1:11978925	10	1	10	10	1	1	1	-0.4	0
chr1:12050777	10	1	10	10	1	1	1	-0.4	0
chr1:12052149	10	1	10	10	1	1	1	-0.4	0
chr1:12053181	10	1	10	10	1	1	1	-0.4	0
chr1:12138708	10	1	10	10	1	1	1	-0.4	0
chr1:13074073	10	1	10	10	1	1	1	-0.4	0
chr1:13453231	10	1	10	10	1	1	1	-0.4	0
chr1:13999755	10	1	10	10	1	1	1	-0.4	0
chr1:14000219	10	1	10	10	1	1	1	-0.4	0
chr1:14159178	10	1	10	10	1	1	1	-0.4	0
chr1:15082262	10	1	10	10	1	1	1	-0.4	0
chr1:15083717	10	1	10	10	1	1	1	-0.4	0
chr1:15084443	10	1	10	10	1	1	1	-0.4	0
chr1:15085669	10	1	10	10	1	1	1	-0.4	0
chr1:16966430	10	1	10	10	1	1	1	-0.4	0
chr1:17235526	10	1	10	10	1	1	1	-0.4	0
chr1:17834589	10	1	10	10	1	1	1	-0.4	0
chr1:17865583	10	1	10	10	1	1	1	-0.4	0
chr1:17921337	10	1	10	10	1	1	1	-0.4	0
chr1:17921635	10	1	10	10	1	1	1	-0.4	0
chr1:18182779	10	1	10	10	1	1	1	-0.4	0
chr1:18197773	10	1	10	10	1	1	1	-0.4	0
chr1:18217011	10	1	10	10	1	1	1	-0.4	0
chr1:18218411	10	1	10	10	1	1	1	-0.4	0
chr1:18301982	10	1	10	10	1	1	1	-0.4	0
chr1:18322425	10	1	10	10	1	1	1	-0.4	0
chr1:18323522	10	1	10	10	1	1	1	-0.4	0
chr1:18430411	10	1	10	10	1	1	1	-0.4	0
chr1:18432992	10	1	10	10	1	1	1	-0.4	0
chr1:18624705	10	1	10	10	1	1	1	-0.4	0
chr1:18680975	10	1	10	10	1	1	1	-0.4	0
chr1:18886476	10	1	10	10	1	1	1	-0.4	0
chr1:18942703	10	1	10	10	1	1	1	-0.4	0
chr1:18951998	10	1	10	10	1	1	1	-0.4	0
chr1:18953620	10	1	10	10	1	1	1	-0.4	0
chr1:19175426	10	1	10	10	1	1	1	-0.4	0
chr1:19420443	10	1	10	10	1	1	1	-0.4	0
chr1:19433452	10	1	10	10	1	1	1	-0.4	0
chr1:19649553	10	1	10	10	1	1	1	-0.4	0
chr1:19673698	10	1	10	10	1	1	1	-0.4	0
chr1:19843964	10	1	10	10	1	1	1	-0.4	0
chr1:19845571	10	1	10	10	1	1	1	-0.4	0
chr1:19912780	10	1	10	10	1	1	1	-0.4	0
chr1:19935799	10	1	10	10	1	1	1	-0.4	0
chr1:20095200	10	1	10	10	1	1	1	-0.4	0
chr1:20204893	10	1	10	10	1	1	1	-0.4	0
chr1:20206868	10	1	10	10	1	1	1	-0.4	0
chr1:20239725	10	1	10	10	1	1	1	-0.4	0
chr1:20311883	10	1	10	10	1	1	1	-0.4	0
chr1:20521970	10	1	10	10	1	1	1	-0.4	0
chr1:20648284	10	1	10	10	1	1	1	-0.4	0
chr1:20785654	10	1	10	10	1	1	1	-0.4	0
chr1:20912851	10	1	10	10	1	1	1	-0.4	0
chr1:21007975	10	1	10	10	1	1	1	-0.4	0
chr1:21364715	10	1	10	10	1	1	1	-0.4	0
chr1:21442133	10	1	10	10	1	1	1	-0.4	0
chr1:21519101	10	1	10	10	1	1	1	-0.4	0
chr1:21888287	10	1	10	10	1	1	1	-0.4	0
chr1:22057345	10	1	10	10	1	1	1	-0.4	0
chr1:22064752	10	1	10	10	1	1	1	-0.4	0
chr1:22079469	10	1	10	10	1	1	1	-0.4	0
chr1:22165689	10	1	10	10	1	1	1	-0.4	0
chr1:22200288	10	1	10	10	1	1	1	-0.4	0
chr1:22321622	10	1	10	10	1	1	1	-0.4	0
chr1:22512280	10	1	10	10	1	1	1	-0.4	0
chr1:22767783	10	1	10	10	1	1	1	-0.4	0
chr1:22768835	10	1	10	10	1	1	1	-0.4	0
chr1:22800159	10	1	10	10	1	1	1	-0.4	0
chr1:22869653	10	1	10	10	1	1	1	-0.4	0
chr1:22880645	10	1	10	10	1	1	1	-0.4	0
chr1:22928899	10	1	10	10	1	1	1	-0.4	0
chr1:23015993	10	1	10	10	1	1	1	-0.4	0
chr1:23016525	10	1	10	10	1	1	1	-0.4	0
chr1:23145092	10	1	10	10	1	1	1	-0.4	0
chr1:23253520	10	1	10	10	1	1	1	-0.4	0
chr1:23335493	10	1	10	10	1	1	1	-0.4	0
chr1:23392890	10	1	10	10	1	1	1	-0.4	0
chr1:23638012	10	1	10	10	1	1	1	-0.4	0
chr1:23835463	10	1	10	10	1	1	1	-0.4	0
chr1:23895876	10	1	10	10	1	1	1	-0.4	0
chr1:23899099	10	1	10	10	1	1	1	-0.4	0
chr1:23912011	10	1	10	10	1	1	1	-0.4	0
chr1:23912878	10	1	10	10	1	1	1	-0.4	0
chr1:23915070	10	1	10	10	1	1	1	-0.4	0
chr1:23923397	10	1	10	10	1	1	1	-0.4	0
chr1:24043558	10	1	10	10	1	1	1	-0.4	0
chr1:24149162	10	1	10	10	1	1	1	-0.4	0
chr1:24257574	10	1	10	10	1	1	1	-0.4	0
chr1:24258271	10	1	10	10	1	1	1	-0.4	0
chr1:24492397	10	1	10	10	1	1	1	-0.4	0
chr1:24492745	10	1	10	10	1	1	1	-0.4	0
chr1:24530285	10	1	10	10	1	1	1	-0.4	0
chr1:24536373	10	1	10	10	1	1	1	-0.4	0
chr1:24538319	10	1	10	10	1	1	1	-0.4	0
chr1:24631264	10	1	10	10	1	1	1	-0.4	0
chr1:24654129	10	1	10	10	1	1	1	-0.4	0
chr1:24770047	10	1	10	10	1	1	1	-0.4	0
chr1:24770459	10	1	10	10	1	1	1	-0.4	0
chr1:24848036	10	1	10	10	1	1	1	-0.4	0
chr1:24883671	10	1	10	10	1	1	1	-0.4	0
chr1:25029919	10	1	10	10	1	1	1	-0.4	0
chr1:25176375	10	1	10	10	1	1	1	-0.4	0
chr1:25178218	10	1	10	10	1	1	1	-0.4	0
chr1:25334802	10	1	10	10	1	1	1	-0.4	0
chr1:25453723	10	1	10	10	1	1	1	-0.4	0
chr1:25464262	10	1	10	10	1	1	1	-0.4	0
chr1:25472465	10	1	10	10	1	1	1	-0.4	0
chr1:25541004	10	1	10	10	1	1	1	-0.4	0
chr1:25657721	10	1	10	10	1	1	1	-0.4	0
chr1:25659129	10	1	10	10	1	1	1	-0.4	0
chr1:25695758	10	1	10	10	1	1	1	-0.4	0
chr1:25713414	10	1	10	10	1	1	1	-0.4	0
chr1:25730789	10	1	10	10	1	1	1	-0.4	0
chr1:25781257	10	1	10	10	1	1	1	-0.4	0
chr1:25870418	10	1	10	10	1	1	1	-0.4	0
chr1:25988938	10	1	10	10	1	1	1	-0.4	0
chr1:26043045	10	1	10	10	1	1	1	-0.4	0
chr1:26089066	10	1	10	10	1	1	1	-0.4	0
chr1:26122477	10	1	10	10	1	1	1	-0.4	0
chr1:26144615	10	1	10	10	1	1	1	-0.4	0
chr1:26164629	10	1	10	10	1	1	1	-0.4	0
chr1:26210843	10	1	10	10	1	1	1	-0.4	0
chr1:26211067	10	1	10	10	1	1	1	-0.4	0
chr1:26256574	10	1	10	10	1	1	1	-0.4	0
chr1:26442696	10	1	10	10	1	1	1	-0.4	0
chr1:26444510	10	1	10	10	1	1	1	-0.4	0
chr1:26463831	10	1	10	10	1	1	1	-0.4	0
chr1:26511582	10	1	10	10	1	1	1	-0.4	0
chr1:26534824	10	1	10	10	1	1	1	-0.4	0
chr1:26535524	10	1	10	10	1	1	1	-0.4	0
chr1:26587570	10	1	10	10	1	1	1	-0.4	0
chr1:26591686	10	1	10	10	1	1	1	-0.4	0
chr1:26695092	10	1	10	10	1	1	1	-0.4	0
chr1:26699466	10	1	10	10	1	1	1	-0.4	0
chr1:26731452	10	1	10	10	1	1	1	-0.4	0
chr1:26746458	10	1	10	10	1	1	1	-0.4	0
chr1:26748854	10	1	10	10	1	1	1	-0.4	0
chr1:26750369	10	1	10	10	1	1	1	-0.4	0
chr1:26779229	10	1	10	10	1	1	1	-0.4	0
chr1:26796518	10	1	10	10	1	1	1	-0.4	0
chr1:27018010	10	1	10	10	1	1	1	-0.4	0
chr1:27036934	10	1	10	10	1	1	1	-0.4	0
chr1:27148718	10	1	10	10	1	1	1	-0.4	0
chr1:27149751	10	1	10	10	1	1	1	-0.4	0
chr1:27150188	10	1	10	10	1	1	1	-0.4	0
chr1:27151230	10	1	10	10	1	1	1	-0.4	0
chr1:27151877	10	1	10	10	1	1	1	-0.4	0
chr1:27153421	10	1	10	10	1	1	1	-0.4	0
chr1:27160154	10	1	10	10	1	1	1	-0.4	0
chr1:27264636	10	1	10	10	1	1	1	-0.4	0
chr1:27282526	10	1	10	10	1	1	1	-0.4	0
chr1:27300110	10	1	10	10	1	1	1	-0.4	0
chr1:27530163	10	1	10	10	1	1	1	-0.4	0
chr1:27578738	10	1	10	10	1	1	1	-0.4	0
chr1:27645730	10	1	10	10	1	1	1	-0.4	0
chr1:27713701	10	1	10	10	1	1	1	-0.4	0
chr1:28045857	10	1	10	10	1	1	1	-0.4	0
chr1:28046135	10	1	10	10	1	1	1	-0.4	0
chr1:28071338	10	1	10	10	1	1	1	-0.4	0
chr1:28098692	10	1	10	10	1	1	1	-0.4	0
chr1:28115617	10	1	10	10	1	1	1	-0.4	0
chr1:28145896	10	1	10	10	1	1	1	-0.4	0
chr1:28179668	10	1	10	10	1	1	1	-0.4	0
chr1:28180284	10	1	10	10	1	1	1	-0.4	0
chr1:28185680	10	1	10	10	1	1	1	-0.4	0
chr1:28186661	10	1	10	10	1	1	1	-0.4	0
chr1:28187739	10	1	10	10	1	1	1	-0.4	0
chr1:28189243	10	1	10	10	1	1	1	-0.4	0
chr1:28190178	10	1	10	10	1	1	1	-0.4	0
chr1:28190862	10	1	10	10	1	1	1	-0.4	0
chr1:28193992	10	1	10	10	1	1	1	-0.4	0
chr1:28195714	10	1	10	10	1	1	1	-0.4	0
chr1:28196218	10	1	10	10	1	1	1	-0.4	0
chr1:28198948	10	1	10	10	1	1	1	-0.4	0
chr1:28199687	10	1	10	10	1	1	1	-0.4	0
chr1:28201982	10	1	10	10	1	1	1	-0.4	0
chr1:28202455	10	1	10	10	1	1	1	-0.4	0
chr1:28203684	10	1	10	10	1	1	1	-0.4	0
chr1:28204360	10	1	10	10	1	1	1	-0.4	0
chr1:28208578	10	1	10	10	1	1	1	-0.4	0
chr1:28209487	10	1	10	10	1	1	1	-0.4	0
chr1:28211156	10	1	10	10	1	1	1	-0.4	0
chr1:28211950	10	1	10	10	1	1	1	-0.4	0
chr1:28213775	10	1	10	10	1	1	1	-0.4	0
chr1:28220440	10	1	10	10	1	1	1	-0.4	0
chr1:28222720	10	1	10	10	1	1	1	-0.4	0
chr1:28223258	10	1	10	10	1	1	1	-0.4	0
chr1:28223868	10	1	10	10	1	1	1	-0.4	0
chr1:28224638	10	1	10	10	1	1	1	-0.4	0
chr1:28228483	10	1	10	10	1	1	1	-0.4	0
chr1:28229092	10	1	10	10	1	1	1	-0.4	0
chr1:28230347	10	1	10	10	1	1	1	-0.4	0
chr1:28230772	10	1	10	10	1	1	1	-0.4	0
chr1:28231225	10	1	10	10	1	1	1	-0.4	0
chr1:28233737	10	1	10	10	1	1	1	-0.4	0
chr1:28234308	10	1	10	10	1	1	1	-0.4	0
chr1:28235347	10	1	10	10	1	1	1	-0.4	0
chr1:28236245	10	1	10	10	1	1	1	-0.4	0
chr1:28237610	10	1	10	10	1	1	1	-0.4	0
chr1:28239727	10	1	10	10	1	1	1	-0.4	0
chr1:28240209	10	1	10	10	1	1	1	-0.4	0
chr1:28241254	10	1	10	10	1	1	1	-0.4	0
chr1:28242267	10	1	10	10	1	1	1	-0.4	0
chr1:28242611	10	1	10	10	1	1	1	-0.4	0
chr1:28243242	10	1	10	10	1	1	1	-0.4	0
chr1:28244169	10	1	10	10	1	1	1	-0.4	0
chr1:28258490	10	1	10	10	1	1	1	-0.4	0
chr1:28285609	10	1	10	10	1	1	1	-0.4	0
chr1:28290354	10	1	10	10	1	1	1	-0.4	0
chr1:28315654	10	1	10	10	1	1	1	-0.4	0
chr1:28319055	10	1	10	10	1	1	1	-0.4	0
chr1:28335229	10	1	10	10	1	1	1	-0.4	0
chr1:28338531	10	1	10	10	1	1	1	-0.4	0
chr1:28341601	10	1	10	10	1	1	1	-0.4	0
chr1:28367783	10	1	10	10	1	1	1	-0.4	0
chr1:28385630	10	1	10	10	1	1	1	-0.4	0
chr1:28386539	10	1	10	10	1	1	1	-0.4	0
chr1:28430213	10	1	10	10	1	1	1	-0.4	0
chr1:28452656	10	1	10	10	1	1	1	-0.4	0
chr1:28460437	10	1	10	10	1	1	1	-0.4	0
chr1:28461429	10	1	10	10	1	1	1	-0.4	0
chr1:28498464	10	1	10	10	1	1	1	-0.4	0
chr1:28550215	10	1	10	10	1	1	1	-0.4	0
chr1:28553244	10	1	10	10	1	1	1	-0.4	0
chr1:28586413	10	1	10	10	1	1	1	-0.4	0
chr1:28587224	10	1	10	10	1	1	1	-0.4	0
chr1:28596331	10	1	10	10	1	1	1	-0.4	0
chr1:28598493	10	1	10	10	1	1	1	-0.4	0
chr1:28602257	10	1	10	10	1	1	1	-0.4	0
chr1:28603131	10	1	10	10	1	1	1	-0.4	0
chr1:28603803	10	1	10	10	1	1	1	-0.4	0
chr1:28604504	10	1	10	10	1	1	1	-0.4	0
chr1:28677377	10	1	10	10	1	1	1	-0.4	0
chr1:28698244	10	1	10	10	1	1	1	-0.4	0
chr1:28701678	10	1	10	10	1	1	1	-0.4	0
chr1:28732338	10	1	10	10	1	1	1	-0.4	0
chr1:28755757	10	1	10	10	1	1	1	-0.4	0
chr1:28868523	10	1	10	10	1	1	1	-0.4	0
chr1:28931792	10	1	10	10	1	1	1	-0.4	0
chr1:29341382	10	1	10	10	1	1	1	-0.4	0
chr1:29342075	10	1	10	10	1	1	1	-0.4	0
chr1:29345806	10	1	10	10	1	1	1	-0.4	0
chr1:29365802	10	1	10	10	1	1	1	-0.4	0
chr1:29385129	10	1	10	10	1	1	1	-0.4	0
chr1:29389049	10	1	10	10	1	1	1	-0.4	0
chr1:29428969	10	1	10	10	1	1	1	-0.4	0
chr1:29445839	10	1	10	10	1	1	1	-0.4	0
chr1:29449898	10	1	10	10	1	1	1	-0.4	0
chr1:29599123	10	1	10	10	1	1	1	-0.4	0
chr1:29743420	10	1	10	10	1	1	1	-0.4	0
chr1:29744764	10	1	10	10	1	1	1	-0.4	0
chr1:29761233	10	1	10	10	1	1	1	-0.4	0
chr1:29765904	10	1	10	10	1	1	1	-0.4	0
chr1:29808699	10	1	10	10	1	1	1	-0.4	0
chr1:29809279	10	1	10	10	1	1	1	-0.4	0
chr1:29966325	10	1	10	10	1	1	1	-0.4	0
chr1:30073385	10	1	10	10	1	1	1	-0.4	0
chr1:30174029	10	1	10	10	1	1	1	-0.4	0
chr1:30187538	10	1	10	10	1	1	1	-0.4	0
chr1:30267181	10	1	10	10	1	1	1	-0.4	0
chr1:30269849	10	1	10	10	1	1	1	-0.4	0
chr2:1374	10	1	10	10	1	1	1	-0.4	0
chr2:2644	10	1	10	10	1	1	1	-0.4	0
chr2:3429	10	1	10	10	1	1	1	-0.4	0
chr2:10014	10	1	10	10	1	1	1	-0.4	0
chr2:10014	10	1	10	10	1	1	1	-0.4	0
chr2:181536	10	1	10	10	1	1	1	-0.4	0
chr2:199290	10	1	10	10	1	1	1	-0.4	0
chr2:255646	10	1	10	10	1	1	1	-0.4	0
chr2:509857	10	1	10	10	1	1	1	-0.4	0
chr2:2027384	10	1	10	10	1	1	1	-0.4	0
chr2:2763828	10	1	10	10	1	1	1	-0.4	0
chr2:2765218	10	1	10	10	1	1	1	-0.4	0
chr2:3260395	10	1	10	10	1	1	1	-0.4	0
chr2:3260687	10	1	10	10	1	1	1	-0.4	0
chr2:3264195	10	1	10	10	1	1	1	-0.4	0
chr2:3265391	10	1	10	10	1	1	1	-0.4	0
chr2:3266065	10	1	10	10	1	1	1	-0.4	0
chr2:3272173	10	1	10	10	1	1	1	-0.4	0
chr2:3272713	10	1	10	10	1	1	1	-0.4	0
chr2:3275840	10	1	10	10	1	1	1	-0.4	0
chr2:3278973	10	1	10	10	1	1	1	-0.4	0
chr2:3280587	10	1	10	10	1	1	1	-0.4	0
chr2:3281734	10	1	10	10	1	1	1	-0.4	0
chr2:3283496	10	1	10	10	1	1	1	-0.4	0
chr2:3291995	10	1	10	10	1	1	1	-0.4	0
chr2:3292235	10	1	10	10	1	1	1	-0.4	0
chr2:3294598	10	1	10	10	1	1	1	-0.4	0
chr2:3296166	10	1	10	10	1	1	1	-0.4	0
chr2:3299427	10	1	10	10	1	1	1	-0.4	0
chr2:3303867	10	1	10	10	1	1	1	-0.4	0
chr2:3306651	10	1	10	10	1	1	1	-0.4	0
chr2:3313455	10	1	10	10	1	1	1	-0.4	0
chr2:3313744	10	1	10	10	1	1	1	-0.4	0
chr2:3314040	10	1	10	10	1	1	1	-0.4	0
chr2:3324598	10	1	10	10	1	1	1	-0.4	0
chr2:3325137	10	1	10	10	1	1	1	-0.4	0
chr2:3327305	10	1	10	10	1	1	1	-0.4	0
chr2:3329619	10	1	10	10	1	1	1	-0.4	0
chr2:3330997	10	1	10	10	1	1	1	-0.4	0
chr2:3331373	10	1	10	10	1	1	1	-0.4	0
chr2:3332328	10	1	10	10	1	1	1	-0.4	0
chr2:3332838	10	1	10	10	1	1	1	-0.4	0
chr2:3333253	10	1	10	10	1	1	1	-0.4	0
chr2:3334543	10	1	10	10	1	1	1	-0.4	0
chr2:3335114	10	1	10	10	1	1	1	-0.4	0
chr2:3337180	10	1	10	10	1	1	1	-0.4	0
chr2:3337612	10	1	10	10	1	1	1	-0.4	0
chr2:3337895	10	1	10	10	1	1	1	-0.4	0
chr2:3342243	10	1	10	10	1	1	1	-0.4	0
chr2:3342796	10	1	10	10	1	1	1	-0.4	0
chr2:3344648	10	1	10	10	1	1	1	-0.4	0
chr2:3345706	10	1	10	10	1	1	1	-0.4	0
chr2:3346698	10	1	10	10	1	1	1	-0.4	0
chr2:3354598	10	1	10	10	1	1	1	-0.4	0
chr2:3357028	10	1	10	10	1	1	1	-0.4	0
chr2:3357597	10	1	10	10	1	1	1	-0.4	0
chr2:3360406	10	1	10	10	1	1	1	-0.4	0
chr2:3360991	10	1	10	10	1	1	1	-0.4	0
chr2:3364705	10	1	10	10	1	1	1	-0.4	0
chr2:3365027	10	1	10	10	1	1	1	-0.4	0
chr2:3365581	10	1	10	10	1	1	1	-0.4	0
chr2:3377276	10	1	10	10	1	1	1	-0.4	0
chr2:3377686	10	1	10	10	1	1	1	-0.4	0
chr2:3378250	10	1	10	10	1	1	1	-0.4	0
chr2:3393418	10	1	10	10	1	1	1	-0.4	0
chr2:3394028	10	1	10	10	1	1	1	-0.4	0
chr2:3397040	10	1	10	10	1	1	1	-0.4	0
chr2:3398835	10	1	10	10	1	1	1	-0.4	0
chr2:3400241	10	1	10	10	1	1	1	-0.4	0
chr2:3405545	10	1	10	10	1	1	1	-0.4	0
chr2:3406503	10	1	10	10	1	1	1	-0.4	0
chr2:3411105	10	1	10	10	1	1	1	-0.4	0
chr2:3412733	10	1	10	10	1	1	1	-0.4	0
chr2:3429060	10	1	10	10	1	1	1	-0.4	0
chr2:3438340	10	1	10	10	1	1	1	-0.4	0
chr2:3438677	10	1	10	10	1	1	1	-0.4	0
chr2:3447450	10	1	10	10	1	1	1	-0.4	0
chr2:3459053	10	1	10	10	1	1	1	-0.4	0
chr2:3460356	10	1	10	10	1	1	1	-0.4	0
chr2:3463843	10	1	10	10	1	1	1	-0.4	0
chr2:3467005	10	1	10	10	1	1	1	-0.4	0
chr2:3469368	10	1	10	10	1	1	1	-0.4	0
chr2:3475890	10	1	10	10	1	1	1	-0.4	0
chr2:3478226	10	1	10	10	1	1	1	-0.4	0
chr2:3482454	10	1	10	10	1	1	1	-0.4	0
chr2:3483987	10	1	10	10	1	1	1	-0.4	0
chr2:3485147	10	1	10	10	1	1	1	-0.4	0
chr2:3486260	10	1	10	10	1	1	1	-0.4	0
chr2:3486551	10	1	10	10	1	1	1	-0.4	0
chr2:3487575	10	1	10	10	1	1	1	-0.4	0
chr2:3488764	10	1	10	10	1	1	1	-0.4	0
chr2:3491111	10	1	10	10	1	1	1	-0.4	0
chr2:3492506	10	1	10	10	1	1	1	-0.4	0
chr2:3493379	10	1	10	10	1	1	1	-0.4	0
chr2:3495385	10	1	10	10	1	1	1	-0.4	0
chr2:3497564	10	1	10	10	1	1	1	-0.4	0
chr2:3499506	10	1	10	10	1	1	1	-0.4	0
chr2:3500906	10	1	10	10	1	1	1	-0.4	0
chr2:3501867	10	1	10	10	1	1	1	-0.4	0
chr2:3605891	10	1	10	10	1	1	1	-0.4	0
chr2:3607123	10	1	10	10	1	1	1	-0.4	0
chr2:3615021	10	1	10	10	1	1	1	-0.4	0
chr2:3616057	10	1	10	10	1	1	1	-0.4	0
chr2:3617216	10	1	10	10	1	1	1	-0.4	0
chr2:3619014	10	1	10	10	1	1	1	-0.4	0
chr2:3619014	10	1	10	10	1	1	1	-0.4	0
chr2:3619559	10	1	10	10	1	1	1	-0.4	0
chr2:3621203	10	1	10	10	1	1	1	-0.4	0
chr2:3621714	10	1	10	10	1	1	1	-0.4	0
chr2:3622604	10	1	10	10	1	1	1	-0.4	0
chr2:3623492	10	1	10	10	1	1	1	-0.4	0
chr2:3624633	10	1	10	10	1	1	1	-0.4	0
chr2:3625344	10	1	10	10	1	1	1	-0.4	0
chr2:3626340	10	1	10	10	1	1	1	-0.4	0
chr2:3626340	10	1	10	10	1	1	1	-0.4	0
chr2:3626965	10	1	10	10	1	1	1	-0.4	0
chr2:3627315	10	1	10	10	1	1	1	-0.4	0
chr2:4140983	10	1	10	10	1	1	1	-0.4	0
chr2:6018459	10	1	10	10	1	1	1	-0.4	0
chr2:6400513	10	1	10	10	1	1	1	-0.4	0
chr2:6401298	10	1	10	10	1	1	1	-0.4	0
chr2:6405640	10	1	10	10	1	1	1	-0.4	0
chr2:7052827	10	1	10	10	1	1	1	-0.4	0
chr2:7056366	10	1	10	10	1	1	1	-0.4	0
chr2:7190971	10	1	10	10	1	1	1	-0.4	0
chr2:7223821	10	1	10	10	1	1	1	-0.4	0
chr2:7432848	10	1	10	10	1	1	1	-0.4	0
chr2:7519911	10	1	10	10	1	1	1	-0.4	0
chr2:7577332	10	1	10	10	1	1	1	-0.4	0
chr2:7676612	10	1	10	10	1	1	1	-0.4	0
chr2:7678926	10	1	10	10	1	1	1	-0.4	0
chr2:7898324	10	1	10	10	1	1	1	-0.4	0
chr2:7955957	10	1	10	10	1	1	1	-0.4	0
chr2:7995510	10	1	10	10	1	1	1	-0.4	0
chr2:7995934	10	1	10	10	1	1	1	-0.4	0
chr2:7996325	10	1	10	10	1	1	1	-0.4	0
chr2:8139627	10	1	10	10	1	1	1	-0.4	0
chr2:8230422	10	1	10	10	1	1	1	-0.4	0
chr2:8518741	10	1	10	10	1	1	1	-0.4	0
chr2:8912261	10	1	10	10	1	1	1	-0.4	0
chr2:8913671	10	1	10	10	1	1	1	-0.4	0
chr2:8942766	10	1	10	10	1	1	1	-0.4	0
chr2:9060962	10	1	10	10	1	1	1	-0.4	0
chr2:9084820	10	1	10	10	1	1	1	-0.4	0
chr2:9214314	10	1	10	10	1	1	1	-0.4	0
chr2:9326387	10	1	10	10	1	1	1	-0.4	0
chr2:9386413	10	1	10	10	1	1	1	-0.4	0
chr2:9563948	10	1	10	10	1	1	1	-0.4	0
chr2:9631690	10	1	10	10	1	1	1	-0.4	0
chr2:9696787	10	1	10	10	1	1	1	-0.4	0
chr2:9842990	10	1	10	10	1	1	1	-0.4	0
chr2:9844108	10	1	10	10	1	1	1	-0.4	0
chr2:9866753	10	1	10	10	1	1	1	-0.4	0
chr2:9868821	10	1	10	10	1	1	1	-0.4	0
chr2:9909557	10	1	10	10	1	1	1	-0.4	0
chr2:10072090	10	1	10	10	1	1	1	-0.4	0
chr2:10074649	10	1	10	10	1	1	1	-0.4	0
chr2:10125323	10	1	10	10	1	1	1	-0.4	0
chr2:10137210	10	1	10	10	1	1	1	-0.4	0
chr2:10340543	10	1	10	10	1	1	1	-0.4	0
chr2:10427779	10	1	10	10	1	1	1	-0.4	0
chr2:10438080	10	1	10	10	1	1	1	-0.4	0
chr2:10461862	10	1	10	10	1	1	1	-0.4	0
chr2:10561569	10	1	10	10	1	1	1	-0.4	0
chr2:10566927	10	1	10	10	1	1	1	-0.4	0
chr2:10674885	10	1	10	10	1	1	1	-0.4	0
chr2:10754508	10	1	10	10	1	1	1	-0.4	0
chr2:10824874	10	1	10	10	1	1	1	-0.4	0
chr2:10847130	10	1	10	10	1	1	1	-0.4	0
chr2:10847807	10	1	10	10	1	1	1	-0.4	0
chr2:10848557	10	1	10	10	1	1	1	-0.4	0
chr2:11171849	10	1	10	10	1	1	1	-0.4	0
chr2:11347040	10	1	10	10	1	1	1	-0.4	0
chr2:11374561	10	1	10	10	1	1	1	-0.4	0
chr2:11378164	10	1	10	10	1	1	1	-0.4	0
chr2:11380402	10	1	10	10	1	1	1	-0.4	0
chr2:11388460	10	1	10	10	1	1	1	-0.4	0
chr2:11390176	10	1	10	10	1	1	1	-0.4	0
chr2:11548792	10	1	10	10	1	1	1	-0.4	0
chr2:11755226	10	1	10	10	1	1	1	-0.4	0
chr2:11861423	10	1	10	10	1	1	1	-0.4	0
chr2:11864388	10	1	10	10	1	1	1	-0.4	0
chr2:12023129	10	1	10	10	1	1	1	-0.4	0
chr2:12107308	10	1	10	10	1	1	1	-0.4	0
chr2:12108296	10	1	10	10	1	1	1	-0.4	0
chr2:12113939	10	1	10	10	1	1	1	-0.4	0
chr2:12117845	10	1	10	10	1	1	1	-0.4	0
chr2:12123363	10	1	10	10	1	1	1	-0.4	0
chr2:12148000	10	1	10	10	1	1	1	-0.4	0
chr2:12166280	10	1	10	10	1	1	1	-0.4	0
chr2:12224306	10	1	10	10	1	1	1	-0.4	0
chr2:12310583	10	1	10	10	1	1	1	-0.4	0
chr2:12419916	10	1	10	10	1	1	1	-0.4	0
chr2:12524448	10	1	10	10	1	1	1	-0.4	0
chr2:12612973	10	1	10	10	1	1	1	-0.4	0
chr2:12677461	10	1	10	10	1	1	1	-0.4	0
chr2:12678220	10	1	10	10	1	1	1	-0.4	0
chr2:12680336	10	1	10	10	1	1	1	-0.4	0
chr2:12712444	10	1	10	10	1	1	1	-0.4	0
chr2:12829131	10	1	10	10	1	1	1	-0.4	0
chr2:12830200	10	1	10	10	1	1	1	-0.4	0
chr2:12898580	10	1	10	10	1	1	1	-0.4	0
chr2:12937282	10	1	10	10	1	1	1	-0.4	0
chr2:12987335	10	1	10	10	1	1	1	-0.4	0
chr2:13006630	10	1	10	10	1	1	1	-0.4	0
chr2:13013528	10	1	10	10	1	1	1	-0.4	0
chr2:13162345	10	1	10	10	1	1	1	-0.4	0
chr2:13194077	10	1	10	10	1	1	1	-0.4	0
chr2:13247227	10	1	10	10	1	1	1	-0.4	0
chr2:13523857	10	1	10	10	1	1	1	-0.4	0
chr2:13660523	10	1	10	10	1	1	1	-0.4	0
chr2:13661360	10	1	10	10	1	1	1	-0.4	0
chr2:13876017	10	1	10	10	1	1	1	-0.4	0
chr2:13971936	10	1	10	10	1	1	1	-0.4	0
chr2:14002451	10	1	10	10	1	1	1	-0.4	0
chr2:14065813	10	1	10	10	1	1	1	-0.4	0
chr2:14180411	10	1	10	10	1	1	1	-0.4	0
chr2:14221920	10	1	10	10	1	1	1	-0.4	0
chr2:14435985	10	1	10	10	1	1	1	-0.4	0
chr2:14586912	10	1	10	10	1	1	1	-0.4	0
chr2:14687477	10	1	10	10	1	1	1	-0.4	0
chr2:14835242	10	1	10	10	1	1	1	-0.4	0
chr2:14908820	10	1	10	10	1	1	1	-0.4	0
chr2:15009766	10	1	10	10	1	1	1	-0.4	0
chr2:15062387	10	1	10	10	1	1	1	-0.4	0
chr2:15062759	10	1	10	10	1	1	1	-0.4	0
chr2:15066473	10	1	10	10	1	1	1	-0.4	0
chr2:15094035	10	1	10	10	1	1	1	-0.4	0
chr2:15099742	10	1	10	10	1	1	1	-0.4	0
chr2:15100376	10	1	10	10	1	1	1	-0.4	0
chr2:15136888	10	1	10	10	1	1	1	-0.4	0
chr2:15140454	10	1	10	10	1	1	1	-0.4	0
chr2:15148889	10	1	10	10	1	1	1	-0.4	0
chr2:15193060	10	1	10	10	1	1	1	-0.4	0
chr2:15193668	10	1	10	10	1	1	1	-0.4	0
chr2:15278470	10	1	10	10	1	1	1	-0.4	0
chr2:15280769	10	1	10	10	1	1	1	-0.4	0
chr2:15284374	10	1	10	10	1	1	1	-0.4	0
chr2:15291686	10	1	10	10	1	1	1	-0.4	0
chr2:15481558	10	1	10	10	1	1	1	-0.4	0
chr2:15488073	10	1	10	10	1	1	1	-0.4	0
chr2:15507911	10	1	10	10	1	1	1	-0.4	0
chr2:15553339	10	1	10	10	1	1	1	-0.4	0
chr2:15613521	10	1	10	10	1	1	1	-0.4	0
chr2:15614914	10	1	10	10	1	1	1	-0.4	0
chr2:15721864	10	1	10	10	1	1	1	-0.4	0
chr2:15787619	10	1	10	10	1	1	1	-0.4	0
chr2:15788128	10	1	10	10	1	1	1	-0.4	0
chr2:15814444	10	1	10	10	1	1	1	-0.4	0
chr2:15875082	10	1	10	10	1	1	1	-0.4	0
chr2:15960988	10	1	10	10	1	1	1	-0.4	0
chr2:15977367	10	1	10	10	1	1	1	-0.4	0
chr2:15995635	10	1	10	10	1	1	1	-0.4	0
chr2:16051086	10	1	10	10	1	1	1	-0.4	0
chr2:16273425	10	1	10	10	1	1	1	-0.4	0
chr2:16292983	10	1	10	10	1	1	1	-0.4	0
chr2:16365943	10	1	10	10	1	1	1	-0.4	0
chr2:16371245	10	1	10	10	1	1	1	-0.4	0
chr2:16391768	10	1	10	10	1	1	1	-0.4	0
chr2:16473981	10	1	10	10	1	1	1	-0.4	0
chr2:16485808	10	1	10	10	1	1	1	-0.4	0
chr2:16556702	10	1	10	10	1	1	1	-0.4	0
chr2:16566733	10	1	10	10	1	1	1	-0.4	0
chr2:16640229	10	1	10	10	1	1	1	-0.4	0
chr2:16701077	10	1	10	10	1	1	1	-0.4	0
chr2:16706121	10	1	10	10	1	1	1	-0.4	0
chr2:16749811	10	1	10	10	1	1	1	-0.4	0
chr2:16802974	10	1	10	10	1	1	1	-0.4	0
chr2:16906757	10	1	10	10	1	1	1	-0.4	0
chr2:16930815	10	1	10	10	1	1	1	-0.4	0
chr2:17099416	10	1	10	10	1	1	1	-0.4	0
chr2:17140123	10	1	10	10	1	1	1	-0.4	0
chr2:17163772	10	1	10	10	1	1	1	-0.4	0
chr2:17220612	10	1	10	10	1	1	1	-0.4	0
chr2:17224226	10	1	10	10	1	1	1	-0.4	0
chr2:17225159	10	1	10	10	1	1	1	-0.4	0
chr2:17269212	10	1	10	10	1	1	1	-0.4	0
chr2:17269635	10	1	10	10	1	1	1	-0.4	0
chr2:17270158	10	1	10	10	1	1	1	-0.4	0
chr2:17369638	10	1	10	10	1	1	1	-0.4	0
chr2:17473167	10	1	10	10	1	1	1	-0.4	0
chr2:17504822	10	1	10	10	1	1	1	-0.4	0
chr2:17623120	10	1	10	10	1	1	1	-0.4	0
chr2:17662218	10	1	10	10	1	1	1	-0.4	0
chr2:17662596	10	1	10	10	1	1	1	-0.4	0
chr2:17667944	10	1	10	10	1	1	1	-0.4	0
chr2:17727015	10	1	10	10	1	1	1	-0.4	0
chr2:17838299	10	1	10	10	1	1	1	-0.4	0
chr2:17839390	10	1	10	10	1	1	1	-0.4	0
chr2:17839764	10	1	10	10	1	1	1	-0.4	0
chr2:17863791	10	1	10	10	1	1	1	-0.4	0
chr2:17868167	10	1	10	10	1	1	1	-0.4	0
chr2:17886134	10	1	10	10	1	1	1	-0.4	0
chr2:17906275	10	1	10	10	1	1	1	-0.4	0
chr2:17946835	10	1	10	10	1	1	1	-0.4	0
chr2:17953693	10	1	10	10	1	1	1	-0.4	0
chr2:17991814	10	1	10	10	1	1	1	-0.4	0
chr2:18004318	10	1	10	10	1	1	1	-0.4	0
chr2:18072368	10	1	10	10	1	1	1	-0.4	0
chr2:18187908	10	1	10	10	1	1	1	-0.4	0
chr2:18234501	10	1	10	10	1	1	1	-0.4	0
chr2:18236347	10	1	10	10	1	1	1	-0.4	0
chr2:18423361	10	1	10	10	1	1	1	-0.4	0
chr2:18424362	10	1	10	10	1	1	1	-0.4	0
chr2:18425395	10	1	10	10	1	1	1	-0.4	0
chr2:18474639	10	1	10	10	1	1	1	-0.4	0
chr2:18521667	10	1	10	10	1	1	1	-0.4	0
chr2:18522651	10	1	10	10	1	1	1	-0.4	0
chr2:18523467	10	1	10	10	1	1	1	-0.4	0
chr2:18580338	10	1	10	10	1	1	1	-0.4	0
chr2:18626390	10	1	10	10	1	1	1	-0.4	0
chr2:18641123	10	1	10	10	1	1	1	-0.4	0
chr2:18681689	10	1	10	10	1	1	1	-0.4	0
chr2:18724354	10	1	10	10	1	1	1	-0.4	0
chr2:18725747	10	1	10	10	1	1	1	-0.4	0
chr2:18786424	10	1	10	10	1	1	1	-0.4	0
chr2:18814349	10	1	10	10	1	1	1	-0.4	0
chr2:18820097	10	1	10	10	1	1	1	-0.4	0
chr2:18820640	10	1	10	10	1	1	1	-0.4	0
chr2:18834268	10	1	10	10	1	1	1	-0.4	0
chr2:18912078	10	1	10	10	1	1	1	-0.4	0
chr2:18913559	10	1	10	10	1	1	1	-0.4	0
chr2:18981398	10	1	10	10	1	1	1	-0.4	0
chr2:19017898	10	1	10	10	1	1	1	-0.4	0
chr2:19038867	10	1	10	10	1	1	1	-0.4	0
chr2:19101081	10	1	10	10	1	1	1	-0.4	0
chr2:19131406	10	1	10	10	1	1	1	-0.4	0
chr2:19153896	10	1	10	10	1	1	1	-0.4	0
chr2:19177366	10	1	10	10	1	1	1	-0.4	0
chr2:19177801	10	1	10	10	1	1	1	-0.4	0
chr2:19178357	10	1	10	10	1	1	1	-0.4	0
chr2:19195270	10	1	10	10	1	1	1	-0.4	0
chr2:19298953	10	1	10	10	1	1	1	-0.4	0
chr2:19316397	10	1	10	10	1	1	1	-0.4	0
chr2:19335709	10	1	10	10	1	1	1	-0.4	0
chr2:19408268	10	1	10	10	1	1	1	-0.4	0
chr2:19413393	10	1	10	10	1	1	1	-0.4	0
chr2:19469754	10	1	10	10	1	1	1	-0.4	0
chr2:19471035	10	1	10	10	1	1	1	-0.4	0
chr2:19486985	10	1	10	10	1	1	1	-0.4	0
chr2:19558785	10	1	10	10	1	1	1	-0.4	0
chr2:19559169	10	1	10	10	1	1	1	-0.4	0
chr2:19559882	10	1	10	10	1	1	1	-0.4	0
chr3:88047	10	1	10	10	1	1	1	-0.4	0
chr3:182403	10	1	10	10	1	1	1	-0.4	0
chr3:183374	10	1	10	10	1	1	1	-0.4	0
chr3:372956	10	1	10	10	1	1	1	-0.4	0
chr3:508579	10	1	10	10	1	1	1	-0.4	0
chr3:510332	10	1	10	10	1	1	1	-0.4	0
chr3:510865	10	1	10	10	1	1	1	-0.4	0
chr3:511839	10	1	10	10	1	1	1	-0.4	0
chr3:536812	10	1	10	10	1	1	1	-0.4	0
chr3:538473	10	1	10	10	1	1	1	-0.4	0
chr3:546387	10	1	10	10	1	1	1	-0.4	0
chr3:556679	10	1	10	10	1	1	1	-0.4	0
chr3:649410	10	1	10	10	1	1	1	-0.4	0
chr3:728154	10	1	10	10	1	1	1	-0.4	0
chr3:731835	10	1	10	10	1	1	1	-0.4	0
chr3:877525	10	1	10	10	1	1	1	-0.4	0
chr3:980622	10	1	10	10	1	1	1	-0.4	0
chr3:982769	10	1	10	10	1	1	1	-0.4	0
chr3:1059245	10	1	10	10	1	1	1	-0.4	0
chr3:1192971	10	1	10	10	1	1	1	-0.4	0
chr3:1288166	10	1	10	10	1	1	1	-0.4	0
chr3:1289516	10	1	10	10	1	1	1	-0.4	0
chr3:1290287	10	1	10	10	1	1	1	-0.4	0
chr3:1291199	10	1	10	10	1	1	1	-0.4	0
chr3:1292063	10	1	10	10	1	1	1	-0.4	0
chr3:1352311	10	1	10	10	1	1	1	-0.4	0
chr3:1357198	10	1	10	10	1	1	1	-0.4	0
chr3:1358192	10	1	10	10	1	1	1	-0.4	0
chr3:1359894	10	1	10	10	1	1	1	-0.4	0
chr3:1457180	10	1	10	10	1	1	1	-0.4	0
chr3:1491316	10	1	10	10	1	1	1	-0.4	0
chr3:1589961	10	1	10	10	1	1	1	-0.4	0
chr3:1592075	10	1	10	10	1	1	1	-0.4	0
chr3:1644491	10	1	10	10	1	1	1	-0.4	0
chr3:1726132	10	1	10	10	1	1	1	-0.4	0
chr3:1739019	10	1	10	10	1	1	1	-0.4	0
chr3:1757459	10	1	10	10	1	1	1	-0.4	0
chr3:1759714	10	1	10	10	1	1	1	-0.4	0
chr3:1760191	10	1	10	10	1	1	1	-0.4	0
chr3:1760971	10	1	10	10	1	1	1	-0.4	0
chr3:1764032	10	1	10	10	1	1	1	-0.4	0
chr3:1767843	10	1	10	10	1	1	1	-0.4	0
chr3:1775320	10	1	10	10	1	1	1	-0.4	0
chr3:1830770	10	1	10	10	1	1	1	-0.4	0
chr3:2015977	10	1	10	10	1	1	1	-0.4	0
chr3:2127532	10	1	10	10	1	1	1	-0.4	0
chr3:2128749	10	1	10	10	1	1	1	-0.4	0
chr3:2132629	10	1	10	10	1	1	1	-0.4	0
chr3:2134613	10	1	10	10	1	1	1	-0.4	0
chr3:2137342	10	1	10	10	1	1	1	-0.4	0
chr3:2167649	10	1	10	10	1	1	1	-0.4	0
chr3:2169958	10	1	10	10	1	1	1	-0.4	0
chr3:2177646	10	1	10	10	1	1	1	-0.4	0
chr3:2212490	10	1	10	10	1	1	1	-0.4	0
chr3:2214867	10	1	10	10	1	1	1	-0.4	0
chr3:2215528	10	1	10	10	1	1	1	-0.4	0
chr3:2332272	10	1	10	10	1	1	1	-0.4	0
chr3:2357113	10	1	10	10	1	1	1	-0.4	0
chr3:2385569	10	1	10	10	1	1	1	-0.4	0
chr3:2386742	10	1	10	10	1	1	1	-0.4	0
chr3:2441114	10	1	10	10	1	1	1	-0.4	0
chr3:2563054	10	1	10	10	1	1	1	-0.4	0
chr3:2605400	10	1	10	10	1	1	1	-0.4	0
chr3:2606645	10	1	10	10	1	1	1	-0.4	0
chr3:2636928	10	1	10	10	1	1	1	-0.4	0
chr3:2660961	10	1	10	10	1	1	1	-0.4	0
chr3:2717439	10	1	10	10	1	1	1	-0.4	0
chr3:2840225	10	1	10	10	1	1	1	-0.4	0
chr3:2840812	10	1	10	10	1	1	1	-0.4	0
chr3:2841313	10	1	10	10	1	1	1	-0.4	0
chr3:3068901	10	1	10	10	1	1	1	-0.4	0
chr3:3072003	10	1	10	10	1	1	1	-0.4	0
chr3:3098186	10	1	10	10	1	1	1	-0.4	0
chr3:3156054	10	1	10	10	1	1	1	-0.4	0
chr3:3356190	10	1	10	10	1	1	1	-0.4	0
chr3:3441803	10	1	10	10	1	1	1	-0.4	0
chr3:3443490	10	1	10	10	1	1	1	-0.4	0
chr3:3482053	10	1	10	10	1	1	1	-0.4	0
chr3:3582937	10	1	10	10	1	1	1	-0.4	0
chr3:3583231	10	1	10	10	1	1	1	-0.4	0
chr3:3620921	10	1	10	10	1	1	1	-0.4	0
chr3:3701684	10	1	10	10	1	1	1	-0.4	0
chr3:3708709	10	1	10	10	1	1	1	-0.4	0
chr3:3863838	10	1	10	10	1	1	1	-0.4	0
chr3:3923411	10	1	10	10	1	1	1	-0.4	0
chr3:3985895	10	1	10	10	1	1	1	-0.4	0
chr3:4006472	10	1	10	10	1	1	1	-0.4	0
chr3:4012509	10	1	10	10	1	1	1	-0.4	0
chr3:4013652	10	1	10	10	1	1	1	-0.4	0
chr3:4024845	10	1	10	10	1	1	1	-0.4	0
chr3:4039688	10	1	10	10	1	1	1	-0.4	0
chr3:4041390	10	1	10	10	1	1	1	-0.4	0
chr3:4078123	10	1	10	10	1	1	1	-0.4	0
chr3:4124402	10	1	10	10	1	1	1	-0.4	0
chr3:4310705	10	1	10	10	1	1	1	-0.4	0
chr3:4344203	10	1	10	10	1	1	1	-0.4	0
chr3:4395119	10	1	10	10	1	1	1	-0.4	0
chr3:4402828	10	1	10	10	1	1	1	-0.4	0
chr3:4408384	10	1	10	10	1	1	1	-0.4	0
chr3:4409315	10	1	10	10	1	1	1	-0.4	0
chr3:4409689	10	1	10	10	1	1	1	-0.4	0
chr3:4494194	10	1	10	10	1	1	1	-0.4	0
chr3:4498203	10	1	10	10	1	1	1	-0.4	0
chr3:4512407	10	1	10	10	1	1	1	-0.4	0
chr3:4616428	10	1	10	10	1	1	1	-0.4	0
chr3:4616980	10	1	10	10	1	1	1	-0.4	0
chr3:4660920	10	1	10	10	1	1	1	-0.4	0
chr3:4715521	10	1	10	10	1	1	1	-0.4	0
chr3:4798187	10	1	10	10	1	1	1	-0.4	0
chr3:4800662	10	1	10	10	1	1	1	-0.4	0
chr3:4994444	10	1	10	10	1	1	1	-0.4	0
chr3:5119757	10	1	10	10	1	1	1	-0.4	0
chr3:5122679	10	1	10	10	1	1	1	-0.4	0
chr3:5125531	10	1	10	10	1	1	1	-0.4	0
chr3:5125926	10	1	10	10	1	1	1	-0.4	0
chr3:5175597	10	1	10	10	1	1	1	-0.4	0
chr3:5221159	10	1	10	10	1	1	1	-0.4	0
chr3:5236824	10	1	10	10	1	1	1	-0.4	0
chr3:5252779	10	1	10	10	1	1	1	-0.4	0
chr3:5351828	10	1	10	10	1	1	1	-0.4	0
chr3:5504794	10	1	10	10	1	1	1	-0.4	0
chr3:5507257	10	1	10	10	1	1	1	-0.4	0
chr3:5567350	10	1	10	10	1	1	1	-0.4	0
chr3:5580845	10	1	10	10	1	1	1	-0.4	0
chr3:5581262	10	1	10	10	1	1	1	-0.4	0
chr3:5583173	10	1	10	10	1	1	1	-0.4	0
chr3:5593337	10	1	10	10	1	1	1	-0.4	0
chr3:5595700	10	1	10	10	1	1	1	-0.4	0
chr3:5595990	10	1	10	10	1	1	1	-0.4	0
chr3:5645642	10	1	10	10	1	1	1	-0.4	0
chr3:5693620	10	1	10	10	1	1	1	-0.4	0
chr3:5693934	10	1	10	10	1	1	1	-0.4	0
chr3:5694392	10	1	10	10	1	1	1	-0.4	0
chr3:5731028	10	1	10	10	1	1	1	-0.4	0
chr3:5731485	10	1	10	10	1	1	1	-0.4	0
chr3:5747481	10	1	10	10	1	1	1	-0.4	0
chr3:5816340	10	1	10	10	1	1	1	-0.4	0
chr3:5833168	10	1	10	10	1	1	1	-0.4	0
chr3:5834504	10	1	10	10	1	1	1	-0.4	0
chr3:5843813	10	1	10	10	1	1	1	-0.4	0
chr3:5952300	10	1	10	10	1	1	1	-0.4	0
chr3:5952805	10	1	10	10	1	1	1	-0.4	0
chr3:5972563	10	1	10	10	1	1	1	-0.4	0
chr3:6016391	10	1	10	10	1	1	1	-0.4	0
chr3:6016754	10	1	10	10	1	1	1	-0.4	0
chr3:6153801	10	1	10	10	1	1	1	-0.4	0
chr3:6183073	10	1	10	10	1	1	1	-0.4	0
chr3:6435870	10	1	10	10	1	1	1	-0.4	0
chr3:6436633	10	1	10	10	1	1	1	-0.4	0
chr3:6465824	10	1	10	10	1	1	1	-0.4	0
chr3:6467332	10	1	10	10	1	1	1	-0.4	0
chr3:6477174	10	1	10	10	1	1	1	-0.4	0
chr3:6484074	10	1	10	10	1	1	1	-0.4	0
chr3:6565414	10	1	10	10	1	1	1	-0.4	0
chr3:6720086	10	1	10	10	1	1	1	-0.4	0
chr3:6783697	10	1	10	10	1	1	1	-0.4	0
chr3:6804103	10	1	10	10	1	1	1	-0.4	0
chr3:6838901	10	1	10	10	1	1	1	-0.4	0
chr3:6841401	10	1	10	10	1	1	1	-0.4	0
chr3:6842150	10	1	10	10	1	1	1	-0.4	0
chr3:7280318	10	1	10	10	1	1	1	-0.4	0
chr3:7285174	10	1	10	10	1	1	1	-0.4	0
chr3:7287785	10	1	10	10	1	1	1	-0.4	0
chr3:7503445	10	1	10	10	1	1	1	-0.4	0
chr3:7543895	10	1	10	10	1	1	1	-0.4	0
chr3:7643682	10	1	10	10	1	1	1	-0.4	0
chr3:7919611	10	1	10	10	1	1	1	-0.4	0
chr3:8153694	10	1	10	10	1	1	1	-0.4	0
chr3:8180919	10	1	10	10	1	1	1	-0.4	0
chr3:8181403	10	1	10	10	1	1	1	-0.4	0
chr3:8181857	10	1	10	10	1	1	1	-0.4	0
chr3:8186137	10	1	10	10	1	1	1	-0.4	0
chr3:8186912	10	1	10	10	1	1	1	-0.4	0
chr3:8196360	10	1	10	10	1	1	1	-0.4	0
chr3:8196825	10	1	10	10	1	1	1	-0.4	0
chr3:8214038	10	1	10	10	1	1	1	-0.4	0
chr3:8214347	10	1	10	10	1	1	1	-0.4	0
chr3:8268760	10	1	10	10	1	1	1	-0.4	0
chr3:8491053	10	1	10	10	1	1	1	-0.4	0
chr3:8498505	10	1	10	10	1	1	1	-0.4	0
chr3:8500599	10	1	10	10	1	1	1	-0.4	0
chr3:8531212	10	1	10	10	1	1	1	-0.4	0
chr3:8555678	10	1	10	10	1	1	1	-0.4	0
chr3:8604319	10	1	10	10	1	1	1	-0.4	0
chr3:8604888	10	1	10	10	1	1	1	-0.4	0
chr3:8605187	10	1	10	10	1	1	1	-0.4	0
chr3:8623287	10	1	10	10	1	1	1	-0.4	0
chr3:8686514	10	1	10	10	1	1	1	-0.4	0
chr3:8734622	10	1	10	10	1	1	1	-0.4	0
chr3:8900525	10	1	10	10	1	1	1	-0.4	0
chr3:8902791	10	1	10	10	1	1	1	-0.4	0
chr3:9025447	10	1	10	10	1	1	1	-0.4	0
chr3:9058857	10	1	10	10	1	1	1	-0.4	0
chr3:9363757	10	1	10	10	1	1	1	-0.4	0
chr3:9465005	10	1	10	10	1	1	1	-0.4	0
chr3:9681969	10	1	10	10	1	1	1	-0.4	0
chr3:9711358	10	1	10	10	1	1	1	-0.4	0
chr3:9714148	10	1	10	10	1	1	1	-0.4	0
chr3:9719900	10	1	10	10	1	1	1	-0.4	0
chr3:9722214	10	1	10	10	1	1	1	-0.4	0
chr3:9723610	10	1	10	10	1	1	1	-0.4	0
chr3:9865966	10	1	10	10	1	1	1	-0.4	0
chr3:9870161	10	1	10	10	1	1	1	-0.4	0
chr3:9870719	10	1	10	10	1	1	1	-0.4	0
chr3:9930265	10	1	10	10	1	1	1	-0.4	0
chr3:10137483	10	1	10	10	1	1	1	-0.4	0
chr3:10192182	10	1	10	10	1	1	1	-0.4	0
chr3:10384698	10	1	10	10	1	1	1	-0.4	0
chr3:10588658	10	1	10	10	1	1	1	-0.4	0
chr3:10590113	10	1	10	10	1	1	1	-0.4	0
chr3:10910975	10	1	10	10	1	1	1	-0.4	0
chr3:10912115	10	1	10	10	1	1	1	-0.4	0
chr3:10913252	10	1	10	10	1	1	1	-0.4	0
chr3:11276887	10	1	10	10	1	1	1	-0.4	0
chr3:11278018	10	1	10	10	1	1	1	-0.4	0
chr3:11790578	10	1	10	10	1	1	1	-0.4	0
chr3:11798790	10	1	10	10	1	1	1	-0.4	0
chr3:11802276	10	1	10	10	1	1	1	-0.4	0
chr3:11812839	10	1	10	10	1	1	1	-0.4	0
chr3:11976874	10	1	10	10	1	1	1	-0.4	0
chr3:13587694	10	1	10	10	1	1	1	-0.4	0
chr3:13588907	10	1	10	10	1	1	1	-0.4	0
chr3:13589338	10	1	10	10	1	1	1	-0.4	0
chr3:13589338	10	1	10	10	1	1	1	-0.4	0
chr3:13590634	10	1	10	10	1	1	1	-0.4	0
chr3:13590634	10	1	10	10	1	1	1	-0.4	0
chr3:13591110	10	1	10	10	1	1	1	-0.4	0
chr3:13591110	10	1	10	10	1	1	1	-0.4	0
chr3:13591704	10	1	10	10	1	1	1	-0.4	0
chr3:13591704	10	1	10	10	1	1	1	-0.4	0
chr3:14194360	10	1	10	10	1	1	1	-0.4	0
chr3:14196050	10	1	10	10	1	1	1	-0.4	0
chr3:14196050	10	1	10	10	1	1	1	-0.4	0
chr3:14196584	10	1	10	10	1	1	1	-0.4	0
chr3:14196584	10	1	10	10	1	1	1	-0.4	0
chr3:14196766	10	1	10	10	1	1	1	-0.4	0
chr3:14196766	10	1	10	10	1	1	1	-0.4	0
chr3:14197398	10	1	10	10	1	1	1	-0.4	0
chr3:14197398	10	1	10	10	1	1	1	-0.4	0
chr3:14199656	10	1	10	10	1	1	1	-0.4	0
chr3:14199656	10	1	10	10	1	1	1	-0.4	0
chr3:14200079	10	1	10	10	1	1	1	-0.4	0
chr3:14200079	10	1	10	10	1	1	1	-0.4	0
chr3:14201702	10	1	10	10	1	1	1	-0.4	0
chr3:14201702	10	1	10	10	1	1	1	-0.4	0
chr3:14202133	10	1	10	10	1	1	1	-0.4	0
chr3:14202133	10	1	10	10	1	1	1	-0.4	0
chr3:16011333	10	1	10	10	1	1	1	-0.4	0
chr3:16186979	10	1	10	10	1	1	1	-0.4	0
chr3:16187786	10	1	10	10	1	1	1	-0.4	0
chr3:16189522	10	1	10	10	1	1	1	-0.4	0
chr3:16758997	10	1	10	10	1	1	1	-0.4	0
chr3:16897155	10	1	10	10	1	1	1	-0.4	0
chr3:16897636	10	1	10	10	1	1	1	-0.4	0
chr3:17138154	10	1	10	10	1	1	1	-0.4	0
chr3:17158104	10	1	10	10	1	1	1	-0.4	0
chr3:17178585	10	1	10	10	1	1	1	-0.4	0
chr3:17179246	10	1	10	10	1	1	1	-0.4	0
chr3:17383866	10	1	10	10	1	1	1	-0.4	0
chr3:17478718	10	1	10	10	1	1	1	-0.4	0
chr3:17558140	10	1	10	10	1	1	1	-0.4	0
chr3:17567516	10	1	10	10	1	1	1	-0.4	0
chr3:17690962	10	1	10	10	1	1	1	-0.4	0
chr3:17759398	10	1	10	10	1	1	1	-0.4	0
chr3:17868287	10	1	10	10	1	1	1	-0.4	0
chr3:18248969	10	1	10	10	1	1	1	-0.4	0
chr3:18250389	10	1	10	10	1	1	1	-0.4	0
chr3:18250731	10	1	10	10	1	1	1	-0.4	0
chr3:18251510	10	1	10	10	1	1	1	-0.4	0
chr3:18252639	10	1	10	10	1	1	1	-0.4	0
chr3:18253741	10	1	10	10	1	1	1	-0.4	0
chr3:18364399	10	1	10	10	1	1	1	-0.4	0
chr3:18469719	10	1	10	10	1	1	1	-0.4	0
chr3:18477042	10	1	10	10	1	1	1	-0.4	0
chr3:18477652	10	1	10	10	1	1	1	-0.4	0
chr3:18478807	10	1	10	10	1	1	1	-0.4	0
chr3:18561706	10	1	10	10	1	1	1	-0.4	0
chr3:18563371	10	1	10	10	1	1	1	-0.4	0
chr3:18664954	10	1	10	10	1	1	1	-0.4	0
chr3:18798883	10	1	10	10	1	1	1	-0.4	0
chr3:18814772	10	1	10	10	1	1	1	-0.4	0
chr3:18817813	10	1	10	10	1	1	1	-0.4	0
chr3:18819727	10	1	10	10	1	1	1	-0.4	0
chr3:18821101	10	1	10	10	1	1	1	-0.4	0
chr3:18822008	10	1	10	10	1	1	1	-0.4	0
chr3:18824291	10	1	10	10	1	1	1	-0.4	0
chr3:18877802	10	1	10	10	1	1	1	-0.4	0
chr3:18883543	10	1	10	10	1	1	1	-0.4	0
chr3:18960723	10	1	10	10	1	1	1	-0.4	0
chr3:19068938	10	1	10	10	1	1	1	-0.4	0
chr3:19079493	10	1	10	10	1	1	1	-0.4	0
chr3:19080309	10	1	10	10	1	1	1	-0.4	0
chr3:19081108	10	1	10	10	1	1	1	-0.4	0
chr3:19117467	10	1	10	10	1	1	1	-0.4	0
chr3:19277135	10	1	10	10	1	1	1	-0.4	0
chr3:19277774	10	1	10	10	1	1	1	-0.4	0
chr3:19281516	10	1	10	10	1	1	1	-0.4	0
chr3:19287800	10	1	10	10	1	1	1	-0.4	0
chr3:19312330	10	1	10	10	1	1	1	-0.4	0
chr3:19415025	10	1	10	10	1	1	1	-0.4	0
chr3:19449064	10	1	10	10	1	1	1	-0.4	0
chr3:19570131	10	1	10	10	1	1	1	-0.4	0
chr3:19728156	10	1	10	10	1	1	1	-0.4	0
chr3:19740614	10	1	10	10	1	1	1	-0.4	0
chr3:19791491	10	1	10	10	1	1	1	-0.4	0
chr3:19803711	10	1	10	10	1	1	1	-0.4	0
chr3:19804366	10	1	10	10	1	1	1	-0.4	0
chr3:19807325	10	1	10	10	1	1	1	-0.4	0
chr3:19880532	10	1	10	10	1	1	1	-0.4	0
chr3:20117109	10	1	10	10	1	1	1	-0.4	0
chr3:20274128	10	1	10	10	1	1	1	-0.4	0
chr3:20296174	10	1	10	10	1	1	1	-0.4	0
chr3:20298383	10	1	10	10	1	1	1	-0.4	0
chr3:20339672	10	1	10	10	1	1	1	-0.4	0
chr3:20347834	10	1	10	10	1	1	1	-0.4	0
chr3:20348178	10	1	10	10	1	1	1	-0.4	0
chr3:20688252	10	1	10	10	1	1	1	-0.4	0
chr3:20689518	10	1	10	10	1	1	1	-0.4	0
chr3:20690199	10	1	10	10	1	1	1	-0.4	0
chr3:20738573	10	1	10	10	1	1	1	-0.4	0
chr3:20760231	10	1	10	10	1	1	1	-0.4	0
chr3:20786142	10	1	10	10	1	1	1	-0.4	0
chr3:20786337	10	1	10	10	1	1	1	-0.4	0
chr3:20787822	10	1	10	10	1	1	1	-0.4	0
chr3:20801404	10	1	10	10	1	1	1	-0.4	0
chr3:21037416	10	1	10	10	1	1	1	-0.4	0
chr3:21060072	10	1	10	10	1	1	1	-0.4	0
chr3:21060654	10	1	10	10	1	1	1	-0.4	0
chr3:21061152	10	1	10	10	1	1	1	-0.4	0
chr3:21095493	10	1	10	10	1	1	1	-0.4	0
chr3:21262219	10	1	10	10	1	1	1	-0.4	0
chr3:21262644	10	1	10	10	1	1	1	-0.4	0
chr3:21309757	10	1	10	10	1	1	1	-0.4	0
chr3:21408447	10	1	10	10	1	1	1	-0.4	0
chr3:21409646	10	1	10	10	1	1	1	-0.4	0
chr3:21434906	10	1	10	10	1	1	1	-0.4	0
chr3:21520812	10	1	10	10	1	1	1	-0.4	0
chr3:21523469	10	1	10	10	1	1	1	-0.4	0
chr3:21554844	10	1	10	10	1	1	1	-0.4	0
chr3:21678933	10	1	10	10	1	1	1	-0.4	0
chr3:21762248	10	1	10	10	1	1	1	-0.4	0
chr3:21763181	10	1	10	10	1	1	1	-0.4	0
chr3:21830536	10	1	10	10	1	1	1	-0.4	0
chr3:21932564	10	1	10	10	1	1	1	-0.4	0
chr3:22130330	10	1	10	10	1	1	1	-0.4	0
chr3:22138728	10	1	10	10	1	1	1	-0.4	0
chr3:22141702	10	1	10	10	1	1	1	-0.4	0
chr3:22143829	10	1	10	10	1	1	1	-0.4	0
chr3:22248685	10	1	10	10	1	1	1	-0.4	0
chr3:22249077	10	1	10	10	1	1	1	-0.4	0
chr3:22257196	10	1	10	10	1	1	1	-0.4	0
chr3:22320451	10	1	10	10	1	1	1	-0.4	0
chr3:22326257	10	1	10	10	1	1	1	-0.4	0
chr3:22328139	10	1	10	10	1	1	1	-0.4	0
chr3:22378718	10	1	10	10	1	1	1	-0.4	0
chr3:22432324	10	1	10	10	1	1	1	-0.4	0
chr3:22434646	10	1	10	10	1	1	1	-0.4	0
chr3:22492302	10	1	10	10	1	1	1	-0.4	0
chr3:22634138	10	1	10	10	1	1	1	-0.4	0
chr3:22733187	10	1	10	10	1	1	1	-0.4	0
chr3:22735412	10	1	10	10	1	1	1	-0.4	0
chr3:22742502	10	1	10	10	1	1	1	-0.4	0
chr3:22744518	10	1	10	10	1	1	1	-0.4	0
chr3:22794464	10	1	10	10	1	1	1	-0.4	0
chr3:22824401	10	1	10	10	1	1	1	-0.4	0
chr3:22941436	10	1	10	10	1	1	1	-0.4	0
chr3:22991288	10	1	10	10	1	1	1	-0.4	0
chr3:23140730	10	1	10	10	1	1	1	-0.4	0
chr3:23163004	10	1	10	10	1	1	1	-0.4	0
chr3:23163646	10	1	10	10	1	1	1	-0.4	0
chr3:23175650	10	1	10	10	1	1	1	-0.4	0
chr3:23292668	10	1	10	10	1	1	1	-0.4	0
chr3:23322301	10	1	10	10	1	1	1	-0.4	0
chr3:23345256	10	1	10	10	1	1	1	-0.4	0
chr3:23347658	10	1	10	10	1	1	1	-0.4	0
chr3:23352378	10	1	10	10	1	1	1	-0.4	0
chr3:23355899	10	1	10	10	1	1	1	-0.4	0
chr4:148667	10	1	10	10	1	1	1	-0.4	0
chr4:162390	10	1	10	10	1	1	1	-0.4	0
chr4:163498	10	1	10	10	1	1	1	-0.4	0
chr4:185146	10	1	10	10	1	1	1	-0.4	0
chr4:189014	10	1	10	10	1	1	1	-0.4	0
chr4:293536	10	1	10	10	1	1	1	-0.4	0
chr4:299256	10	1	10	10	1	1	1	-0.4	0
chr4:331974	10	1	10	10	1	1	1	-0.4	0
chr4:525375	10	1	10	10	1	1	1	-0.4	0
chr4:553273	10	1	10	10	1	1	1	-0.4	0
chr4:722058	10	1	10	10	1	1	1	-0.4	0
chr4:728058	10	1	10	10	1	1	1	-0.4	0
chr4:844168	10	1	10	10	1	1	1	-0.4	0
chr4:845097	10	1	10	10	1	1	1	-0.4	0
chr4:846203	10	1	10	10	1	1	1	-0.4	0
chr4:846686	10	1	10	10	1	1	1	-0.4	0
chr4:1117076	10	1	10	10	1	1	1	-0.4	0
chr4:1204086	10	1	10	10	1	1	1	-0.4	0
chr4:1329385	10	1	10	10	1	1	1	-0.4	0
chr4:1382627	10	1	10	10	1	1	1	-0.4	0
chr4:1391812	10	1	10	10	1	1	1	-0.4	0
chr4:1415211	10	1	10	10	1	1	1	-0.4	0
chr4:2119436	10	1	10	10	1	1	1	-0.4	0
chr4:2415570	10	1	10	10	1	1	1	-0.4	0
chr4:2587729	10	1	10	10	1	1	1	-0.4	0
chr4:2588561	10	1	10	10	1	1	1	-0.4	0
chr4:2593901	10	1	10	10	1	1	1	-0.4	0
chr4:2661585	10	1	10	10	1	1	1	-0.4	0
chr4:2719376	10	1	10	10	1	1	1	-0.4	0
chr4:3950616	10	1	10	10	1	1	1	-0.4	0
chr4:3951035	10	1	10	10	1	1	1	-0.4	0
chr4:3951035	10	1	10	10	1	1	1	-0.4	0
chr4:3951337	10	1	10	10	1	1	1	-0.4	0
chr4:3951907	10	1	10	10	1	1	1	-0.4	0
chr4:3952986	10	1	10	10	1	1	1	-0.4	0
chr4:3952986	10	1	10	10	1	1	1	-0.4	0
chr4:3953576	10	1	10	10	1	1	1	-0.4	0
chr4:3953576	10	1	10	10	1	1	1	-0.4	0
chr4:3954754	10	1	10	10	1	1	1	-0.4	0
chr4:3965728	10	1	10	10	1	1	1	-0.4	0
chr4:3966554	10	1	10	10	1	1	1	-0.4	0
chr4:3968343	10	1	10	10	1	1	1	-0.4	0
chr4:3978915	10	1	10	10	1	1	1	-0.4	0
chr4:3979445	10	1	10	10	1	1	1	-0.4	0
chr4:3987516	10	1	10	10	1	1	1	-0.4	0
chr4:3987516	10	1	10	10	1	1	1	-0.4	0
chr4:4009815	10	1	10	10	1	1	1	-0.4	0
chr4:4011616	10	1	10	10	1	1	1	-0.4	0
chr4:5155693	10	1	10	10	1	1	1	-0.4	0
chr4:5738795	10	1	10	10	1	1	1	-0.4	0
chr4:5741126	10	1	10	10	1	1	1	-0.4	0
chr4:5741568	10	1	10	10	1	1	1	-0.4	0
chr4:5742127	10	1	10	10	1	1	1	-0.4	0
chr4:5775426	10	1	10	10	1	1	1	-0.4	0
chr4:5833680	10	1	10	10	1	1	1	-0.4	0
chr4:6217685	10	1	10	10	1	1	1	-0.4	0
chr4:6862766	10	1	10	10	1	1	1	-0.4	0
chr4:7349442	10	1	10	10	1	1	1	-0.4	0
chr4:7353898	10	1	10	10	1	1	1	-0.4	0
chr4:7421077	10	1	10	10	1	1	1	-0.4	0
chr4:7480555	10	1	10	10	1	1	1	-0.4	0
chr4:7482342	10	1	10	10	1	1	1	-0.4	0
chr4:7490731	10	1	10	10	1	1	1	-0.4	0
chr4:7491215	10	1	10	10	1	1	1	-0.4	0
chr4:7759610	10	1	10	10	1	1	1	-0.4	0
chr4:7760400	10	1	10	10	1	1	1	-0.4	0
chr4:7862013	10	1	10	10	1	1	1	-0.4	0
chr4:7999814	10	1	10	10	1	1	1	-0.4	0
chr4:8140146	10	1	10	10	1	1	1	-0.4	0
chr4:8306721	10	1	10	10	1	1	1	-0.4	0
chr4:8348757	10	1	10	10	1	1	1	-0.4	0
chr4:8358207	10	1	10	10	1	1	1	-0.4	0
chr4:8471925	10	1	10	10	1	1	1	-0.4	0
chr4:8907911	10	1	10	10	1	1	1	-0.4	0
chr4:8985729	10	1	10	10	1	1	1	-0.4	0
chr4:9250475	10	1	10	10	1	1	1	-0.4	0
chr4:9253940	10	1	10	10	1	1	1	-0.4	0
chr4:9293476	10	1	10	10	1	1	1	-0.4	0
chr4:9302007	10	1	10	10	1	1	1	-0.4	0
chr4:9440801	10	1	10	10	1	1	1	-0.4	0
chr4:9442051	10	1	10	10	1	1	1	-0.4	0
chr4:9444313	10	1	10	10	1	1	1	-0.4	0
chr4:9446036	10	1	10	10	1	1	1	-0.4	0
chr4:9729987	10	1	10	10	1	1	1	-0.4	0
chr4:9731669	10	1	10	10	1	1	1	-0.4	0
chr4:9738194	10	1	10	10	1	1	1	-0.4	0
chr4:9757266	10	1	10	10	1	1	1	-0.4	0
chr4:9836229	10	1	10	10	1	1	1	-0.4	0
chr4:9874242	10	1	10	10	1	1	1	-0.4	0
chr4:9930473	10	1	10	10	1	1	1	-0.4	0
chr4:9947882	10	1	10	10	1	1	1	-0.4	0
chr4:9948162	10	1	10	10	1	1	1	-0.4	0
chr4:10003462	10	1	10	10	1	1	1	-0.4	0
chr4:10275338	10	1	10	10	1	1	1	-0.4	0
chr4:10296276	10	1	10	10	1	1	1	-0.4	0
chr4:10299220	10	1	10	10	1	1	1	-0.4	0
chr4:10437840	10	1	10	10	1	1	1	-0.4	0
chr4:10463475	10	1	10	10	1	1	1	-0.4	0
chr4:10521212	10	1	10	10	1	1	1	-0.4	0
chr4:10698952	10	1	10	10	1	1	1	-0.4	0
chr4:10713001	10	1	10	10	1	1	1	-0.4	0
chr4:10715861	10	1	10	10	1	1	1	-0.4	0
chr4:10716126	10	1	10	10	1	1	1	-0.4	0
chr4:10883854	10	1	10	10	1	1	1	-0.4	0
chr4:10938910	10	1	10	10	1	1	1	-0.4	0
chr4:10940460	10	1	10	10	1	1	1	-0.4	0
chr4:10941566	10	1	10	10	1	1	1	-0.4	0
chr4:10942172	10	1	10	10	1	1	1	-0.4	0
chr4:10943005	10	1	10	10	1	1	1	-0.4	0
chr4:10959185	10	1	10	10	1	1	1	-0.4	0
chr4:11416787	10	1	10	10	1	1	1	-0.4	0
chr4:11418066	10	1	10	10	1	1	1	-0.4	0
chr4:11525924	10	1	10	10	1	1	1	-0.4	0
chr4:11560921	10	1	10	10	1	1	1	-0.4	0
chr4:11664499	10	1	10	10	1	1	1	-0.4	0
chr4:11745514	10	1	10	10	1	1	1	-0.4	0
chr4:11880779	10	1	10	10	1	1	1	-0.4	0
chr4:11971444	10	1	10	10	1	1	1	-0.4	0
chr4:11986416	10	1	10	10	1	1	1	-0.4	0
chr4:12317776	10	1	10	10	1	1	1	-0.4	0
chr4:12319965	10	1	10	10	1	1	1	-0.4	0
chr4:12412176	10	1	10	10	1	1	1	-0.4	0
chr4:12414821	10	1	10	10	1	1	1	-0.4	0
chr4:12564202	10	1	10	10	1	1	1	-0.4	0
chr4:12571766	10	1	10	10	1	1	1	-0.4	0
chr4:12573032	10	1	10	10	1	1	1	-0.4	0
chr4:12660710	10	1	10	10	1	1	1	-0.4	0
chr4:12662862	10	1	10	10	1	1	1	-0.4	0
chr4:12836814	10	1	10	10	1	1	1	-0.4	0
chr4:12936765	10	1	10	10	1	1	1	-0.4	0
chr4:13019206	10	1	10	10	1	1	1	-0.4	0
chr4:13021335	10	1	10	10	1	1	1	-0.4	0
chr4:13023647	10	1	10	10	1	1	1	-0.4	0
chr4:13067099	10	1	10	10	1	1	1	-0.4	0
chr4:13067496	10	1	10	10	1	1	1	-0.4	0
chr4:13071297	10	1	10	10	1	1	1	-0.4	0
chr4:13073257	10	1	10	10	1	1	1	-0.4	0
chr4:13135370	10	1	10	10	1	1	1	-0.4	0
chr4:13279749	10	1	10	10	1	1	1	-0.4	0
chr4:13461124	10	1	10	10	1	1	1	-0.4	0
chr4:13658675	10	1	10	10	1	1	1	-0.4	0
chr4:13659372	10	1	10	10	1	1	1	-0.4	0
chr4:13663621	10	1	10	10	1	1	1	-0.4	0
chr4:13674852	10	1	10	10	1	1	1	-0.4	0
chr4:13729297	10	1	10	10	1	1	1	-0.4	0
chr4:13810175	10	1	10	10	1	1	1	-0.4	0
chr4:13810736	10	1	10	10	1	1	1	-0.4	0
chr4:13920483	10	1	10	10	1	1	1	-0.4	0
chr4:13997614	10	1	10	10	1	1	1	-0.4	0
chr4:13998421	10	1	10	10	1	1	1	-0.4	0
chr4:13999007	10	1	10	10	1	1	1	-0.4	0
chr4:14097483	10	1	10	10	1	1	1	-0.4	0
chr4:14240615	10	1	10	10	1	1	1	-0.4	0
chr4:14331502	10	1	10	10	1	1	1	-0.4	0
chr4:14358859	10	1	10	10	1	1	1	-0.4	0
chr4:14373114	10	1	10	10	1	1	1	-0.4	0
chr4:14374239	10	1	10	10	1	1	1	-0.4	0
chr4:14440308	10	1	10	10	1	1	1	-0.4	0
chr4:14616270	10	1	10	10	1	1	1	-0.4	0
chr4:14766702	10	1	10	10	1	1	1	-0.4	0
chr4:14768423	10	1	10	10	1	1	1	-0.4	0
chr4:14770289	10	1	10	10	1	1	1	-0.4	0
chr4:14772003	10	1	10	10	1	1	1	-0.4	0
chr4:14772764	10	1	10	10	1	1	1	-0.4	0
chr4:14773398	10	1	10	10	1	1	1	-0.4	0
chr4:14774375	10	1	10	10	1	1	1	-0.4	0
chr4:14774921	10	1	10	10	1	1	1	-0.4	0
chr4:14782601	10	1	10	10	1	1	1	-0.4	0
chr4:14828954	10	1	10	10	1	1	1	-0.4	0
chr4:14830216	10	1	10	10	1	1	1	-0.4	0
chr4:14851509	10	1	10	10	1	1	1	-0.4	0
chr4:14872101	10	1	10	10	1	1	1	-0.4	0
chr4:14881615	10	1	10	10	1	1	1	-0.4	0
chr4:14896893	10	1	10	10	1	1	1	-0.4	0
chr4:15062791	10	1	10	10	1	1	1	-0.4	0
chr4:15231332	10	1	10	10	1	1	1	-0.4	0
chr4:15273452	10	1	10	10	1	1	1	-0.4	0
chr4:15289749	10	1	10	10	1	1	1	-0.4	0
chr4:15290672	10	1	10	10	1	1	1	-0.4	0
chr4:15292227	10	1	10	10	1	1	1	-0.4	0
chr4:15443783	10	1	10	10	1	1	1	-0.4	0
chr4:15488890	10	1	10	10	1	1	1	-0.4	0
chr4:15491816	10	1	10	10	1	1	1	-0.4	0
chr4:15503638	10	1	10	10	1	1	1	-0.4	0
chr4:15507293	10	1	10	10	1	1	1	-0.4	0
chr4:15525881	10	1	10	10	1	1	1	-0.4	0
chr4:15527805	10	1	10	10	1	1	1	-0.4	0
chr4:15595290	10	1	10	10	1	1	1	-0.4	0
chr4:15597702	10	1	10	10	1	1	1	-0.4	0
chr4:15598235	10	1	10	10	1	1	1	-0.4	0
chr4:15640818	10	1	10	10	1	1	1	-0.4	0
chr4:15646697	10	1	10	10	1	1	1	-0.4	0
chr4:15676355	10	1	10	10	1	1	1	-0.4	0
chr4:15817801	10	1	10	10	1	1	1	-0.4	0
chr4:15826502	10	1	10	10	1	1	1	-0.4	0
chr4:15891127	10	1	10	10	1	1	1	-0.4	0
chr4:15939685	10	1	10	10	1	1	1	-0.4	0
chr4:15988240	10	1	10	10	1	1	1	-0.4	0
chr4:16038518	10	1	10	10	1	1	1	-0.4	0
chr4:16186728	10	1	10	10	1	1	1	-0.4	0
chr4:16278746	10	1	10	10	1	1	1	-0.4	0
chr4:16344849	10	1	10	10	1	1	1	-0.4	0
chr4:16581605	10	1	10	10	1	1	1	-0.4	0
chr4:16582254	10	1	10	10	1	1	1	-0.4	0
chr4:16582935	10	1	10	10	1	1	1	-0.4	0
chr4:16589328	10	1	10	10	1	1	1	-0.4	0
chr4:16598974	10	1	10	10	1	1	1	-0.4	0
chr4:16686605	10	1	10	10	1	1	1	-0.4	0
chr4:16709312	10	1	10	10	1	1	1	-0.4	0
chr4:16710295	10	1	10	10	1	1	1	-0.4	0
chr4:16750268	10	1	10	10	1	1	1	-0.4	0
chr4:16758453	10	1	10	10	1	1	1	-0.4	0
chr4:16849074	10	1	10	10	1	1	1	-0.4	0
chr4:16951446	10	1	10	10	1	1	1	-0.4	0
chr4:16960160	10	1	10	10	1	1	1	-0.4	0
chr4:16983241	10	1	10	10	1	1	1	-0.4	0
chr4:17049204	10	1	10	10	1	1	1	-0.4	0
chr4:17119688	10	1	10	10	1	1	1	-0.4	0
chr4:17157558	10	1	10	10	1	1	1	-0.4	0
chr4:17187289	10	1	10	10	1	1	1	-0.4	0
chr4:17189475	10	1	10	10	1	1	1	-0.4	0
chr4:17237365	10	1	10	10	1	1	1	-0.4	0
chr4:17242911	10	1	10	10	1	1	1	-0.4	0
chr4:17243355	10	1	10	10	1	1	1	-0.4	0
chr4:17281912	10	1	10	10	1	1	1	-0.4	0
chr4:17332265	10	1	10	10	1	1	1	-0.4	0
chr4:17334435	10	1	10	10	1	1	1	-0.4	0
chr4:17335059	10	1	10	10	1	1	1	-0.4	0
chr4:17389959	10	1	10	10	1	1	1	-0.4	0
chr4:17397803	10	1	10	10	1	1	1	-0.4	0
chr4:17432867	10	1	10	10	1	1	1	-0.4	0
chr4:17530826	10	1	10	10	1	1	1	-0.4	0
chr4:17535127	10	1	10	10	1	1	1	-0.4	0
chr4:17537964	10	1	10	10	1	1	1	-0.4	0
chr4:17541828	10	1	10	10	1	1	1	-0.4	0
chr4:17605748	10	1	10	10	1	1	1	-0.4	0
chr4:17641025	10	1	10	10	1	1	1	-0.4	0
chr4:17642037	10	1	10	10	1	1	1	-0.4	0
chr4:17755102	10	1	10	10	1	1	1	-0.4	0
chr4:17769639	10	1	10	10	1	1	1	-0.4	0
chr4:17772623	10	1	10	10	1	1	1	-0.4	0
chr4:17773798	10	1	10	10	1	1	1	-0.4	0
chr4:17986378	10	1	10	10	1	1	1	-0.4	0
chr4:18055567	10	1	10	10	1	1	1	-0.4	0
chr4:18125832	10	1	10	10	1	1	1	-0.4	0
chr4:18175408	10	1	10	10	1	1	1	-0.4	0
chr4:18191049	10	1	10	10	1	1	1	-0.4	0
chr4:18208532	10	1	10	10	1	1	1	-0.4	0
chr4:18215511	10	1	10	10	1	1	1	-0.4	0
chr4:18233249	10	1	10	10	1	1	1	-0.4	0
chr4:18296465	10	1	10	10	1	1	1	-0.4	0
chr4:18318723	10	1	10	10	1	1	1	-0.4	0
chr4:18321597	10	1	10	10	1	1	1	-0.4	0
chr4:18322822	10	1	10	10	1	1	1	-0.4	0
chr4:18324529	10	1	10	10	1	1	1	-0.4	0
chr4:18327112	10	1	10	10	1	1	1	-0.4	0
chr4:18328626	10	1	10	10	1	1	1	-0.4	0
chr4:18329878	10	1	10	10	1	1	1	-0.4	0
chr4:18331499	10	1	10	10	1	1	1	-0.4	0
chr4:18331904	10	1	10	10	1	1	1	-0.4	0
chr4:18472065	10	1	10	10	1	1	1	-0.4	0
chr4:18538784	10	1	10	10	1	1	1	-0.4	0
chr4:18556929	10	1	10	10	1	1	1	-0.4	0
chr5:86226	10	1	10	10	1	1	1	-0.4	0
chr5:97238	10	1	10	10	1	1	1	-0.4	0
chr5:206053	10	1	10	10	1	1	1	-0.4	0
chr5:206312	10	1	10	10	1	1	1	-0.4	0
chr5:266466	10	1	10	10	1	1	1	-0.4	0
chr5:266880	10	1	10	10	1	1	1	-0.4	0
chr5:270736	10	1	10	10	1	1	1	-0.4	0
chr5:279701	10	1	10	10	1	1	1	-0.4	0
chr5:291217	10	1	10	10	1	1	1	-0.4	0
chr5:308927	10	1	10	10	1	1	1	-0.4	0
chr5:312852	10	1	10	10	1	1	1	-0.4	0
chr5:332175	10	1	10	10	1	1	1	-0.4	0
chr5:437269	10	1	10	10	1	1	1	-0.4	0
chr5:442302	10	1	10	10	1	1	1	-0.4	0
chr5:448791	10	1	10	10	1	1	1	-0.4	0
chr5:523225	10	1	10	10	1	1	1	-0.4	0
chr5:553855	10	1	10	10	1	1	1	-0.4	0
chr5:554715	10	1	10	10	1	1	1	-0.4	0
chr5:555018	10	1	10	10	1	1	1	-0.4	0
chr5:556115	10	1	10	10	1	1	1	-0.4	0
chr5:556826	10	1	10	10	1	1	1	-0.4	0
chr5:566130	10	1	10	10	1	1	1	-0.4	0
chr5:579375	10	1	10	10	1	1	1	-0.4	0
chr5:615736	10	1	10	10	1	1	1	-0.4	0
chr5:710577	10	1	10	10	1	1	1	-0.4	0
chr5:714169	10	1	10	10	1	1	1	-0.4	0
chr5:740061	10	1	10	10	1	1	1	-0.4	0
chr5:742550	10	1	10	10	1	1	1	-0.4	0
chr5:748786	10	1	10	10	1	1	1	-0.4	0
chr5:772024	10	1	10	10	1	1	1	-0.4	0
chr5:799903	10	1	10	10	1	1	1	-0.4	0
chr5:817632	10	1	10	10	1	1	1	-0.4	0
chr5:828073	10	1	10	10	1	1	1	-0.4	0
chr5:828739	10	1	10	10	1	1	1	-0.4	0
chr5:882853	10	1	10	10	1	1	1	-0.4	0
chr5:941544	10	1	10	10	1	1	1	-0.4	0
chr5:943998	10	1	10	10	1	1	1	-0.4	0
chr5:987844	10	1	10	10	1	1	1	-0.4	0
chr5:1266724	10	1	10	10	1	1	1	-0.4	0
chr5:1504829	10	1	10	10	1	1	1	-0.4	0
chr5:1530051	10	1	10	10	1	1	1	-0.4	0
chr5:1530471	10	1	10	10	1	1	1	-0.4	0
chr5:1608475	10	1	10	10	1	1	1	-0.4	0
chr5:1609030	10	1	10	10	1	1	1	-0.4	0
chr5:1609946	10	1	10	10	1	1	1	-0.4	0
chr5:1610225	10	1	10	10	1	1	1	-0.4	0
chr5:1706042	10	1	10	10	1	1	1	-0.4	0
chr5:1711461	10	1	10	10	1	1	1	-0.4	0
chr5:1712478	10	1	10	10	1	1	1	-0.4	0
chr5:1931193	10	1	10	10	1	1	1	-0.4	0
chr5:1931593	10	1	10	10	1	1	1	-0.4	0
chr5:1938285	10	1	10	10	1	1	1	-0.4	0
chr5:1952378	10	1	10	10	1	1	1	-0.4	0
chr5:1952695	10	1	10	10	1	1	1	-0.4	0
chr5:2066402	10	1	10	10	1	1	1	-0.4	0
chr5:2074555	10	1	10	10	1	1	1	-0.4	0
chr5:2144792	10	1	10	10	1	1	1	-0.4	0
chr5:2167358	10	1	10	10	1	1	1	-0.4	0
chr5:2184761	10	1	10	10	1	1	1	-0.4	0
chr5:2265711	10	1	10	10	1	1	1	-0.4	0
chr5:2298927	10	1	10	10	1	1	1	-0.4	0
chr5:2299679	10	1	10	10	1	1	1	-0.4	0
chr5:2398523	10	1	10	10	1	1	1	-0.4	0
chr5:2399495	10	1	10	10	1	1	1	-0.4	0
chr5:2399975	10	1	10	10	1	1	1	-0.4	0
chr5:2400792	10	1	10	10	1	1	1	-0.4	0
chr5:2557661	10	1	10	10	1	1	1	-0.4	0
chr5:2588198	10	1	10	10	1	1	1	-0.4	0
chr5:2606032	10	1	10	10	1	1	1	-0.4	0
chr5:2614706	10	1	10	10	1	1	1	-0.4	0
chr5:2615597	10	1	10	10	1	1	1	-0.4	0
chr5:2620756	10	1	10	10	1	1	1	-0.4	0
chr5:2678982	10	1	10	10	1	1	1	-0.4	0
chr5:2679913	10	1	10	10	1	1	1	-0.4	0
chr5:2680749	10	1	10	10	1	1	1	-0.4	0
chr5:2933681	10	1	10	10	1	1	1	-0.4	0
chr5:2935395	10	1	10	10	1	1	1	-0.4	0
chr5:2935794	10	1	10	10	1	1	1	-0.4	0
chr5:2985518	10	1	10	10	1	1	1	-0.4	0
chr5:3049608	10	1	10	10	1	1	1	-0.4	0
chr5:3051996	10	1	10	10	1	1	1	-0.4	0
chr5:3054588	10	1	10	10	1	1	1	-0.4	0
chr5:3054963	10	1	10	10	1	1	1	-0.4	0
chr5:3072151	10	1	10	10	1	1	1	-0.4	0
chr5:3072520	10	1	10	10	1	1	1	-0.4	0
chr5:3253201	10	1	10	10	1	1	1	-0.4	0
chr5:3277472	10	1	10	10	1	1	1	-0.4	0
chr5:3279103	10	1	10	10	1	1	1	-0.4	0
chr5:3284410	10	1	10	10	1	1	1	-0.4	0
chr5:3333087	10	1	10	10	1	1	1	-0.4	0
chr5:3334333	10	1	10	10	1	1	1	-0.4	0
chr5:3335339	10	1	10	10	1	1	1	-0.4	0
chr5:3336192	10	1	10	10	1	1	1	-0.4	0
chr5:3384863	10	1	10	10	1	1	1	-0.4	0
chr5:3398578	10	1	10	10	1	1	1	-0.4	0
chr5:3471270	10	1	10	10	1	1	1	-0.4	0
chr5:3478573	10	1	10	10	1	1	1	-0.4	0
chr5:3479165	10	1	10	10	1	1	1	-0.4	0
chr5:3524927	10	1	10	10	1	1	1	-0.4	0
chr5:3525986	10	1	10	10	1	1	1	-0.4	0
chr5:3529960	10	1	10	10	1	1	1	-0.4	0
chr5:3646054	10	1	10	10	1	1	1	-0.4	0
chr5:3744606	10	1	10	10	1	1	1	-0.4	0
chr5:3784208	10	1	10	10	1	1	1	-0.4	0
chr5:3785136	10	1	10	10	1	1	1	-0.4	0
chr5:3857251	10	1	10	10	1	1	1	-0.4	0
chr5:4053703	10	1	10	10	1	1	1	-0.4	0
chr5:4067789	10	1	10	10	1	1	1	-0.4	0
chr5:4156404	10	1	10	10	1	1	1	-0.4	0
chr5:4227560	10	1	10	10	1	1	1	-0.4	0
chr5:4238225	10	1	10	10	1	1	1	-0.4	0
chr5:4423749	10	1	10	10	1	1	1	-0.4	0
chr5:4432123	10	1	10	10	1	1	1	-0.4	0
chr5:4630711	10	1	10	10	1	1	1	-0.4	0
chr5:4647624	10	1	10	10	1	1	1	-0.4	0
chr5:4712435	10	1	10	10	1	1	1	-0.4	0
chr5:4740821	10	1	10	10	1	1	1	-0.4	0
chr5:4779849	10	1	10	10	1	1	1	-0.4	0
chr5:4825538	10	1	10	10	1	1	1	-0.4	0
chr5:4917330	10	1	10	10	1	1	1	-0.4	0
chr5:4945972	10	1	10	10	1	1	1	-0.4	0
chr5:4956202	10	1	10	10	1	1	1	-0.4	0
chr5:4970438	10	1	10	10	1	1	1	-0.4	0
chr5:4985122	10	1	10	10	1	1	1	-0.4	0
chr5:5007027	10	1	10	10	1	1	1	-0.4	0
chr5:5072340	10	1	10	10	1	1	1	-0.4	0
chr5:5265492	10	1	10	10	1	1	1	-0.4	0
chr5:5290360	10	1	10	10	1	1	1	-0.4	0
chr5:5358609	10	1	10	10	1	1	1	-0.4	0
chr5:5816240	10	1	10	10	1	1	1	-0.4	0
chr5:5864213	10	1	10	10	1	1	1	-0.4	0
chr5:5875147	10	1	10	10	1	1	1	-0.4	0
chr5:5876410	10	1	10	10	1	1	1	-0.4	0
chr5:5939464	10	1	10	10	1	1	1	-0.4	0
chr5:5962506	10	1	10	10	1	1	1	-0.4	0
chr5:5964066	10	1	10	10	1	1	1	-0.4	0
chr5:5965881	10	1	10	10	1	1	1	-0.4	0
chr5:5966244	10	1	10	10	1	1	1	-0.4	0
chr5:5966974	10	1	10	10	1	1	1	-0.4	0
chr5:5968114	10	1	10	10	1	1	1	-0.4	0
chr5:5968429	10	1	10	10	1	1	1	-0.4	0
chr5:5969101	10	1	10	10	1	1	1	-0.4	0
chr5:5975171	10	1	10	10	1	1	1	-0.4	0
chr5:5976555	10	1	10	10	1	1	1	-0.4	0
chr5:5983609	10	1	10	10	1	1	1	-0.4	0
chr5:5984038	10	1	10	10	1	1	1	-0.4	0
chr5:5984368	10	1	10	10	1	1	1	-0.4	0
chr5:6045962	10	1	10	10	1	1	1	-0.4	0
chr5:6392587	10	1	10	10	1	1	1	-0.4	0
chr5:6399834	10	1	10	10	1	1	1	-0.4	0
chr5:6424752	10	1	10	10	1	1	1	-0.4	0
chr5:6426527	10	1	10	10	1	1	1	-0.4	0
chr5:6457108	10	1	10	10	1	1	1	-0.4	0
chr5:6458207	10	1	10	10	1	1	1	-0.4	0
chr5:6514953	10	1	10	10	1	1	1	-0.4	0
chr5:6682380	10	1	10	10	1	1	1	-0.4	0
chr5:6687038	10	1	10	10	1	1	1	-0.4	0
chr5:6695052	10	1	10	10	1	1	1	-0.4	0
chr5:6701796	10	1	10	10	1	1	1	-0.4	0
chr5:6802209	10	1	10	10	1	1	1	-0.4	0
chr5:6842136	10	1	10	10	1	1	1	-0.4	0
chr5:7005605	10	1	10	10	1	1	1	-0.4	0
chr5:7006351	10	1	10	10	1	1	1	-0.4	0
chr5:7008422	10	1	10	10	1	1	1	-0.4	0
chr5:7252155	10	1	10	10	1	1	1	-0.4	0
chr5:7383471	10	1	10	10	1	1	1	-0.4	0
chr5:7465879	10	1	10	10	1	1	1	-0.4	0
chr5:7513070	10	1	10	10	1	1	1	-0.4	0
chr5:7524678	10	1	10	10	1	1	1	-0.4	0
chr5:7678916	10	1	10	10	1	1	1	-0.4	0
chr5:7680353	10	1	10	10	1	1	1	-0.4	0
chr5:7842842	10	1	10	10	1	1	1	-0.4	0
chr5:7844399	10	1	10	10	1	1	1	-0.4	0
chr5:7845293	10	1	10	10	1	1	1	-0.4	0
chr5:7901894	10	1	10	10	1	1	1	-0.4	0
chr5:8042094	10	1	10	10	1	1	1	-0.4	0
chr5:8151790	10	1	10	10	1	1	1	-0.4	0
chr5:8353658	10	1	10	10	1	1	1	-0.4	0
chr5:8359900	10	1	10	10	1	1	1	-0.4	0
chr5:8548483	10	1	10	10	1	1	1	-0.4	0
chr5:8746897	10	1	10	10	1	1	1	-0.4	0
chr5:8747393	10	1	10	10	1	1	1	-0.4	0
chr5:8774968	10	1	10	10	1	1	1	-0.4	0
chr5:8776320	10	1	10	10	1	1	1	-0.4	0
chr5:8777392	10	1	10	10	1	1	1	-0.4	0
chr5:8777595	10	1	10	10	1	1	1	-0.4	0
chr5:8861207	10	1	10	10	1	1	1	-0.4	0
chr5:8863321	10	1	10	10	1	1	1	-0.4	0
chr5:8864156	10	1	10	10	1	1	1	-0.4	0
chr5:8993251	10	1	10	10	1	1	1	-0.4	0
chr5:9291744	10	1	10	10	1	1	1	-0.4	0
chr5:9484833	10	1	10	10	1	1	1	-0.4	0
chr5:9515763	10	1	10	10	1	1	1	-0.4	0
chr5:10452092	10	1	10	10	1	1	1	-0.4	0
chr5:11185068	10	1	10	10	1	1	1	-0.4	0
chr5:11185068	10	1	10	10	1	1	1	-0.4	0
chr5:11185744	10	1	10	10	1	1	1	-0.4	0
chr5:11705335	10	1	10	10	1	1	1	-0.4	0
chr5:11723695	10	1	10	10	1	1	1	-0.4	0
chr5:11726899	10	1	10	10	1	1	1	-0.4	0
chr5:11727554	10	1	10	10	1	1	1	-0.4	0
chr5:11727554	10	1	10	10	1	1	1	-0.4	0
chr5:11728651	10	1	10	10	1	1	1	-0.4	0
chr5:11730487	10	1	10	10	1	1	1	-0.4	0
chr5:11731530	10	1	10	10	1	1	1	-0.4	0
chr5:11732329	10	1	10	10	1	1	1	-0.4	0
chr5:11734877	10	1	10	10	1	1	1	-0.4	0
chr5:11735222	10	1	10	10	1	1	1	-0.4	0
chr5:11736027	10	1	10	10	1	1	1	-0.4	0
chr5:13614460	10	1	10	10	1	1	1	-0.4	0
chr5:13707393	10	1	10	10	1	1	1	-0.4	0
chr5:14629639	10	1	10	10	1	1	1	-0.4	0
chr5:14753127	10	1	10	10	1	1	1	-0.4	0
chr5:14753432	10	1	10	10	1	1	1	-0.4	0
chr5:14998710	10	1	10	10	1	1	1	-0.4	0
chr5:15017156	10	1	10	10	1	1	1	-0.4	0
chr5:15129033	10	1	10	10	1	1	1	-0.4	0
chr5:15151686	10	1	10	10	1	1	1	-0.4	0
chr5:15231382	10	1	10	10	1	1	1	-0.4	0
chr5:15254513	10	1	10	10	1	1	1	-0.4	0
chr5:15377478	10	1	10	10	1	1	1	-0.4	0
chr5:15595868	10	1	10	10	1	1	1	-0.4	0
chr5:15602391	10	1	10	10	1	1	1	-0.4	0
chr5:15641211	10	1	10	10	1	1	1	-0.4	0
chr5:15997812	10	1	10	10	1	1	1	-0.4	0
chr5:16195748	10	1	10	10	1	1	1	-0.4	0
chr5:16444063	10	1	10	10	1	1	1	-0.4	0
chr5:16466429	10	1	10	10	1	1	1	-0.4	0
chr5:16503538	10	1	10	10	1	1	1	-0.4	0
chr5:16572101	10	1	10	10	1	1	1	-0.4	0
chr5:16635571	10	1	10	10	1	1	1	-0.4	0
chr5:16813665	10	1	10	10	1	1	1	-0.4	0
chr5:16828581	10	1	10	10	1	1	1	-0.4	0
chr5:16829248	10	1	10	10	1	1	1	-0.4	0
chr5:16831392	10	1	10	10	1	1	1	-0.4	0
chr5:17080973	10	1	10	10	1	1	1	-0.4	0
chr5:17098357	10	1	10	10	1	1	1	-0.4	0
chr5:17141501	10	1	10	10	1	1	1	-0.4	0
chr5:17142947	10	1	10	10	1	1	1	-0.4	0
chr5:17271037	10	1	10	10	1	1	1	-0.4	0
chr5:17550202	10	1	10	10	1	1	1	-0.4	0
chr5:17551781	10	1	10	10	1	1	1	-0.4	0
chr5:17588484	10	1	10	10	1	1	1	-0.4	0
chr5:17588787	10	1	10	10	1	1	1	-0.4	0
chr5:17643782	10	1	10	10	1	1	1	-0.4	0
chr5:17712880	10	1	10	10	1	1	1	-0.4	0
chr5:17713583	10	1	10	10	1	1	1	-0.4	0
chr5:17714827	10	1	10	10	1	1	1	-0.4	0
chr5:17731305	10	1	10	10	1	1	1	-0.4	0
chr5:17731731	10	1	10	10	1	1	1	-0.4	0
chr5:17829141	10	1	10	10	1	1	1	-0.4	0
chr5:17861342	10	1	10	10	1	1	1	-0.4	0
chr5:17913537	10	1	10	10	1	1	1	-0.4	0
chr5:18018187	10	1	10	10	1	1	1	-0.4	0
chr5:18213783	10	1	10	10	1	1	1	-0.4	0
chr5:18215778	10	1	10	10	1	1	1	-0.4	0
chr5:18370424	10	1	10	10	1	1	1	-0.4	0
chr5:18378881	10	1	10	10	1	1	1	-0.4	0
chr5:18406830	10	1	10	10	1	1	1	-0.4	0
chr5:18407283	10	1	10	10	1	1	1	-0.4	0
chr5:18430115	10	1	10	10	1	1	1	-0.4	0
chr5:18464017	10	1	10	10	1	1	1	-0.4	0
chr5:18484143	10	1	10	10	1	1	1	-0.4	0
chr5:18829582	10	1	10	10	1	1	1	-0.4	0
chr5:19036022	10	1	10	10	1	1	1	-0.4	0
chr5:19039483	10	1	10	10	1	1	1	-0.4	0
chr5:19044074	10	1	10	10	1	1	1	-0.4	0
chr5:19051336	10	1	10	10	1	1	1	-0.4	0
chr5:19115520	10	1	10	10	1	1	1	-0.4	0
chr5:19164015	10	1	10	10	1	1	1	-0.4	0
chr5:19216248	10	1	10	10	1	1	1	-0.4	0
chr5:19217478	10	1	10	10	1	1	1	-0.4	0
chr5:19217907	10	1	10	10	1	1	1	-0.4	0
chr5:19218937	10	1	10	10	1	1	1	-0.4	0
chr5:19219501	10	1	10	10	1	1	1	-0.4	0
chr5:19220972	10	1	10	10	1	1	1	-0.4	0
chr5:19289380	10	1	10	10	1	1	1	-0.4	0
chr5:19309036	10	1	10	10	1	1	1	-0.4	0
chr5:19522321	10	1	10	10	1	1	1	-0.4	0
chr5:19826724	10	1	10	10	1	1	1	-0.4	0
chr5:19899116	10	1	10	10	1	1	1	-0.4	0
chr5:19976004	10	1	10	10	1	1	1	-0.4	0
chr5:20014374	10	1	10	10	1	1	1	-0.4	0
chr5:20015475	10	1	10	10	1	1	1	-0.4	0
chr5:20021343	10	1	10	10	1	1	1	-0.4	0
chr5:20197255	10	1	10	10	1	1	1	-0.4	0
chr5:20216381	10	1	10	10	1	1	1	-0.4	0
chr5:20490803	10	1	10	10	1	1	1	-0.4	0
chr5:20704684	10	1	10	10	1	1	1	-0.4	0
chr5:20943331	10	1	10	10	1	1	1	-0.4	0
chr5:21034701	10	1	10	10	1	1	1	-0.4	0
chr5:21038135	10	1	10	10	1	1	1	-0.4	0
chr5:21054538	10	1	10	10	1	1	1	-0.4	0
chr5:21226156	10	1	10	10	1	1	1	-0.4	0
chr5:21257871	10	1	10	10	1	1	1	-0.4	0
chr5:21286061	10	1	10	10	1	1	1	-0.4	0
chr5:21308622	10	1	10	10	1	1	1	-0.4	0
chr5:21412210	10	1	10	10	1	1	1	-0.4	0
chr5:21437718	10	1	10	10	1	1	1	-0.4	0
chr5:21454610	10	1	10	10	1	1	1	-0.4	0
chr5:21485386	10	1	10	10	1	1	1	-0.4	0
chr5:21532379	10	1	10	10	1	1	1	-0.4	0
chr5:21562745	10	1	10	10	1	1	1	-0.4	0
chr5:21603716	10	1	10	10	1	1	1	-0.4	0
chr5:21619569	10	1	10	10	1	1	1	-0.4	0
chr5:21628487	10	1	10	10	1	1	1	-0.4	0
chr5:21717433	10	1	10	10	1	1	1	-0.4	0
chr5:21735072	10	1	10	10	1	1	1	-0.4	0
chr5:21913152	10	1	10	10	1	1	1	-0.4	0
chr5:21968249	10	1	10	10	1	1	1	-0.4	0
chr5:21973869	10	1	10	10	1	1	1	-0.4	0
chr5:21993033	10	1	10	10	1	1	1	-0.4	0
chr5:22028820	10	1	10	10	1	1	1	-0.4	0
chr5:22128847	10	1	10	10	1	1	1	-0.4	0
chr5:22129532	10	1	10	10	1	1	1	-0.4	0
chr5:22134835	10	1	10	10	1	1	1	-0.4	0
chr5:22151047	10	1	10	10	1	1	1	-0.4	0
chr5:22331925	10	1	10	10	1	1	1	-0.4	0
chr5:22454884	10	1	10	10	1	1	1	-0.4	0
chr5:22506131	10	1	10	10	1	1	1	-0.4	0
chr5:22602531	10	1	10	10	1	1	1	-0.4	0
chr5:22605262	10	1	10	10	1	1	1	-0.4	0
chr5:22645090	10	1	10	10	1	1	1	-0.4	0
chr5:22691674	10	1	10	10	1	1	1	-0.4	0
chr5:22699059	10	1	10	10	1	1	1	-0.4	0
chr5:22758081	10	1	10	10	1	1	1	-0.4	0
chr5:22819863	10	1	10	10	1	1	1	-0.4	0
chr5:22992041	10	1	10	10	1	1	1	-0.4	0
chr5:23056794	10	1	10	10	1	1	1	-0.4	0
chr5:23092344	10	1	10	10	1	1	1	-0.4	0
chr5:23117861	10	1	10	10	1	1	1	-0.4	0
chr5:23154411	10	1	10	10	1	1	1	-0.4	0
chr5:23318460	10	1	10	10	1	1	1	-0.4	0
chr5:23343441	10	1	10	10	1	1	1	-0.4	0
chr5:23357100	10	1	10	10	1	1	1	-0.4	0
chr5:23359614	10	1	10	10	1	1	1	-0.4	0
chr5:23388527	10	1	10	10	1	1	1	-0.4	0
chr5:23406478	10	1	10	10	1	1	1	-0.4	0
chr5:23407947	10	1	10	10	1	1	1	-0.4	0
chr5:23411617	10	1	10	10	1	1	1	-0.4	0
chr5:23659379	10	1	10	10	1	1	1	-0.4	0
chr5:23659827	10	1	10	10	1	1	1	-0.4	0
chr5:23668669	10	1	10	10	1	1	1	-0.4	0
chr5:23728549	10	1	10	10	1	1	1	-0.4	0
chr5:23824452	10	1	10	10	1	1	1	-0.4	0
chr5:23943426	10	1	10	10	1	1	1	-0.4	0
chr5:24066292	10	1	10	10	1	1	1	-0.4	0
chr5:24103390	10	1	10	10	1	1	1	-0.4	0
chr5:24165840	10	1	10	10	1	1	1	-0.4	0
chr5:24291076	10	1	10	10	1	1	1	-0.4	0
chr5:24374949	10	1	10	10	1	1	1	-0.4	0
chr5:24384517	10	1	10	10	1	1	1	-0.4	0
chr5:24386834	10	1	10	10	1	1	1	-0.4	0
chr5:24478963	10	1	10	10	1	1	1	-0.4	0
chr5:24482518	10	1	10	10	1	1	1	-0.4	0
chr5:24765403	10	1	10	10	1	1	1	-0.4	0
chr5:24766714	10	1	10	10	1	1	1	-0.4	0
chr5:24845683	10	1	10	10	1	1	1	-0.4	0
chr5:24878433	10	1	10	10	1	1	1	-0.4	0
chr5:24887045	10	1	10	10	1	1	1	-0.4	0
chr5:24904942	10	1	10	10	1	1	1	-0.4	0
chr5:24906340	10	1	10	10	1	1	1	-0.4	0
chr5:24908385	10	1	10	10	1	1	1	-0.4	0
chr5:24940135	10	1	10	10	1	1	1	-0.4	0
chr5:25008747	10	1	10	10	1	1	1	-0.4	0
chr5:25018374	10	1	10	10	1	1	1	-0.4	0
chr5:25054787	10	1	10	10	1	1	1	-0.4	0
chr5:25078333	10	1	10	10	1	1	1	-0.4	0
chr5:25158688	10	1	10	10	1	1	1	-0.4	0
chr5:25234530	10	1	10	10	1	1	1	-0.4	0
chr5:25267663	10	1	10	10	1	1	1	-0.4	0
chr5:25324614	10	1	10	10	1	1	1	-0.4	0
chr5:25383566	10	1	10	10	1	1	1	-0.4	0
chr5:25398910	10	1	10	10	1	1	1	-0.4	0
chr5:25399403	10	1	10	10	1	1	1	-0.4	0
chr5:25423458	10	1	10	10	1	1	1	-0.4	0
chr5:25437070	10	1	10	10	1	1	1	-0.4	0
chr5:25484592	10	1	10	10	1	1	1	-0.4	0
chr5:25528118	10	1	10	10	1	1	1	-0.4	0
chr5:25650316	10	1	10	10	1	1	1	-0.4	0
chr5:25685993	10	1	10	10	1	1	1	-0.4	0
chr5:25701229	10	1	10	10	1	1	1	-0.4	0
chr5:25705028	10	1	10	10	1	1	1	-0.4	0
chr5:25730124	10	1	10	10	1	1	1	-0.4	0
chr5:25731119	10	1	10	10	1	1	1	-0.4	0
chr5:25841387	10	1	10	10	1	1	1	-0.4	0
chr5:25876255	10	1	10	10	1	1	1	-0.4	0
chr5:25886742	10	1	10	10	1	1	1	-0.4	0
chr5:25929331	10	1	10	10	1	1	1	-0.4	0
chr5:26095834	10	1	10	10	1	1	1	-0.4	0
chr5:26096834	10	1	10	10	1	1	1	-0.4	0
chr5:26100579	10	1	10	10	1	1	1	-0.4	0
chr5:26100827	10	1	10	10	1	1	1	-0.4	0
chr5:26102268	10	1	10	10	1	1	1	-0.4	0
chr5:26112833	10	1	10	10	1	1	1	-0.4	0
chr5:26123812	10	1	10	10	1	1	1	-0.4	0
chr5:26124564	10	1	10	10	1	1	1	-0.4	0
chr5:26130260	10	1	10	10	1	1	1	-0.4	0
chr5:26148055	10	1	10	10	1	1	1	-0.4	0
chr5:26150668	10	1	10	10	1	1	1	-0.4	0
chr5:26171337	10	1	10	10	1	1	1	-0.4	0
chr5:26228895	10	1	10	10	1	1	1	-0.4	0
chr5:26248096	10	1	10	10	1	1	1	-0.4	0
chr5:26253181	10	1	10	10	1	1	1	-0.4	0
chr5:26263747	10	1	10	10	1	1	1	-0.4	0
chr5:26333803	10	1	10	10	1	1	1	-0.4	0
chr5:26335209	10	1	10	10	1	1	1	-0.4	0
chr5:26367656	10	1	10	10	1	1	1	-0.4	0
chr5:26425385	10	1	10	10	1	1	1	-0.4	0
chr5:26456337	10	1	10	10	1	1	1	-0.4	0
chr5:26492393	10	1	10	10	1	1	1	-0.4	0
chr5:26499400	10	1	10	10	1	1	1	-0.4	0
chr5:26572210	10	1	10	10	1	1	1	-0.4	0
chr5:26573389	10	1	10	10	1	1	1	-0.4	0
chr5:26574649	10	1	10	10	1	1	1	-0.4	0
chr5:26645568	10	1	10	10	1	1	1	-0.4	0
chr5:26668058	10	1	10	10	1	1	1	-0.4	0
chr5:26705090	10	1	10	10	1	1	1	-0.4	0
chr5:26752659	10	1	10	10	1	1	1	-0.4	0
chr5:26808343	10	1	10	10	1	1	1	-0.4	0
chr5:26851377	10	1	10	10	1	1	1	-0.4	0
chr5:26852875	10	1	10	10	1	1	1	-0.4	0
chr5:26853819	10	1	10	10	1	1	1	-0.4	0
chr5:26854722	10	1	10	10	1	1	1	-0.4	0
chr5:26887654	10	1	10	10	1	1	1	-0.4	0
chr5:26889653	10	1	10	10	1	1	1	-0.4	0
chr5:26890063	10	1	10	10	1	1	1	-0.4	0
chr5:26901445	10	1	10	10	1	1	1	-0.4	0
chr5:26904512	10	1	10	10	1	1	1	-0.4	0
chr5:26950123	10	1	10	10	1	1	1	-0.4	0
