Position	IP	Control	Fold	Expectd	Q_-lg10	P_-lg10	P_poiss	IPvsEMP	Noise
chr5:26253284	10	1	10	10	-1	111.16	1	-0.4	0
chr4:1280090	10	1	10	10	-1	110.62	1	-0.4	0
chr4:1520591	10	1	10	10	-1	110.59	1	-0.4	0
chr2:9075452	10	1	10	10	-1	106.94	1	-0.4	0
chr1:9725897	10	1	10	10	-1	100.95	1	-0.4	0
chr5:709737	10	1	10	10	-1	96.23	1	-0.4	0
chr4:2718106	10	1	10	10	-1	93.39	1	-0.4	0
chr5:1609117	10	1	10	10	-1	92.55	1	-0.4	0
chr5:25085993	10	1	10	10	-1	92.15	1	-0.4	0
chr2:7997341	10	1	10	10	-1	90.99	1	-0.4	0
chr1:28486022	10	1	10	10	-1	89.83	1	-0.4	0
chr4:1047923	10	1	10	10	-1	89.44	1	-0.4	0
chr3:19991283	10	1	10	10	-1	89.16	1	-0.4	0
chr5:20403944	10	1	10	10	-1	88.79	1	-0.4	0
chr5:19249620	10	1	10	10	-1	88.41	1	-0.4	0
chr4:4074702	10	1	10	10	-1	88.35	1	-0.4	0
chr5:773562	10	1	10	10	-1	87.53	1	-0.4	0
chr1:29345713	10	1	10	10	-1	86.2	1	-0.4	0
chr1:24812698	10	1	10	10	-1	86.14	1	-0.4	0
chr3:18471060	10	1	10	10	-1	85.14	1	-0.4	0
chr5:7856032	10	1	10	10	-1	82.94	1	-0.4	0
chr5:25764272	10	1	10	10	-1	82.67	1	-0.4	0
chr4:17041232	10	1	10	10	-1	82.49	1	-0.4	0
chr1:2848202	10	1	10	10	-1	80.7	1	-0.4	0
chr3:2890497	10	1	10	10	-1	80.66	1	-0.4	0
chr1:11612063	10	1	10	10	-1	80.6	1	-0.4	0
chr3:18940560	10	1	10	10	-1	79.43	1	-0.4	0
chr1:12123687	10	1	10	10	-1	78.62	1	-0.4	0
chr4:6276884	10	1	10	10	-1	77.28	1	-0.4	0
chr1:16646688	10	1	10	10	-1	75.25	1	-0.4	0
chr5:16158871	10	1	10	10	-1	74.38	1	-0.4	0
chr3:1488483	10	1	10	10	-1	73.65	1	-0.4	0
chr4:7368987	10	1	10	10	-1	73.61	1	-0.4	0
chr2:9538999	10	1	10	10	-1	72.29	1	-0.4	0
chr5:973861	10	1	10	10	-1	72.23	1	-0.4	0
chr5:26466177	10	1	10	10	-1	71.04	1	-0.4	0
chr4:12976800	10	1	10	10	-1	70.87	1	-0.4	0
chr5:14845637	10	1	10	10	-1	70.43	1	-0.4	0
chr1:1559813	10	1	10	10	-1	69.78	1	-0.4	0
chr5:24833917	10	1	10	10	-1	69.64	1	-0.4	0
chr5:25706602	10	1	10	10	-1	69.64	1	-0.4	0
chr1:7649125	10	1	10	10	-1	69.38	1	-0.4	0
chr5:16389984	10	1	10	10	-1	69.06	1	-0.4	0
chr1:28589696	10	1	10	10	-1	69.01	1	-0.4	0
chr2:15030423	10	1	10	10	-1	68.36	1	-0.4	0
chr5:25379622	10	1	10	10	-1	68.34	1	-0.4	0
chr1:29452378	10	1	10	10	-1	67.75	1	-0.4	0
chr5:5759866	10	1	10	10	-1	67.62	1	-0.4	0
chr4:17282893	10	1	10	10	-1	67.24	1	-0.4	0
chr2:18309202	10	1	10	10	-1	67.01	1	-0.4	0
chr5:8082566	10	1	10	10	-1	66.82	1	-0.4	0
chr1:19912589	10	1	10	10	-1	66.48	1	-0.4	0
chr1:2927677	10	1	10	10	-1	66.37	1	-0.4	0
chr1:24775887	10	1	10	10	-1	66.12	1	-0.4	0
chr1:27596217	10	1	10	10	-1	65.96	1	-0.4	0
chr4:12243675	10	1	10	10	-1	65.56	1	-0.4	0
chr1:27081655	10	1	10	10	-1	65.19	1	-0.4	0
chr3:19687466	10	1	10	10	-1	65.14	1	-0.4	0
chr2:17604079	10	1	10	10	-1	64.79	1	-0.4	0
chr5:3173288	10	1	10	10	-1	64.66	1	-0.4	0
chr1:3338166	10	1	10	10	-1	64.64	1	-0.4	0
chr1:26501685	10	1	10	10	-1	64.56	1	-0.4	0
chr5:5788237	10	1	10	10	-1	64.54	1	-0.4	0
chr1:5841774	10	1	10	10	-1	63.77	1	-0.4	0
chr5:25721819	10	1	10	10	-1	63.66	1	-0.4	0
chr3:6802327	10	1	10	10	-1	63.48	1	-0.4	0
chr5:21987144	10	1	10	10	-1	62.56	1	-0.4	0
chr5:3528846	10	1	10	10	-1	62.4	1	-0.4	0
chr4:289939	10	1	10	10	-1	62.16	1	-0.4	0
chr3:5124823	10	1	10	10	-1	61.72	1	-0.4	0
chr1:29196290	10	1	10	10	-1	61.62	1	-0.4	0
chr5:831837	10	1	10	10	-1	61.24	1	-0.4	0
chr1:30117795	10	1	10	10	-1	61.04	1	-0.4	0
chr1:3248020	10	1	10	10	-1	60.65	1	-0.4	0
chr4:16102489	10	1	10	10	-1	60.44	1	-0.4	0
chr5:23901176	10	1	10	10	-1	60.02	1	-0.4	0
chr1:29590653	10	1	10	10	-1	59.92	1	-0.4	0
chr1:27157916	10	1	10	10	-1	59.77	1	-0.4	0
chr5:16913973	10	1	10	10	-1	59.64	1	-0.4	0
chr4:446993	10	1	10	10	-1	59.43	1	-0.4	0
chr1:11909024	10	1	10	10	-1	59.2	1	-0.4	0
chr5:14995763	10	1	10	10	-1	58.93	1	-0.4	0
chr3:23195942	10	1	10	10	-1	58.8	1	-0.4	0
chr4:433912	10	1	10	10	-1	58.8	1	-0.4	0
chr1:22824252	10	1	10	10	-1	57.94	1	-0.4	0
chr5:17522467	10	1	10	10	-1	57.78	1	-0.4	0
chr1:26618201	10	1	10	10	-1	57.63	1	-0.4	0
chr1:8408572	10	1	10	10	-1	57.3	1	-0.4	0
chr2:18423952	10	1	10	10	-1	57.28	1	-0.4	0
chr5:25815540	10	1	10	10	-1	57.02	1	-0.4	0
chr4:9383206	10	1	10	10	-1	56.73	1	-0.4	0
chr4:12827666	10	1	10	10	-1	56.27	1	-0.4	0
chr4:16265526	10	1	10	10	-1	56.17	1	-0.4	0
chr5:21240731	10	1	10	10	-1	56.13	1	-0.4	0
chr1:890110	10	1	10	10	-1	55.68	1	-0.4	0
chr5:25801335	10	1	10	10	-1	55.56	1	-0.4	0
chr3:4290000	10	1	10	10	-1	55.44	1	-0.4	0
chr1:7346154	10	1	10	10	-1	55.18	1	-0.4	0
chr3:9244335	10	1	10	10	-1	54.92	1	-0.4	0
chr2:15943787	10	1	10	10	-1	54.43	1	-0.4	0
chr5:25462598	10	1	10	10	-1	54.41	1	-0.4	0
chr1:5048790	10	1	10	10	-1	53.94	1	-0.4	0
chr1:8140881	10	1	10	10	-1	53.86	1	-0.4	0
chr4:1464366	10	1	10	10	-1	53.85	1	-0.4	0
chr2:6790106	10	1	10	10	-1	53.8	1	-0.4	0
chr5:25387269	10	1	10	10	-1	53.66	1	-0.4	0
chr4:8464511	10	1	10	10	-1	53.36	1	-0.4	0
chr3:1061014	10	1	10	10	-1	53.22	1	-0.4	0
chr5:714283	10	1	10	10	-1	53.13	1	-0.4	0
chr5:661796	10	1	10	10	-1	52.98	1	-0.4	0
chr5:25324530	10	1	10	10	-1	52.9	1	-0.4	0
chr3:512204	10	1	10	10	-1	52.54	1	-0.4	0
chr5:2204132	10	1	10	10	-1	52.36	1	-0.4	0
chr4:10030299	10	1	10	10	-1	52.33	1	-0.4	0
chr2:16210406	10	1	10	10	-1	52.16	1	-0.4	0
chr1:4594493	10	1	10	10	-1	52.09	1	-0.4	0
chr3:23221240	10	1	10	10	-1	51.85	1	-0.4	0
chr1:29975580	10	1	10	10	-1	51.62	1	-0.4	0
chr5:5675099	10	1	10	10	-1	51.45	1	-0.4	0
chr1:21099	10	1	10	10	-1	51.2	1	-0.4	0
chr1:13900969	10	1	10	10	-1	51.15	1	-0.4	0
chr2:15750409	10	1	10	10	-1	51.13	1	-0.4	0
chr5:25097878	10	1	10	10	-1	51	1	-0.4	0
chr3:4494010	10	1	10	10	-1	50.82	1	-0.4	0
chr4:17867253	10	1	10	10	-1	50.73	1	-0.4	0
chr5:25250503	10	1	10	10	-1	50.39	1	-0.4	0
chr5:19908274	10	1	10	10	-1	50.33	1	-0.4	0
chr5:19133003	10	1	10	10	-1	50.28	1	-0.4	0
chr1:17193005	10	1	10	10	-1	50.14	1	-0.4	0
chr2:7246381	10	1	10	10	-1	49.87	1	-0.4	0
chr1:467897	10	1	10	10	-1	49.86	1	-0.4	0
chr2:15028277	10	1	10	10	-1	49.7	1	-0.4	0
chr3:7324422	10	1	10	10	-1	49.57	1	-0.4	0
chr5:1610429	10	1	10	10	-1	49.57	1	-0.4	0
chr3:1822971	10	1	10	10	-1	49.54	1	-0.4	0
chr4:16168914	10	1	10	10	-1	49.39	1	-0.4	0
chr3:994884	10	1	10	10	-1	49.2	1	-0.4	0
chr5:1217409	10	1	10	10	-1	48.95	1	-0.4	0
chr1:18477810	10	1	10	10	-1	48.93	1	-0.4	0
chr2:8657242	10	1	10	10	-1	48.88	1	-0.4	0
chr5:1998771	10	1	10	10	-1	48.59	1	-0.4	0
chr1:19619456	10	1	10	10	-1	48.58	1	-0.4	0
chr3:18240727	10	1	10	10	-1	48.32	1	-0.4	0
chr5:6730536	10	1	10	10	-1	48.17	1	-0.4	0
chr5:23377268	10	1	10	10	-1	48.15	1	-0.4	0
chr3:6809648	10	1	10	10	-1	48.13	1	-0.4	0
chr2:9842939	10	1	10	10	-1	48.06	1	-0.4	0
chr5:7054393	10	1	10	10	-1	47.72	1	-0.4	0
chr4:16471509	10	1	10	10	-1	47.56	1	-0.4	0
chr1:28860148	10	1	10	10	-1	47.55	1	-0.4	0
chr3:2487248	10	1	10	10	-1	47.47	1	-0.4	0
chr4:17762383	10	1	10	10	-1	47.37	1	-0.4	0
chr5:22312869	10	1	10	10	-1	47.34	1	-0.4	0
chr5:4206712	10	1	10	10	-1	47.14	1	-0.4	0
chr2:99592	10	1	10	10	-1	47.09	1	-0.4	0
chr1:25694334	10	1	10	10	-1	46.71	1	-0.4	0
chr2:17172075	10	1	10	10	-1	46.58	1	-0.4	0
chr3:5234538	10	1	10	10	-1	46.5	1	-0.4	0
chr3:22553677	10	1	10	10	-1	46.47	1	-0.4	0
chr1:29215970	10	1	10	10	-1	46.22	1	-0.4	0
chr5:20454143	10	1	10	10	-1	46.05	1	-0.4	0
chr1:8559063	10	1	10	10	-1	45.9	1	-0.4	0
chr5:23127072	10	1	10	10	-1	45.9	1	-0.4	0
chr3:242432	10	1	10	10	-1	45.84	1	-0.4	0
chr2:9290895	10	1	10	10	-1	45.66	1	-0.4	0
chr2:982223	10	1	10	10	-1	45.64	1	-0.4	0
chr1:4827473	10	1	10	10	-1	45.58	1	-0.4	0
chr4:9328802	10	1	10	10	-1	45.44	1	-0.4	0
chr4:18152659	10	1	10	10	-1	45.43	1	-0.4	0
chr3:4496230	10	1	10	10	-1	45.39	1	-0.4	0
chr5:21401277	10	1	10	10	-1	45.3	1	-0.4	0
chr2:8775595	10	1	10	10	-1	45.24	1	-0.4	0
chr3:1833973	10	1	10	10	-1	45.16	1	-0.4	0
chr1:22678072	10	1	10	10	-1	45.07	1	-0.4	0
chr4:4829066	10	1	10	10	-1	45.07	1	-0.4	0
chr4:12079752	10	1	10	10	-1	45.03	1	-0.4	0
chr5:142806	10	1	10	10	-1	44.99	1	-0.4	0
chr1:29474498	10	1	10	10	-1	44.66	1	-0.4	0
chr3:8556913	10	1	10	10	-1	44.57	1	-0.4	0
chr3:22916178	10	1	10	10	-1	44.5	1	-0.4	0
chr1:11762674	10	1	10	10	-1	44.47	1	-0.4	0
chr5:26519522	10	1	10	10	-1	44.47	1	-0.4	0
chr4:14393622	10	1	10	10	-1	44.38	1	-0.4	0
chr2:19045294	10	1	10	10	-1	44.3	1	-0.4	0
chr1:5766793	10	1	10	10	-1	44.29	1	-0.4	0
chr1:7337708	10	1	10	10	-1	44.26	1	-0.4	0
chr3:8269704	10	1	10	10	-1	44.15	1	-0.4	0
chr5:20069973	10	1	10	10	-1	44.11	1	-0.4	0
chr4:18186392	10	1	10	10	-1	43.98	1	-0.4	0
chr5:23416540	10	1	10	10	-1	43.98	1	-0.4	0
chr4:14321699	10	1	10	10	-1	43.95	1	-0.4	0
chr5:5360673	10	1	10	10	-1	43.95	1	-0.4	0
chr1:26415272	10	1	10	10	-1	43.92	1	-0.4	0
chr1:23166368	10	1	10	10	-1	43.53	1	-0.4	0
chr3:10287813	10	1	10	10	-1	43.48	1	-0.4	0
chr5:9793432	10	1	10	10	-1	43.47	1	-0.4	0
chr1:23020837	10	1	10	10	-1	43.44	1	-0.4	0
chr5:7955637	10	1	10	10	-1	43.39	1	-0.4	0
chr1:3398414	10	1	10	10	-1	43.32	1	-0.4	0
chr3:880581	10	1	10	10	-1	43.13	1	-0.4	0
chr5:9407351	10	1	10	10	-1	43.13	1	-0.4	0
chr1:8720039	10	1	10	10	-1	43.1	1	-0.4	0
chr2:10906107	10	1	10	10	-1	42.93	1	-0.4	0
chr1:11428521	10	1	10	10	-1	42.84	1	-0.4	0
chr5:20781680	10	1	10	10	-1	42.78	1	-0.4	0
chr3:10384747	10	1	10	10	-1	42.75	1	-0.4	0
chr1:30217327	10	1	10	10	-1	42.68	1	-0.4	0
chr5:24888111	10	1	10	10	-1	42.64	1	-0.4	0
chr1:28331787	10	1	10	10	-1	42.59	1	-0.4	0
chr3:22804816	10	1	10	10	-1	42.3	1	-0.4	0
chr2:17873820	10	1	10	10	-1	42.25	1	-0.4	0
chr3:17986939	10	1	10	10	-1	42.19	1	-0.4	0
chr1:25425605	10	1	10	10	-1	42.11	1	-0.4	0
chr4:15306552	10	1	10	10	-1	42.09	1	-0.4	0
chr1:19459833	10	1	10	10	-1	42.05	1	-0.4	0
chr3:8734868	10	1	10	10	-1	42.04	1	-0.4	0
chr4:1090302	10	1	10	10	-1	41.99	1	-0.4	0
chr4:16136626	10	1	10	10	-1	41.99	1	-0.4	0
chr5:5864132	10	1	10	10	-1	41.99	1	-0.4	0
chr5:18168412	10	1	10	10	-1	41.94	1	-0.4	0
chr2:18328508	10	1	10	10	-1	41.9	1	-0.4	0
chr3:3238448	10	1	10	10	-1	41.84	1	-0.4	0
chr4:5167116	10	1	10	10	-1	41.83	1	-0.4	0
chr5:3239249	10	1	10	10	-1	41.76	1	-0.4	0
chr5:24954323	10	1	10	10	-1	41.56	1	-0.4	0
chr3:3967035	10	1	10	10	-1	41.5	1	-0.4	0
chr4:14654156	10	1	10	10	-1	41.45	1	-0.4	0
chr4:16256380	10	1	10	10	-1	41.45	1	-0.4	0
chr3:18494423	10	1	10	10	-1	41.22	1	-0.4	0
chr4:1446453	10	1	10	10	-1	41.2	1	-0.4	0
chr1:28419650	10	1	10	10	-1	41.15	1	-0.4	0
chr4:13571385	10	1	10	10	-1	41.07	1	-0.4	0
chr1:3837687	10	1	10	10	-1	40.97	1	-0.4	0
chr3:2905979	10	1	10	10	-1	40.96	1	-0.4	0
chr4:18033944	10	1	10	10	-1	40.96	1	-0.4	0
chr1:18030643	10	1	10	10	-1	40.9	1	-0.4	0
chr2:15099720	10	1	10	10	-1	40.9	1	-0.4	0
chr3:23239345	10	1	10	10	-1	40.87	1	-0.4	0
chr1:5195590	10	1	10	10	-1	40.63	1	-0.4	0
chr3:1285500	10	1	10	10	-1	40.56	1	-0.4	0
chr1:29002159	10	1	10	10	-1	40.53	1	-0.4	0
chr1:2199938	10	1	10	10	-1	40.17	1	-0.4	0
chr1:22737504	10	1	10	10	-1	40.16	1	-0.4	0
chr4:14830304	10	1	10	10	-1	40.13	1	-0.4	0
chr3:8905738	10	1	10	10	-1	40.11	1	-0.4	0
chr4:11925329	10	1	10	10	-1	40.09	1	-0.4	0
chr1:12840214	10	1	10	10	-1	39.82	1	-0.4	0
chr5:24854567	10	1	10	10	-1	39.81	1	-0.4	0
chr1:1108949	10	1	10	10	-1	39.8	1	-0.4	0
chr4:17187396	10	1	10	10	-1	39.74	1	-0.4	0
chr5:206231	10	1	10	10	-1	39.68	1	-0.4	0
chr5:24066241	10	1	10	10	-1	39.58	1	-0.4	0
chr5:713528	10	1	10	10	-1	39.51	1	-0.4	0
chr1:136087	10	1	10	10	-1	39.49	1	-0.4	0
chr3:4399428	10	1	10	10	-1	39.47	1	-0.4	0
chr2:8719916	10	1	10	10	-1	39.45	1	-0.4	0
chr5:173621	10	1	10	10	-1	39.34	1	-0.4	0
chr2:13701313	10	1	10	10	-1	39.2	1	-0.4	0
chr5:17755902	10	1	10	10	-1	39.15	1	-0.4	0
chr5:3880770	10	1	10	10	-1	39.1	1	-0.4	0
chr2:14740217	10	1	10	10	-1	39.04	1	-0.4	0
chr5:22481889	10	1	10	10	-1	38.94	1	-0.4	0
chr3:16703757	10	1	10	10	-1	38.74	1	-0.4	0
chr4:15145727	10	1	10	10	-1	38.73	1	-0.4	0
chr5:22633340	10	1	10	10	-1	38.66	1	-0.4	0
chr1:4797249	10	1	10	10	-1	38.46	1	-0.4	0
chr4:17743818	10	1	10	10	-1	38.4	1	-0.4	0
chr4:16482956	10	1	10	10	-1	38.27	1	-0.4	0
chr5:26559396	10	1	10	10	-1	38.18	1	-0.4	0
chr4:11149782	10	1	10	10	-1	38.16	1	-0.4	0
chr3:1039610	10	1	10	10	-1	38.14	1	-0.4	0
chr2:13674489	10	1	10	10	-1	38.01	1	-0.4	0
chr4:17772527	10	1	10	10	-1	37.99	1	-0.4	0
chr1:19883436	10	1	10	10	-1	37.88	1	-0.4	0
chr1:7324482	10	1	10	10	-1	37.77	1	-0.4	0
chr1:29436711	10	1	10	10	-1	37.68	1	-0.4	0
chr3:8213869	10	1	10	10	-1	37.68	1	-0.4	0
chr5:389034	10	1	10	10	-1	37.62	1	-0.4	0
chr5:3410269	10	1	10	10	-1	37.32	1	-0.4	0
chr5:21913339	10	1	10	10	-1	37.29	1	-0.4	0
chr2:17357649	10	1	10	10	-1	37.27	1	-0.4	0
chr2:13440736	10	1	10	10	-1	37.13	1	-0.4	0
chr3:748840	10	1	10	10	-1	37.12	1	-0.4	0
chr1:2888283	10	1	10	10	-1	37.1	1	-0.4	0
chr1:17014070	10	1	10	10	-1	37.02	1	-0.4	0
chr4:16855370	10	1	10	10	-1	36.87	1	-0.4	0
chr1:5498079	10	1	10	10	-1	36.8	1	-0.4	0
chr5:21806068	10	1	10	10	-1	36.67	1	-0.4	0
chr5:23894353	10	1	10	10	-1	36.57	1	-0.4	0
chr4:8908213	10	1	10	10	-1	36.44	1	-0.4	0
chr3:4933022	10	1	10	10	-1	36.4	1	-0.4	0
chr5:20200639	10	1	10	10	-1	36.37	1	-0.4	0
chr3:9342323	10	1	10	10	-1	36.33	1	-0.4	0
chr1:5386648	10	1	10	10	-1	36.1	1	-0.4	0
chr3:7384619	10	1	10	10	-1	36.04	1	-0.4	0
chr1:19825503	10	1	10	10	-1	36.03	1	-0.4	0
chr2:10170581	10	1	10	10	-1	35.88	1	-0.4	0
chr2:11725924	10	1	10	10	-1	35.79	1	-0.4	0
chr2:254614	10	1	10	10	-1	35.73	1	-0.4	0
chr5:22667289	10	1	10	10	-1	35.71	1	-0.4	0
chr3:3964651	10	1	10	10	-1	35.57	1	-0.4	0
chr5:16290448	10	1	10	10	-1	35.53	1	-0.4	0
chr5:20173629	10	1	10	10	-1	35.51	1	-0.4	0
chr1:5547608	10	1	10	10	-1	35.5	1	-0.4	0
chr5:7913574	10	1	10	10	-1	35.38	1	-0.4	0
chr2:2215059	10	1	10	10	-1	35.34	1	-0.4	0
chr5:20949375	10	1	10	10	-1	35.34	1	-0.4	0
chr5:16404425	10	1	10	10	-1	35.33	1	-0.4	0
chr5:7094498	10	1	10	10	-1	35.16	1	-0.4	0
chr5:9713026	10	1	10	10	-1	35.06	1	-0.4	0
chr1:22282407	10	1	10	10	-1	35.01	1	-0.4	0
chr1:6333231	10	1	10	10	-1	34.96	1	-0.4	0
chr4:13742058	10	1	10	10	-1	34.91	1	-0.4	0
chr5:3478870	10	1	10	10	-1	34.87	1	-0.4	0
chr1:1548732	10	1	10	10	-1	34.82	1	-0.4	0
chr2:12152530	10	1	10	10	-1	34.81	1	-0.4	0
chr3:18708098	10	1	10	10	-1	34.8	1	-0.4	0
chr4:16330327	10	1	10	10	-1	34.8	1	-0.4	0
chr1:28740780	10	1	10	10	-1	34.78	1	-0.4	0
chr5:38017	10	1	10	10	-1	34.77	1	-0.4	0
chr3:22362672	10	1	10	10	-1	34.75	1	-0.4	0
chr4:16859912	10	1	10	10	-1	34.75	1	-0.4	0
chr4:18462061	10	1	10	10	-1	34.69	1	-0.4	0
chr1:28232736	10	1	10	10	-1	34.68	1	-0.4	0
chr1:7310346	10	1	10	10	-1	34.68	1	-0.4	0
chr5:14912634	10	1	10	10	-1	34.65	1	-0.4	0
chr4:11472849	10	1	10	10	-1	34.63	1	-0.4	0
chr1:6714471	10	1	10	10	-1	34.61	1	-0.4	0
chr1:29183321	10	1	10	10	-1	34.58	1	-0.4	0
chr5:1624431	10	1	10	10	-1	34.55	1	-0.4	0
chr5:5996761	10	1	10	10	-1	34.52	1	-0.4	0
chr1:22198073	10	1	10	10	-1	34.45	1	-0.4	0
chr4:16805557	10	1	10	10	-1	34.37	1	-0.4	0
chr5:25078352	10	1	10	10	-1	34.36	1	-0.4	0
chr1:5151827	10	1	10	10	-1	34.33	1	-0.4	0
chr5:25136257	10	1	10	10	-1	34.28	1	-0.4	0
chr4:714408	10	1	10	10	-1	34.26	1	-0.4	0
chr2:5859448	10	1	10	10	-1	34.25	1	-0.4	0
chr5:26303683	10	1	10	10	-1	34.25	1	-0.4	0
chr5:442308	10	1	10	10	-1	34.19	1	-0.4	0
chr3:17771328	10	1	10	10	-1	34.16	1	-0.4	0
chr1:11749758	10	1	10	10	-1	34.03	1	-0.4	0
chr5:23673531	10	1	10	10	-1	34.02	1	-0.4	0
chr1:17286513	10	1	10	10	-1	34.01	1	-0.4	0
chr5:21068829	10	1	10	10	-1	33.87	1	-0.4	0
chr1:18308909	10	1	10	10	-1	33.84	1	-0.4	0
chr3:16737314	10	1	10	10	-1	33.82	1	-0.4	0
chr3:538466	10	1	10	10	-1	33.81	1	-0.4	0
chr1:141968	10	1	10	10	-1	33.8	1	-0.4	0
chr4:11760967	10	1	10	10	-1	33.75	1	-0.4	0
chr1:158770	10	1	10	10	-1	33.73	1	-0.4	0
chr1:7989364	10	1	10	10	-1	33.73	1	-0.4	0
chr4:14507201	10	1	10	10	-1	33.73	1	-0.4	0
chr3:21932532	10	1	10	10	-1	33.64	1	-0.4	0
chr3:4035800	10	1	10	10	-1	33.62	1	-0.4	0
chr5:25122589	10	1	10	10	-1	33.52	1	-0.4	0
chr4:7441706	10	1	10	10	-1	33.49	1	-0.4	0
chr5:18688650	10	1	10	10	-1	33.45	1	-0.4	0
chr1:5290895	10	1	10	10	-1	33.39	1	-0.4	0
chr1:28516564	10	1	10	10	-1	33.37	1	-0.4	0
chr1:389689	10	1	10	10	-1	33.29	1	-0.4	0
chr4:18574603	10	1	10	10	-1	33.25	1	-0.4	0
chr2:12685249	10	1	10	10	-1	33.23	1	-0.4	0
chr2:16782317	10	1	10	10	-1	33.21	1	-0.4	0
chr3:21242262	10	1	10	10	-1	33.19	1	-0.4	0
chr2:18465581	10	1	10	10	-1	33.17	1	-0.4	0
chr4:12623140	10	1	10	10	-1	33.16	1	-0.4	0
chr1:635225	10	1	10	10	-1	33.12	1	-0.4	0
chr5:25477569	10	1	10	10	-1	33.12	1	-0.4	0
chr4:15381921	10	1	10	10	-1	33.09	1	-0.4	0
chr5:19924151	10	1	10	10	-1	33.06	1	-0.4	0
chr1:17266656	10	1	10	10	-1	33.03	1	-0.4	0
chr1:5764191	10	1	10	10	-1	32.98	1	-0.4	0
chr1:29637351	10	1	10	10	-1	32.96	1	-0.4	0
chr5:22897164	10	1	10	10	-1	32.94	1	-0.4	0
chr3:1462278	10	1	10	10	-1	32.89	1	-0.4	0
chr1:25830705	10	1	10	10	-1	32.88	1	-0.4	0
chr4:17562056	10	1	10	10	-1	32.88	1	-0.4	0
chr5:25291580	10	1	10	10	-1	32.85	1	-0.4	0
chr5:21016729	10	1	10	10	-1	32.76	1	-0.4	0
chr1:1768802	10	1	10	10	-1	32.7	1	-0.4	0
chr2:8791837	10	1	10	10	-1	32.64	1	-0.4	0
chr1:9452934	10	1	10	10	-1	32.61	1	-0.4	0
chr2:11756136	10	1	10	10	-1	32.61	1	-0.4	0
chr5:16378844	10	1	10	10	-1	32.57	1	-0.4	0
chr3:21034651	10	1	10	10	-1	32.55	1	-0.4	0
chr4:525340	10	1	10	10	-1	32.39	1	-0.4	0
chr2:18623833	10	1	10	10	-1	32.36	1	-0.4	0
chr2:13126796	10	1	10	10	-1	32.35	1	-0.4	0
chr3:23389004	10	1	10	10	-1	32.35	1	-0.4	0
chr3:6704420	10	1	10	10	-1	32.35	1	-0.4	0
chr3:4242073	10	1	10	10	-1	32.34	1	-0.4	0
chr5:19499925	10	1	10	10	-1	32.26	1	-0.4	0
chr5:16722108	10	1	10	10	-1	32.24	1	-0.4	0
chr1:20948418	10	1	10	10	-1	32.11	1	-0.4	0
chr3:15370253	10	1	10	10	-1	32.04	1	-0.4	0
chr5:18802803	10	1	10	10	-1	32.02	1	-0.4	0
chr5:23118941	10	1	10	10	-1	32	1	-0.4	0
chr2:9248445	10	1	10	10	-1	31.99	1	-0.4	0
chr3:9394556	10	1	10	10	-1	31.97	1	-0.4	0
chr1:25691390	10	1	10	10	-1	31.96	1	-0.4	0
chr1:17013323	10	1	10	10	-1	31.79	1	-0.4	0
chr4:18302842	10	1	10	10	-1	31.68	1	-0.4	0
chr3:19875195	10	1	10	10	-1	31.66	1	-0.4	0
chr3:728079	10	1	10	10	-1	31.66	1	-0.4	0
chr2:1047600	10	1	10	10	-1	31.65	1	-0.4	0
chr3:8692999	10	1	10	10	-1	31.62	1	-0.4	0
chr4:18569478	10	1	10	10	-1	31.62	1	-0.4	0
chr2:9065308	10	1	10	10	-1	31.6	1	-0.4	0
chr1:29634585	10	1	10	10	-1	31.55	1	-0.4	0
chr2:15737682	10	1	10	10	-1	31.53	1	-0.4	0
chr5:24640889	10	1	10	10	-1	31.52	1	-0.4	0
chr1:3981182	10	1	10	10	-1	31.43	1	-0.4	0
chr2:17884890	10	1	10	10	-1	31.39	1	-0.4	0
chr3:541489	10	1	10	10	-1	31.38	1	-0.4	0
chr1:3242992	10	1	10	10	-1	31.35	1	-0.4	0
chr5:16161344	10	1	10	10	-1	31.3	1	-0.4	0
chr2:9266463	10	1	10	10	-1	31.22	1	-0.4	0
chr1:27161172	10	1	10	10	-1	31.21	1	-0.4	0
chr5:23485444	10	1	10	10	-1	31.21	1	-0.4	0
chr3:18633169	10	1	10	10	-1	31.18	1	-0.4	0
chr1:418183	10	1	10	10	-1	31.17	1	-0.4	0
chr4:9271761	10	1	10	10	-1	31.16	1	-0.4	0
chr2:18878481	10	1	10	10	-1	31.09	1	-0.4	0
chr1:26935835	10	1	10	10	-1	31.06	1	-0.4	0
chr5:2120612	10	1	10	10	-1	31.05	1	-0.4	0
chr4:9821874	10	1	10	10	-1	31.02	1	-0.4	0
chr5:4133091	10	1	10	10	-1	30.98	1	-0.4	0
chr5:5138232	10	1	10	10	-1	30.96	1	-0.4	0
chr4:9780131	10	1	10	10	-1	30.93	1	-0.4	0
chr5:15660954	10	1	10	10	-1	30.92	1	-0.4	0
chr5:1742578	10	1	10	10	-1	30.8	1	-0.4	0
chr2:19568361	10	1	10	10	-1	30.78	1	-0.4	0
chr4:15141151	10	1	10	10	-1	30.73	1	-0.4	0
chr1:21256117	10	1	10	10	-1	30.71	1	-0.4	0
chr3:23289282	10	1	10	10	-1	30.69	1	-0.4	0
chr5:5209821	10	1	10	10	-1	30.68	1	-0.4	0
chr5:26052850	10	1	10	10	-1	30.66	1	-0.4	0
chr4:163665	10	1	10	10	-1	30.61	1	-0.4	0
chr3:18468155	10	1	10	10	-1	30.59	1	-0.4	0
chr1:25788072	10	1	10	10	-1	30.57	1	-0.4	0
chr4:18190878	10	1	10	10	-1	30.56	1	-0.4	0
chr1:3451516	10	1	10	10	-1	30.55	1	-0.4	0
chr2:16747325	10	1	10	10	-1	30.49	1	-0.4	0
chr5:21362315	10	1	10	10	-1	30.45	1	-0.4	0
chr5:26296220	10	1	10	10	-1	30.42	1	-0.4	0
chr1:25470177	10	1	10	10	-1	30.37	1	-0.4	0
chr5:2933816	10	1	10	10	-1	30.35	1	-0.4	0
chr5:4147666	10	1	10	10	-1	30.27	1	-0.4	0
chr5:8243372	10	1	10	10	-1	30.26	1	-0.4	0
chr1:24774025	10	1	10	10	-1	30.23	1	-0.4	0
chr5:2309249	10	1	10	10	-1	30.15	1	-0.4	0
chr5:19183416	10	1	10	10	-1	30.09	1	-0.4	0
chr5:721552	10	1	10	10	-1	30.08	1	-0.4	0
chr1:107887	10	1	10	10	-1	30.05	1	-0.4	0
chr2:9387315	10	1	10	10	-1	30.03	1	-0.4	0
chr1:21364707	10	1	10	10	-1	29.98	1	-0.4	0
chr4:18175424	10	1	10	10	-1	29.92	1	-0.4	0
chr3:21353377	10	1	10	10	-1	29.79	1	-0.4	0
chr1:2607566	10	1	10	10	-1	29.76	1	-0.4	0
chr4:6444890	10	1	10	10	-1	29.76	1	-0.4	0
chr5:25254405	10	1	10	10	-1	29.74	1	-0.4	0
chr4:17486525	10	1	10	10	-1	29.72	1	-0.4	0
chr3:8943855	10	1	10	10	-1	29.71	1	-0.4	0
chr3:5119884	10	1	10	10	-1	29.7	1	-0.4	0
chr1:29504339	10	1	10	10	-1	29.67	1	-0.4	0
chr3:4908097	10	1	10	10	-1	29.64	1	-0.4	0
chr2:16435394	10	1	10	10	-1	29.61	1	-0.4	0
chr3:1756994	10	1	10	10	-1	29.58	1	-0.4	0
chr1:7285031	10	1	10	10	-1	29.56	1	-0.4	0
chr2:163971	10	1	10	10	-1	29.56	1	-0.4	0
chr3:8156799	10	1	10	10	-1	29.56	1	-0.4	0
chr4:15156443	10	1	10	10	-1	29.56	1	-0.4	0
chr1:26983087	10	1	10	10	-1	29.54	1	-0.4	0
chr2:7758056	10	1	10	10	-1	29.54	1	-0.4	0
chr4:8050088	10	1	10	10	-1	29.54	1	-0.4	0
chr3:10132943	10	1	10	10	-1	29.49	1	-0.4	0
chr1:30137209	10	1	10	10	-1	29.43	1	-0.4	0
chr3:23021106	10	1	10	10	-1	29.4	1	-0.4	0
chr5:26016516	10	1	10	10	-1	29.36	1	-0.4	0
chr5:19111390	10	1	10	10	-1	29.31	1	-0.4	0
chr1:27959390	10	1	10	10	-1	29.22	1	-0.4	0
chr5:7059031	10	1	10	10	-1	29.19	1	-0.4	0
chr2:17166942	10	1	10	10	-1	29.18	1	-0.4	0
chr2:15228078	10	1	10	10	-1	29.1	1	-0.4	0
chr2:19096625	10	1	10	10	-1	29.09	1	-0.4	0
chr4:577411	10	1	10	10	-1	29.07	1	-0.4	0
chr5:8358760	10	1	10	10	-1	29.06	1	-0.4	0
chr1:6832373	10	1	10	10	-1	29.04	1	-0.4	0
chr1:7312662	10	1	10	10	-1	29.04	1	-0.4	0
chr1:21370687	10	1	10	10	-1	28.98	1	-0.4	0
chr1:172942	10	1	10	10	-1	28.94	1	-0.4	0
chr3:19108074	10	1	10	10	-1	28.94	1	-0.4	0
chr1:18984347	10	1	10	10	-1	28.89	1	-0.4	0
chr3:16895903	10	1	10	10	-1	28.88	1	-0.4	0
chr3:17523327	10	1	10	10	-1	28.88	1	-0.4	0
chr2:14879954	10	1	10	10	-1	28.86	1	-0.4	0
chr4:17387095	10	1	10	10	-1	28.78	1	-0.4	0
chr5:2935787	10	1	10	10	-1	28.78	1	-0.4	0
chr1:9852450	10	1	10	10	-1	28.75	1	-0.4	0
chr1:22802446	10	1	10	10	-1	28.6	1	-0.4	0
chr3:22876971	10	1	10	10	-1	28.6	1	-0.4	0
chr5:17843782	10	1	10	10	-1	28.59	1	-0.4	0
chr5:23121888	10	1	10	10	-1	28.59	1	-0.4	0
chr5:941648	10	1	10	10	-1	28.59	1	-0.4	0
chr1:2712783	10	1	10	10	-1	28.52	1	-0.4	0
chr4:1428071	10	1	10	10	-1	28.52	1	-0.4	0
chr3:3923475	10	1	10	10	-1	28.49	1	-0.4	0
chr1:11135482	10	1	10	10	-1	28.41	1	-0.4	0
chr1:8991482	10	1	10	10	-1	28.37	1	-0.4	0
chr3:5864799	10	1	10	10	-1	28.37	1	-0.4	0
chr5:3273913	10	1	10	10	-1	28.37	1	-0.4	0
chr2:8197523	10	1	10	10	-1	28.34	1	-0.4	0
chr5:22603290	10	1	10	10	-1	28.31	1	-0.4	0
chr1:29566844	10	1	10	10	-1	28.28	1	-0.4	0
chr3:2011590	10	1	10	10	-1	28.28	1	-0.4	0
chr1:25203191	10	1	10	10	-1	28.21	1	-0.4	0
chr2:7577916	10	1	10	10	-1	28.19	1	-0.4	0
chr2:16028933	10	1	10	10	-1	28.18	1	-0.4	0
chr2:10441414	10	1	10	10	-1	28.15	1	-0.4	0
chr3:21057187	10	1	10	10	-1	28.12	1	-0.4	0
chr1:29549029	10	1	10	10	-1	28.11	1	-0.4	0
chr1:8156044	10	1	10	10	-1	28.1	1	-0.4	0
chr3:20173374	10	1	10	10	-1	28.06	1	-0.4	0
chr2:13612659	10	1	10	10	-1	28.04	1	-0.4	0
chr3:20358066	10	1	10	10	-1	28	1	-0.4	0
chr5:25063660	10	1	10	10	-1	27.97	1	-0.4	0
chr5:25103830	10	1	10	10	-1	27.94	1	-0.4	0
chr5:15914030	10	1	10	10	-1	27.86	1	-0.4	0
chr1:20872880	10	1	10	10	-1	27.79	1	-0.4	0
chr5:23059881	10	1	10	10	-1	27.73	1	-0.4	0
chr1:322973	10	1	10	10	-1	27.71	1	-0.4	0
chr3:10507412	10	1	10	10	-1	27.71	1	-0.4	0
chr5:17954358	10	1	10	10	-1	27.71	1	-0.4	0
chr4:13907527	10	1	10	10	-1	27.69	1	-0.4	0
chr3:7909043	10	1	10	10	-1	27.68	1	-0.4	0
chr4:9137409	10	1	10	10	-1	27.67	1	-0.4	0
chr4:15906248	10	1	10	10	-1	27.64	1	-0.4	0
chr3:38418	10	1	10	10	-1	27.59	1	-0.4	0
chr4:14881526	10	1	10	10	-1	27.55	1	-0.4	0
chr4:13808458	10	1	10	10	-1	27.53	1	-0.4	0
chr1:28876241	10	1	10	10	-1	27.49	1	-0.4	0
chr4:1128600	10	1	10	10	-1	27.49	1	-0.4	0
chr2:13507463	10	1	10	10	-1	27.47	1	-0.4	0
chr5:3051963	10	1	10	10	-1	27.46	1	-0.4	0
chr5:20720609	10	1	10	10	-1	27.44	1	-0.4	0
chr1:13147727	10	1	10	10	-1	27.35	1	-0.4	0
chr4:7370730	10	1	10	10	-1	27.34	1	-0.4	0
chr3:5720516	10	1	10	10	-1	27.31	1	-0.4	0
chr5:14893877	10	1	10	10	-1	27.31	1	-0.4	0
chr1:5727667	10	1	10	10	-1	27.23	1	-0.4	0
chr1:1361976	10	1	10	10	-1	27.22	1	-0.4	0
chr5:22387130	10	1	10	10	-1	27.22	1	-0.4	0
chr5:26809995	10	1	10	10	-1	27.22	1	-0.4	0
chr5:1374996	10	1	10	10	-1	27.19	1	-0.4	0
chr5:26250975	10	1	10	10	-1	27.19	1	-0.4	0
chr1:21744037	10	1	10	10	-1	27.17	1	-0.4	0
chr3:9338077	10	1	10	10	-1	27.13	1	-0.4	0
chr1:23527425	10	1	10	10	-1	27.06	1	-0.4	0
chr4:18119528	10	1	10	10	-1	26.92	1	-0.4	0
chr1:2339763	10	1	10	10	-1	26.91	1	-0.4	0
chr1:29573026	10	1	10	10	-1	26.91	1	-0.4	0
chr3:7476082	10	1	10	10	-1	26.91	1	-0.4	0
chr1:22382698	10	1	10	10	-1	26.9	1	-0.4	0
chr4:16960358	10	1	10	10	-1	26.86	1	-0.4	0
chr1:8076118	10	1	10	10	-1	26.83	1	-0.4	0
chr5:20193494	10	1	10	10	-1	26.82	1	-0.4	0
chr4:13686009	10	1	10	10	-1	26.8	1	-0.4	0
chr4:9699060	10	1	10	10	-1	26.79	1	-0.4	0
chr1:18354732	10	1	10	10	-1	26.73	1	-0.4	0
chr3:1261713	10	1	10	10	-1	26.73	1	-0.4	0
chr1:27785766	10	1	10	10	-1	26.71	1	-0.4	0
chr1:9373840	10	1	10	10	-1	26.71	1	-0.4	0
chr5:20900448	10	1	10	10	-1	26.7	1	-0.4	0
chr4:16795207	10	1	10	10	-1	26.69	1	-0.4	0
chr2:14898328	10	1	10	10	-1	26.67	1	-0.4	0
chr4:6862721	10	1	10	10	-1	26.56	1	-0.4	0
chr1:1344006	10	1	10	10	-1	26.52	1	-0.4	0
chr3:1221348	10	1	10	10	-1	26.39	1	-0.4	0
chr3:12451906	10	1	10	10	-1	26.32	1	-0.4	0
chr4:11560908	10	1	10	10	-1	26.32	1	-0.4	0
chr1:10247639	10	1	10	10	-1	26.27	1	-0.4	0
chr5:21177853	10	1	10	10	-1	26.23	1	-0.4	0
chr3:8119558	10	1	10	10	-1	26.22	1	-0.4	0
chr5:21023581	10	1	10	10	-1	26.22	1	-0.4	0
chr1:22225605	10	1	10	10	-1	26.2	1	-0.4	0
chr3:5006104	10	1	10	10	-1	26.2	1	-0.4	0
chr1:6173695	10	1	10	10	-1	26.12	1	-0.4	0
chr1:17945459	10	1	10	10	-1	26.03	1	-0.4	0
chr5:23973962	10	1	10	10	-1	26.03	1	-0.4	0
chr5:17022651	10	1	10	10	-1	26.01	1	-0.4	0
chr5:26095324	10	1	10	10	-1	26.01	1	-0.4	0
chr5:6458845	10	1	10	10	-1	26	1	-0.4	0
chr1:3995337	10	1	10	10	-1	25.97	1	-0.4	0
chr1:2818157	10	1	10	10	-1	25.94	1	-0.4	0
chr4:15487924	10	1	10	10	-1	25.94	1	-0.4	0
chr5:26849754	10	1	10	10	-1	25.93	1	-0.4	0
chr1:20430714	10	1	10	10	-1	25.92	1	-0.4	0
chr2:15764381	10	1	10	10	-1	25.92	1	-0.4	0
chr1:24755475	10	1	10	10	-1	25.91	1	-0.4	0
chr1:29012655	10	1	10	10	-1	25.88	1	-0.4	0
chr3:17182949	10	1	10	10	-1	25.78	1	-0.4	0
chr1:10886603	10	1	10	10	-1	25.77	1	-0.4	0
chr3:4945460	10	1	10	10	-1	25.67	1	-0.4	0
chr2:11390218	10	1	10	10	-1	25.65	1	-0.4	0
chr3:545945	10	1	10	10	-1	25.64	1	-0.4	0
chr1:8911476	10	1	10	10	-1	25.62	1	-0.4	0
chr2:15490340	10	1	10	10	-1	25.61	1	-0.4	0
chr5:7307714	10	1	10	10	-1	25.6	1	-0.4	0
chr2:13692133	10	1	10	10	-1	25.59	1	-0.4	0
chr1:23898955	10	1	10	10	-1	25.57	1	-0.4	0
chr1:6754366	10	1	10	10	-1	25.52	1	-0.4	0
chr1:3019023	10	1	10	10	-1	25.5	1	-0.4	0
chr1:27547129	10	1	10	10	-1	25.49	1	-0.4	0
chr1:30150645	10	1	10	10	-1	25.44	1	-0.4	0
chr1:26971206	10	1	10	10	-1	25.43	1	-0.4	0
chr2:7259165	10	1	10	10	-1	25.43	1	-0.4	0
chr3:1593331	10	1	10	10	-1	25.4	1	-0.4	0
chr5:24482702	10	1	10	10	-1	25.37	1	-0.4	0
chr5:26538291	10	1	10	10	-1	25.37	1	-0.4	0
chr1:23776771	10	1	10	10	-1	25.31	1	-0.4	0
chr5:4442151	10	1	10	10	-1	25.31	1	-0.4	0
chr1:27303270	10	1	10	10	-1	25.29	1	-0.4	0
chr1:1999347	10	1	10	10	-1	25.28	1	-0.4	0
chr2:16216614	10	1	10	10	-1	25.25	1	-0.4	0
chr3:21073193	10	1	10	10	-1	25.25	1	-0.4	0
chr5:25611998	10	1	10	10	-1	25.15	1	-0.4	0
chr3:23171107	10	1	10	10	-1	25.1	1	-0.4	0
chr5:1145319	10	1	10	10	-1	25.1	1	-0.4	0
chr5:1921594	10	1	10	10	-1	25.08	1	-0.4	0
chr1:21553301	10	1	10	10	-1	25.01	1	-0.4	0
chr4:10964849	10	1	10	10	-1	24.98	1	-0.4	0
chr1:5243305	10	1	10	10	-1	24.95	1	-0.4	0
chr4:17561002	10	1	10	10	-1	24.91	1	-0.4	0
chr2:19131060	10	1	10	10	-1	24.9	1	-0.4	0
chr3:6565364	10	1	10	10	-1	24.86	1	-0.4	0
chr1:25990489	10	1	10	10	-1	24.84	1	-0.4	0
chr4:853933	10	1	10	10	-1	24.83	1	-0.4	0
chr5:2939608	10	1	10	10	-1	24.82	1	-0.4	0
chr2:153723	10	1	10	10	-1	24.8	1	-0.4	0
chr1:485096	10	1	10	10	-1	24.78	1	-0.4	0
chr1:3914737	10	1	10	10	-1	24.77	1	-0.4	0
chr5:24063963	10	1	10	10	-1	24.75	1	-0.4	0
chr1:25915033	10	1	10	10	-1	24.73	1	-0.4	0
chr2:17572253	10	1	10	10	-1	24.73	1	-0.4	0
chr4:9418339	10	1	10	10	-1	24.73	1	-0.4	0
chr1:2622849	10	1	10	10	-1	24.68	1	-0.4	0
chr5:23737680	10	1	10	10	-1	24.63	1	-0.4	0
chr1:6913198	10	1	10	10	-1	24.62	1	-0.4	0
chr1:26550962	10	1	10	10	-1	24.57	1	-0.4	0
chr5:3994120	10	1	10	10	-1	24.57	1	-0.4	0
chr3:7978504	10	1	10	10	-1	24.56	1	-0.4	0
chr3:10592747	10	1	10	10	-1	24.53	1	-0.4	0
chr5:24478968	10	1	10	10	-1	24.5	1	-0.4	0
chr5:3595303	10	1	10	10	-1	24.49	1	-0.4	0
chr1:30245115	10	1	10	10	-1	24.47	1	-0.4	0
chr1:8135998	10	1	10	10	-1	24.47	1	-0.4	0
chr4:17397793	10	1	10	10	-1	24.46	1	-0.4	0
chr5:24140086	10	1	10	10	-1	24.45	1	-0.4	0
chr3:1954888	10	1	10	10	-1	24.44	1	-0.4	0
chr1:18946244	10	1	10	10	-1	24.42	1	-0.4	0
chr1:27264769	10	1	10	10	-1	24.42	1	-0.4	0
chr3:22601934	10	1	10	10	-1	24.42	1	-0.4	0
chr3:8079906	10	1	10	10	-1	24.4	1	-0.4	0
chr3:18516917	10	1	10	10	-1	24.36	1	-0.4	0
chr5:20734189	10	1	10	10	-1	24.32	1	-0.4	0
chr1:2522601	10	1	10	10	-1	24.29	1	-0.4	0
chr3:9489259	10	1	10	10	-1	24.29	1	-0.4	0
chr1:2690290	10	1	10	10	-1	24.28	1	-0.4	0
chr1:5023285	10	1	10	10	-1	24.28	1	-0.4	0
chr5:21890545	10	1	10	10	-1	24.28	1	-0.4	0
chr1:23170132	10	1	10	10	-1	24.27	1	-0.4	0
chr4:15289662	10	1	10	10	-1	24.27	1	-0.4	0
chr1:4747174	10	1	10	10	-1	24.23	1	-0.4	0
chr4:16686669	10	1	10	10	-1	24.23	1	-0.4	0
chr1:2280723	10	1	10	10	-1	24.2	1	-0.4	0
chr5:5720119	10	1	10	10	-1	24.19	1	-0.4	0
chr1:26770193	10	1	10	10	-1	24.17	1	-0.4	0
chr1:21207067	10	1	10	10	-1	24.15	1	-0.4	0
chr5:16440235	10	1	10	10	-1	24.15	1	-0.4	0
chr3:19158792	10	1	10	10	-1	24.14	1	-0.4	0
chr3:8919632	10	1	10	10	-1	24.13	1	-0.4	0
chr3:22325683	10	1	10	10	-1	24.11	1	-0.4	0
chr5:17667325	10	1	10	10	-1	24.11	1	-0.4	0
chr5:21150975	10	1	10	10	-1	24.11	1	-0.4	0
chr1:17702745	10	1	10	10	-1	24.02	1	-0.4	0
chr2:17712397	10	1	10	10	-1	24.01	1	-0.4	0
chr4:7011509	10	1	10	10	-1	24	1	-0.4	0
chr1:12454478	10	1	10	10	-1	23.96	1	-0.4	0
chr2:8430572	10	1	10	10	-1	23.95	1	-0.4	0
chr3:21409673	10	1	10	10	-1	23.95	1	-0.4	0
chr5:8297279	10	1	10	10	-1	23.95	1	-0.4	0
chr4:2415565	10	1	10	10	-1	23.93	1	-0.4	0
chr5:4554910	10	1	10	10	-1	23.91	1	-0.4	0
chr2:9406125	10	1	10	10	-1	23.89	1	-0.4	0
chr1:18628429	10	1	10	10	-1	23.86	1	-0.4	0
chr5:4940515	10	1	10	10	-1	23.86	1	-0.4	0
chr1:29680918	10	1	10	10	-1	23.83	1	-0.4	0
chr1:12866994	10	1	10	10	-1	23.78	1	-0.4	0
chr5:19438471	10	1	10	10	-1	23.76	1	-0.4	0
chr3:11049379	10	1	10	10	-1	23.63	1	-0.4	0
chr1:739102	10	1	10	10	-1	23.59	1	-0.4	0
chr1:12466135	10	1	10	10	-1	23.58	1	-0.4	0
chr3:17624356	10	1	10	10	-1	23.58	1	-0.4	0
chr2:11350282	10	1	10	10	-1	23.53	1	-0.4	0
chr2:7862805	10	1	10	10	-1	23.52	1	-0.4	0
chr5:2354711	10	1	10	10	-1	23.51	1	-0.4	0
chr5:8344461	10	1	10	10	-1	23.49	1	-0.4	0
chr1:10289907	10	1	10	10	-1	23.47	1	-0.4	0
chr1:20239610	10	1	10	10	-1	23.47	1	-0.4	0
chr1:26965242	10	1	10	10	-1	23.47	1	-0.4	0
chr1:7388769	10	1	10	10	-1	23.45	1	-0.4	0
chr5:7264274	10	1	10	10	-1	23.44	1	-0.4	0
chr5:25780406	10	1	10	10	-1	23.42	1	-0.4	0
chr5:2983076	10	1	10	10	-1	23.4	1	-0.4	0
chr1:9656068	10	1	10	10	-1	23.38	1	-0.4	0
chr5:5897935	10	1	10	10	-1	23.37	1	-0.4	0
chr1:25784374	10	1	10	10	-1	23.31	1	-0.4	0
chr2:19187988	10	1	10	10	-1	23.31	1	-0.4	0
chr3:22714651	10	1	10	10	-1	23.3	1	-0.4	0
chr2:15444410	10	1	10	10	-1	23.28	1	-0.4	0
chr4:14819165	10	1	10	10	-1	23.24	1	-0.4	0
chr5:762622	10	1	10	10	-1	23.2	1	-0.4	0
chr1:23016598	10	1	10	10	-1	23.16	1	-0.4	0
chr1:3348591	10	1	10	10	-1	23.16	1	-0.4	0
chr2:15616193	10	1	10	10	-1	23.15	1	-0.4	0
chr4:18059677	10	1	10	10	-1	23.15	1	-0.4	0
chr2:11981726	10	1	10	10	-1	23.14	1	-0.4	0
chr5:17451208	10	1	10	10	-1	23.13	1	-0.4	0
chr1:652803	10	1	10	10	-1	23.11	1	-0.4	0
chr5:15016829	10	1	10	10	-1	23.11	1	-0.4	0
chr1:12200812	10	1	10	10	-1	23.09	1	-0.4	0
chr3:5764963	10	1	10	10	-1	23.09	1	-0.4	0
chr1:5040659	10	1	10	10	-1	23.07	1	-0.4	0
chr3:429659	10	1	10	10	-1	23.07	1	-0.4	0
chr1:26219298	10	1	10	10	-1	23.05	1	-0.4	0
chr5:26645534	10	1	10	10	-1	23.02	1	-0.4	0
chr2:12224331	10	1	10	10	-1	23	1	-0.4	0
chr2:14336842	10	1	10	10	-1	22.94	1	-0.4	0
chr5:10297332	10	1	10	10	-1	22.91	1	-0.4	0
chr2:305430	10	1	10	10	-1	22.89	1	-0.4	0
chr3:19417355	10	1	10	10	-1	22.87	1	-0.4	0
chr5:25382887	10	1	10	10	-1	22.77	1	-0.4	0
chr1:19645262	10	1	10	10	-1	22.71	1	-0.4	0
chr1:20044397	10	1	10	10	-1	22.71	1	-0.4	0
chr2:8108680	10	1	10	10	-1	22.69	1	-0.4	0
chr4:14183906	10	1	10	10	-1	22.69	1	-0.4	0
chr2:15511544	10	1	10	10	-1	22.68	1	-0.4	0
chr5:20646149	10	1	10	10	-1	22.66	1	-0.4	0
chr2:7605694	10	1	10	10	-1	22.64	1	-0.4	0
chr5:19545117	10	1	10	10	-1	22.64	1	-0.4	0
chr4:13903829	10	1	10	10	-1	22.63	1	-0.4	0
chr1:29809606	10	1	10	10	-1	22.62	1	-0.4	0
chr1:10294545	10	1	10	10	-1	22.59	1	-0.4	0
chr1:5202635	10	1	10	10	-1	22.59	1	-0.4	0
chr5:6805297	10	1	10	10	-1	22.58	1	-0.4	0
chr3:401411	10	1	10	10	-1	22.56	1	-0.4	0
chr5:25609355	10	1	10	10	-1	22.55	1	-0.4	0
chr1:19956949	10	1	10	10	-1	22.54	1	-0.4	0
chr2:12107373	10	1	10	10	-1	22.53	1	-0.4	0
chr4:18215614	10	1	10	10	-1	22.53	1	-0.4	0
chr3:23174864	10	1	10	10	-1	22.51	1	-0.4	0
chr4:1466152	10	1	10	10	-1	22.51	1	-0.4	0
chr4:13754932	10	1	10	10	-1	22.49	1	-0.4	0
chr1:25732343	10	1	10	10	-1	22.47	1	-0.4	0
chr1:27985212	10	1	10	10	-1	22.41	1	-0.4	0
chr1:26137953	10	1	10	10	-1	22.37	1	-0.4	0
chr1:677306	10	1	10	10	-1	22.36	1	-0.4	0
chr2:18834045	10	1	10	10	-1	22.33	1	-0.4	0
chr5:1175847	10	1	10	10	-1	22.33	1	-0.4	0
chr1:19744573	10	1	10	10	-1	22.28	1	-0.4	0
chr1:3324755	10	1	10	10	-1	22.28	1	-0.4	0
chr5:25891406	10	1	10	10	-1	22.28	1	-0.4	0
chr4:9448961	10	1	10	10	-1	22.27	1	-0.4	0
chr3:23040663	10	1	10	10	-1	22.26	1	-0.4	0
chr5:14755581	10	1	10	10	-1	22.23	1	-0.4	0
chr5:15849444	10	1	10	10	-1	22.23	1	-0.4	0
chr3:21303289	10	1	10	10	-1	22.22	1	-0.4	0
chr3:17157803	10	1	10	10	-1	22.19	1	-0.4	0
chr5:24480293	10	1	10	10	-1	22.19	1	-0.4	0
chr5:313273	10	1	10	10	-1	22.19	1	-0.4	0
chr5:757502	10	1	10	10	-1	22.19	1	-0.4	0
chr3:18208550	10	1	10	10	-1	22.18	1	-0.4	0
chr1:6098538	10	1	10	10	-1	22.17	1	-0.4	0
chr2:17481295	10	1	10	10	-1	22.17	1	-0.4	0
chr3:20471167	10	1	10	10	-1	22.17	1	-0.4	0
chr5:4898621	10	1	10	10	-1	22.15	1	-0.4	0
chr2:8118656	10	1	10	10	-1	22.12	1	-0.4	0
chr3:9358580	10	1	10	10	-1	22.09	1	-0.4	0
chr1:28547764	10	1	10	10	-1	22.03	1	-0.4	0
chr1:24361296	10	1	10	10	-1	22.01	1	-0.4	0
chr2:18252305	10	1	10	10	-1	22	1	-0.4	0
chr4:10465322	10	1	10	10	-1	21.99	1	-0.4	0
chr1:9952856	10	1	10	10	-1	21.97	1	-0.4	0
chr5:22750357	10	1	10	10	-1	21.97	1	-0.4	0
chr5:3169149	10	1	10	10	-1	21.96	1	-0.4	0
chr4:795944	10	1	10	10	-1	21.94	1	-0.4	0
chr5:19045880	10	1	10	10	-1	21.91	1	-0.4	0
chr5:25438190	10	1	10	10	-1	21.91	1	-0.4	0
chr2:19165417	10	1	10	10	-1	21.9	1	-0.4	0
chr3:590399	10	1	10	10	-1	21.87	1	-0.4	0
chr1:20309510	10	1	10	10	-1	21.86	1	-0.4	0
chr5:26941137	10	1	10	10	-1	21.86	1	-0.4	0
chr1:9332646	10	1	10	10	-1	21.85	1	-0.4	0
chr3:1620293	10	1	10	10	-1	21.85	1	-0.4	0
chr1:22880742	10	1	10	10	-1	21.81	1	-0.4	0
chr1:3072648	10	1	10	10	-1	21.76	1	-0.4	0
chr2:14000684	10	1	10	10	-1	21.75	1	-0.4	0
chr4:12426575	10	1	10	10	-1	21.75	1	-0.4	0
chr5:25879379	10	1	10	10	-1	21.75	1	-0.4	0
chr2:16869098	10	1	10	10	-1	21.72	1	-0.4	0
chr1:1441416	10	1	10	10	-1	21.71	1	-0.4	0
chr3:4693289	10	1	10	10	-1	21.71	1	-0.4	0
chr5:15306722	10	1	10	10	-1	21.71	1	-0.4	0
chr5:2474455	10	1	10	10	-1	21.71	1	-0.4	0
chr5:5382877	10	1	10	10	-1	21.71	1	-0.4	0
chr1:10959885	10	1	10	10	-1	21.68	1	-0.4	0
chr3:8254594	10	1	10	10	-1	21.68	1	-0.4	0
chr4:10472762	10	1	10	10	-1	21.68	1	-0.4	0
chr4:12317505	10	1	10	10	-1	21.68	1	-0.4	0
chr2:16399988	10	1	10	10	-1	21.66	1	-0.4	0
chr3:2334831	10	1	10	10	-1	21.66	1	-0.4	0
chr3:6540639	10	1	10	10	-1	21.66	1	-0.4	0
chr5:21957843	10	1	10	10	-1	21.66	1	-0.4	0
chr2:396560	10	1	10	10	-1	21.63	1	-0.4	0
chr1:4102838	10	1	10	10	-1	21.62	1	-0.4	0
chr3:7516106	10	1	10	10	-1	21.59	1	-0.4	0
chr4:560073	10	1	10	10	-1	21.56	1	-0.4	0
chr5:26056710	10	1	10	10	-1	21.56	1	-0.4	0
chr2:8899934	10	1	10	10	-1	21.55	1	-0.4	0
chr3:4835511	10	1	10	10	-1	21.55	1	-0.4	0
chr1:11226483	10	1	10	10	-1	21.52	1	-0.4	0
chr4:8637516	10	1	10	10	-1	21.46	1	-0.4	0
chr1:5932782	10	1	10	10	-1	21.45	1	-0.4	0
chr1:426830	10	1	10	10	-1	21.43	1	-0.4	0
chr3:11033256	10	1	10	10	-1	21.43	1	-0.4	0
chr5:9966788	10	1	10	10	-1	21.43	1	-0.4	0
chr3:20747565	10	1	10	10	-1	21.41	1	-0.4	0
chr4:13070963	10	1	10	10	-1	21.4	1	-0.4	0
chr5:6357315	10	1	10	10	-1	21.39	1	-0.4	0
chr1:18138763	10	1	10	10	-1	21.32	1	-0.4	0
chr1:25016095	10	1	10	10	-1	21.32	1	-0.4	0
chr1:958125	10	1	10	10	-1	21.32	1	-0.4	0
chr2:14852826	10	1	10	10	-1	21.32	1	-0.4	0
chr5:2062687	10	1	10	10	-1	21.32	1	-0.4	0
chr1:29353909	10	1	10	10	-1	21.31	1	-0.4	0
chr4:18486589	10	1	10	10	-1	21.29	1	-0.4	0
chr5:18506918	10	1	10	10	-1	21.29	1	-0.4	0
chr5:8380791	10	1	10	10	-1	21.28	1	-0.4	0
chr5:2762117	10	1	10	10	-1	21.27	1	-0.4	0
chr5:21156388	10	1	10	10	-1	21.25	1	-0.4	0
chr1:23813033	10	1	10	10	-1	21.23	1	-0.4	0
chr3:9374531	10	1	10	10	-1	21.23	1	-0.4	0
chr1:5296953	10	1	10	10	-1	21.22	1	-0.4	0
chr2:16474165	10	1	10	10	-1	21.22	1	-0.4	0
chr5:20192279	10	1	10	10	-1	21.19	1	-0.4	0
chr1:27709112	10	1	10	10	-1	21.16	1	-0.4	0
chr3:6436490	10	1	10	10	-1	21.11	1	-0.4	0
chr3:2113615	10	1	10	10	-1	21.08	1	-0.4	0
chr3:5547451	10	1	10	10	-1	21.08	1	-0.4	0
chr1:11774309	10	1	10	10	-1	21.06	1	-0.4	0
chr2:16391774	10	1	10	10	-1	21.06	1	-0.4	0
chr3:731858	10	1	10	10	-1	21.06	1	-0.4	0
chr3:7712021	10	1	10	10	-1	21.06	1	-0.4	0
chr5:23030601	10	1	10	10	-1	21.06	1	-0.4	0
chr5:22473706	10	1	10	10	-1	21.03	1	-0.4	0
chr2:7693526	10	1	10	10	-1	21.01	1	-0.4	0
chr4:9297084	10	1	10	10	-1	21.01	1	-0.4	0
chr5:16828565	10	1	10	10	-1	21.01	1	-0.4	0
chr5:24990682	10	1	10	10	-1	21.01	1	-0.4	0
chr1:5136123	10	1	10	10	-1	20.99	1	-0.4	0
chr4:17464516	10	1	10	10	-1	20.96	1	-0.4	0
chr4:7641395	10	1	10	10	-1	20.93	1	-0.4	0
chr5:16635348	10	1	10	10	-1	20.93	1	-0.4	0
chr1:26037671	10	1	10	10	-1	20.92	1	-0.4	0
chr1:1174349	10	1	10	10	-1	20.91	1	-0.4	0
chr4:15954946	10	1	10	10	-1	20.9	1	-0.4	0
chr1:476557	10	1	10	10	-1	20.89	1	-0.4	0
chr2:15830385	10	1	10	10	-1	20.89	1	-0.4	0
chr1:7830358	10	1	10	10	-1	20.88	1	-0.4	0
chr3:4763641	10	1	10	10	-1	20.85	1	-0.4	0
chr3:6863613	10	1	10	10	-1	20.84	1	-0.4	0
chr3:22158806	10	1	10	10	-1	20.82	1	-0.4	0
chr5:26844109	10	1	10	10	-1	20.78	1	-0.4	0
chr1:9306737	10	1	10	10	-1	20.77	1	-0.4	0
chr4:15646725	10	1	10	10	-1	20.77	1	-0.4	0
chr1:490795	10	1	10	10	-1	20.75	1	-0.4	0
chr1:7488825	10	1	10	10	-1	20.73	1	-0.4	0
chr1:26684954	10	1	10	10	-1	20.72	1	-0.4	0
chr2:13445989	10	1	10	10	-1	20.72	1	-0.4	0
chr4:16587749	10	1	10	10	-1	20.68	1	-0.4	0
chr5:26901671	10	1	10	10	-1	20.67	1	-0.4	0
chr1:23196110	10	1	10	10	-1	20.66	1	-0.4	0
chr3:6000614	10	1	10	10	-1	20.64	1	-0.4	0
chr5:5924354	10	1	10	10	-1	20.63	1	-0.4	0
chr4:6273351	10	1	10	10	-1	20.6	1	-0.4	0
chr2:12870331	10	1	10	10	-1	20.59	1	-0.4	0
chr4:1382808	10	1	10	10	-1	20.59	1	-0.4	0
chr5:16725658	10	1	10	10	-1	20.57	1	-0.4	0
chr1:28931733	10	1	10	10	-1	20.56	1	-0.4	0
chr5:21534371	10	1	10	10	-1	20.55	1	-0.4	0
chr1:2629673	10	1	10	10	-1	20.54	1	-0.4	0
chr5:24838993	10	1	10	10	-1	20.54	1	-0.4	0
chr1:956222	10	1	10	10	-1	20.51	1	-0.4	0
chr5:25092500	10	1	10	10	-1	20.51	1	-0.4	0
chr1:10860412	10	1	10	10	-1	20.47	1	-0.4	0
chr1:25216871	10	1	10	10	-1	20.47	1	-0.4	0
chr5:4454687	10	1	10	10	-1	20.47	1	-0.4	0
chr5:19365441	10	1	10	10	-1	20.46	1	-0.4	0
chr5:26352818	10	1	10	10	-1	20.46	1	-0.4	0
chr3:15204405	10	1	10	10	-1	20.45	1	-0.4	0
chr5:726627	10	1	10	10	-1	20.44	1	-0.4	0
chr1:6971013	10	1	10	10	-1	20.42	1	-0.4	0
chr2:11754723	10	1	10	10	-1	20.39	1	-0.4	0
chr3:5228049	10	1	10	10	-1	20.38	1	-0.4	0
chr3:6287173	10	1	10	10	-1	20.38	1	-0.4	0
chr4:13864753	10	1	10	10	-1	20.38	1	-0.4	0
chr2:7955891	10	1	10	10	-1	20.36	1	-0.4	0
chr1:23411065	10	1	10	10	-1	20.35	1	-0.4	0
chr1:8899221	10	1	10	10	-1	20.35	1	-0.4	0
chr2:12166371	10	1	10	10	-1	20.35	1	-0.4	0
chr3:1515731	10	1	10	10	-1	20.35	1	-0.4	0
chr5:6687140	10	1	10	10	-1	20.35	1	-0.4	0
chr4:9761169	10	1	10	10	-1	20.32	1	-0.4	0
chr3:21251883	10	1	10	10	-1	20.31	1	-0.4	0
chr5:26265584	10	1	10	10	-1	20.31	1	-0.4	0
chr1:7944558	10	1	10	10	-1	20.29	1	-0.4	0
chr1:10108926	10	1	10	10	-1	20.28	1	-0.4	0
chr1:28901040	10	1	10	10	-1	20.26	1	-0.4	0
chr3:20531329	10	1	10	10	-1	20.26	1	-0.4	0
chr2:18061661	10	1	10	10	-1	20.24	1	-0.4	0
chr1:780293	10	1	10	10	-1	20.23	1	-0.4	0
chr2:2185271	10	1	10	10	-1	20.23	1	-0.4	0
chr3:1589772	10	1	10	10	-1	20.23	1	-0.4	0
chr5:5359081	10	1	10	10	-1	20.2	1	-0.4	0
chr1:11354006	10	1	10	10	-1	20.18	1	-0.4	0
chr3:746264	10	1	10	10	-1	20.18	1	-0.4	0
chr4:1515830	10	1	10	10	-1	20.18	1	-0.4	0
chr2:9214390	10	1	10	10	-1	20.16	1	-0.4	0
chr3:22150724	10	1	10	10	-1	20.16	1	-0.4	0
chr5:18215709	10	1	10	10	-1	20.16	1	-0.4	0
chr2:13523921	10	1	10	10	-1	20.13	1	-0.4	0
chr5:25234787	10	1	10	10	-1	20.1	1	-0.4	0
chr4:13278645	10	1	10	10	-1	20.09	1	-0.4	0
chr1:7803596	10	1	10	10	-1	20.08	1	-0.4	0
chr3:1585090	10	1	10	10	-1	20.08	1	-0.4	0
chr5:18804033	10	1	10	10	-1	20.08	1	-0.4	0
chr3:8182094	10	1	10	10	-1	20.07	1	-0.4	0
chr1:24792273	10	1	10	10	-1	20.05	1	-0.4	0
chr2:18372413	10	1	10	10	-1	20.05	1	-0.4	0
chr5:17526144	10	1	10	10	-1	20.05	1	-0.4	0
chr5:25887270	10	1	10	10	-1	20.05	1	-0.4	0
chr5:6064015	10	1	10	10	-1	20.05	1	-0.4	0
chr5:8569516	10	1	10	10	-1	20.05	1	-0.4	0
chr1:8432003	10	1	10	10	-1	20.02	1	-0.4	0
chr3:3199176	10	1	10	10	-1	20.02	1	-0.4	0
chr2:18919131	10	1	10	10	-1	20.01	1	-0.4	0
chr3:4077812	10	1	10	10	-1	20.01	1	-0.4	0
chr4:7946807	10	1	10	10	-1	20.01	1	-0.4	0
chr4:13939536	10	1	10	10	-1	20	1	-0.4	0
chr5:5497460	10	1	10	10	-1	20	1	-0.4	0
chr2:14309290	10	1	10	10	-1	19.97	1	-0.4	0
chr1:21519034	10	1	10	10	-1	19.96	1	-0.4	0
chr5:20051099	10	1	10	10	-1	19.96	1	-0.4	0
chr2:215927	10	1	10	10	-1	19.95	1	-0.4	0
chr1:8661821	10	1	10	10	-1	19.91	1	-0.4	0
chr1:19250785	10	1	10	10	-1	19.9	1	-0.4	0
chr2:10835581	10	1	10	10	-1	19.9	1	-0.4	0
chr5:2985501	10	1	10	10	-1	19.9	1	-0.4	0
chr1:28260592	10	1	10	10	-1	19.87	1	-0.4	0
chr5:979740	10	1	10	10	-1	19.86	1	-0.4	0
chr3:19082871	10	1	10	10	-1	19.85	1	-0.4	0
chr5:22999298	10	1	10	10	-1	19.84	1	-0.4	0
chr1:953178	10	1	10	10	-1	19.83	1	-0.4	0
chr4:16576656	10	1	10	10	-1	19.83	1	-0.4	0
chr3:23236834	10	1	10	10	-1	19.82	1	-0.4	0
chr4:17774431	10	1	10	10	-1	19.82	1	-0.4	0
chr4:8333916	10	1	10	10	-1	19.82	1	-0.4	0
chr1:27233353	10	1	10	10	-1	19.8	1	-0.4	0
chr2:15093984	10	1	10	10	-1	19.8	1	-0.4	0
chr3:19013486	10	1	10	10	-1	19.8	1	-0.4	0
chr4:15897892	10	1	10	10	-1	19.78	1	-0.4	0
chr5:21413051	10	1	10	10	-1	19.78	1	-0.4	0
chr4:7607230	10	1	10	10	-1	19.76	1	-0.4	0
chr5:23475065	10	1	10	10	-1	19.76	1	-0.4	0
chr1:23637818	10	1	10	10	-1	19.75	1	-0.4	0
chr5:26926366	10	1	10	10	-1	19.75	1	-0.4	0
chr1:11816427	10	1	10	10	-1	19.74	1	-0.4	0
chr1:3395324	10	1	10	10	-1	19.73	1	-0.4	0
chr1:23072263	10	1	10	10	-1	19.7	1	-0.4	0
chr1:25657504	10	1	10	10	-1	19.69	1	-0.4	0
chr2:12004545	10	1	10	10	-1	19.69	1	-0.4	0
chr5:26525187	10	1	10	10	-1	19.68	1	-0.4	0
chr5:24314981	10	1	10	10	-1	19.66	1	-0.4	0
chr1:17062657	10	1	10	10	-1	19.64	1	-0.4	0
chr5:486605	10	1	10	10	-1	19.63	1	-0.4	0
chr2:16327411	10	1	10	10	-1	19.62	1	-0.4	0
chr3:18126715	10	1	10	10	-1	19.6	1	-0.4	0
chr3:20244335	10	1	10	10	-1	19.6	1	-0.4	0
chr3:5311033	10	1	10	10	-1	19.56	1	-0.4	0
chr5:8670838	10	1	10	10	-1	19.56	1	-0.4	0
chr1:6360367	10	1	10	10	-1	19.52	1	-0.4	0
chr2:17900763	10	1	10	10	-1	19.51	1	-0.4	0
chr3:3090951	10	1	10	10	-1	19.5	1	-0.4	0
chr4:17520309	10	1	10	10	-1	19.5	1	-0.4	0
chr5:26665972	10	1	10	10	-1	19.49	1	-0.4	0
chr2:12822916	10	1	10	10	-1	19.48	1	-0.4	0
chr3:5425374	10	1	10	10	-1	19.48	1	-0.4	0
chr1:27473763	10	1	10	10	-1	19.46	1	-0.4	0
chr1:9385730	10	1	10	10	-1	19.46	1	-0.4	0
chr4:285535	10	1	10	10	-1	19.46	1	-0.4	0
chr4:6433444	10	1	10	10	-1	19.46	1	-0.4	0
chr5:19451530	10	1	10	10	-1	19.46	1	-0.4	0
chr5:5047003	10	1	10	10	-1	19.46	1	-0.4	0
chr1:575389	10	1	10	10	-1	19.43	1	-0.4	0
chr1:18324231	10	1	10	10	-1	19.42	1	-0.4	0
chr1:20763933	10	1	10	10	-1	19.42	1	-0.4	0
chr5:1550118	10	1	10	10	-1	19.42	1	-0.4	0
chr1:3075586	10	1	10	10	-1	19.4	1	-0.4	0
chr4:7221592	10	1	10	10	-1	19.4	1	-0.4	0
chr5:3128059	10	1	10	10	-1	19.39	1	-0.4	0
chr2:16441095	10	1	10	10	-1	19.38	1	-0.4	0
chr2:7926073	10	1	10	10	-1	19.37	1	-0.4	0
chr1:19464439	10	1	10	10	-1	19.36	1	-0.4	0
chr3:17362400	10	1	10	10	-1	19.36	1	-0.4	0
chr4:14642230	10	1	10	10	-1	19.35	1	-0.4	0
chr2:13016370	10	1	10	10	-1	19.34	1	-0.4	0
chr5:21161305	10	1	10	10	-1	19.34	1	-0.4	0
chr2:11683714	10	1	10	10	-1	19.33	1	-0.4	0
chr2:14629803	10	1	10	10	-1	19.31	1	-0.4	0
chr5:4272856	10	1	10	10	-1	19.29	1	-0.4	0
chr5:3473426	10	1	10	10	-1	19.28	1	-0.4	0
chr1:8653	10	1	10	10	-1	19.27	1	-0.4	0
chr5:23786509	10	1	10	10	-1	19.27	1	-0.4	0
chr1:19101197	10	1	10	10	-1	19.26	1	-0.4	0
chr3:5373752	10	1	10	10	-1	19.24	1	-0.4	0
chr4:16881870	10	1	10	10	-1	19.24	1	-0.4	0
chr5:1216224	10	1	10	10	-1	19.23	1	-0.4	0
chr1:19993101	10	1	10	10	-1	19.22	1	-0.4	0
chr1:7961557	10	1	10	10	-1	19.22	1	-0.4	0
chr5:7823207	10	1	10	10	-1	19.22	1	-0.4	0
chr3:18898743	10	1	10	10	-1	19.21	1	-0.4	0
chr2:16090502	10	1	10	10	-1	19.18	1	-0.4	0
chr1:9801187	10	1	10	10	-1	19.17	1	-0.4	0
chr1:4760411	10	1	10	10	-1	19.15	1	-0.4	0
chr1:5421547	10	1	10	10	-1	19.15	1	-0.4	0
chr4:14370670	10	1	10	10	-1	19.15	1	-0.4	0
chr4:7195277	10	1	10	10	-1	19.13	1	-0.4	0
chr2:972427	10	1	10	10	-1	19.12	1	-0.4	0
chr2:16127865	10	1	10	10	-1	19.1	1	-0.4	0
chr5:18209401	10	1	10	10	-1	19.1	1	-0.4	0
chr5:20048215	10	1	10	10	-1	19.1	1	-0.4	0
chr3:17556173	10	1	10	10	-1	19.09	1	-0.4	0
chr4:8387931	10	1	10	10	-1	19.09	1	-0.4	0
chr1:5078413	10	1	10	10	-1	19.08	1	-0.4	0
chr5:829871	10	1	10	10	-1	19.04	1	-0.4	0
chr3:4656131	10	1	10	10	-1	19.01	1	-0.4	0
chr5:23149779	10	1	10	10	-1	19.01	1	-0.4	0
chr1:21313910	10	1	10	10	-1	19	1	-0.4	0
chr1:25781250	10	1	10	10	-1	19	1	-0.4	0
chr1:27548136	10	1	10	10	-1	19	1	-0.4	0
chr5:17813222	10	1	10	10	-1	19	1	-0.4	0
chr4:13088086	10	1	10	10	-1	18.98	1	-0.4	0
chr5:271634	10	1	10	10	-1	18.97	1	-0.4	0
chr5:444291	10	1	10	10	-1	18.97	1	-0.4	0
chr3:23410389	10	1	10	10	-1	18.96	1	-0.4	0
chr2:11039875	10	1	10	10	-1	18.95	1	-0.4	0
chr2:259022	10	1	10	10	-1	18.95	1	-0.4	0
chr3:16559569	10	1	10	10	-1	18.95	1	-0.4	0
chr1:12152410	10	1	10	10	-1	18.94	1	-0.4	0
chr4:268719	10	1	10	10	-1	18.94	1	-0.4	0
chr5:24386957	10	1	10	10	-1	18.94	1	-0.4	0
chr5:23354559	10	1	10	10	-1	18.93	1	-0.4	0
chr1:11436659	10	1	10	10	-1	18.87	1	-0.4	0
chr4:676598	10	1	10	10	-1	18.87	1	-0.4	0
chr3:1852604	10	1	10	10	-1	18.85	1	-0.4	0
chr3:3890941	10	1	10	10	-1	18.85	1	-0.4	0
chr3:4889031	10	1	10	10	-1	18.85	1	-0.4	0
chr5:1926974	10	1	10	10	-1	18.85	1	-0.4	0
chr2:17573374	10	1	10	10	-1	18.84	1	-0.4	0
chr1:26587666	10	1	10	10	-1	18.83	1	-0.4	0
chr3:448608	10	1	10	10	-1	18.83	1	-0.4	0
chr5:22662497	10	1	10	10	-1	18.83	1	-0.4	0
chr5:22768476	10	1	10	10	-1	18.83	1	-0.4	0
chr1:6986309	10	1	10	10	-1	18.82	1	-0.4	0
chr5:24257447	10	1	10	10	-1	18.82	1	-0.4	0
chr1:28497280	10	1	10	10	-1	18.81	1	-0.4	0
chr3:15501653	10	1	10	10	-1	18.81	1	-0.4	0
chr3:22881812	10	1	10	10	-1	18.81	1	-0.4	0
chr5:9327421	10	1	10	10	-1	18.8	1	-0.4	0
chr1:4921902	10	1	10	10	-1	18.79	1	-0.4	0
chr4:17588120	10	1	10	10	-1	18.77	1	-0.4	0
chr1:6528796	10	1	10	10	-1	18.76	1	-0.4	0
chr3:8530988	10	1	10	10	-1	18.76	1	-0.4	0
chr5:26232862	10	1	10	10	-1	18.76	1	-0.4	0
chr3:20611386	10	1	10	10	-1	18.75	1	-0.4	0
chr5:25068244	10	1	10	10	-1	18.75	1	-0.4	0
chr4:15528713	10	1	10	10	-1	18.74	1	-0.4	0
chr4:6867868	10	1	10	10	-1	18.71	1	-0.4	0
chr5:450682	10	1	10	10	-1	18.71	1	-0.4	0
chr5:23424069	10	1	10	10	-1	18.7	1	-0.4	0
chr5:8077886	10	1	10	10	-1	18.7	1	-0.4	0
chr1:17265510	10	1	10	10	-1	18.67	1	-0.4	0
chr1:572021	10	1	10	10	-1	18.67	1	-0.4	0
chr3:10067449	10	1	10	10	-1	18.67	1	-0.4	0
chr3:19490580	10	1	10	10	-1	18.67	1	-0.4	0
chr3:22323810	10	1	10	10	-1	18.67	1	-0.4	0
chr3:2348774	10	1	10	10	-1	18.67	1	-0.4	0
chr3:5349449	10	1	10	10	-1	18.67	1	-0.4	0
chr4:6908248	10	1	10	10	-1	18.67	1	-0.4	0
chr5:2167265	10	1	10	10	-1	18.67	1	-0.4	0
chr1:10263823	10	1	10	10	-1	18.66	1	-0.4	0
chr1:19671973	10	1	10	10	-1	18.66	1	-0.4	0
chr2:17158999	10	1	10	10	-1	18.66	1	-0.4	0
chr5:9291742	10	1	10	10	-1	18.65	1	-0.4	0
chr3:5254648	10	1	10	10	-1	18.64	1	-0.4	0
chr5:20021046	10	1	10	10	-1	18.64	1	-0.4	0
chr1:10705442	10	1	10	10	-1	18.59	1	-0.4	0
chr1:786998	10	1	10	10	-1	18.58	1	-0.4	0
chr3:16495083	10	1	10	10	-1	18.58	1	-0.4	0
chr2:8710461	10	1	10	10	-1	18.57	1	-0.4	0
chr5:22120544	10	1	10	10	-1	18.56	1	-0.4	0
chr2:2285795	10	1	10	10	-1	18.55	1	-0.4	0
chr4:13023817	10	1	10	10	-1	18.55	1	-0.4	0
chr5:20702463	10	1	10	10	-1	18.55	1	-0.4	0
chr5:23001097	10	1	10	10	-1	18.55	1	-0.4	0
chr5:7512985	10	1	10	10	-1	18.55	1	-0.4	0
chr5:23984977	10	1	10	10	-1	18.54	1	-0.4	0
chr2:428806	10	1	10	10	-1	18.53	1	-0.4	0
chr5:15551279	10	1	10	10	-1	18.49	1	-0.4	0
chr5:17459409	10	1	10	10	-1	18.48	1	-0.4	0
chr1:23807588	10	1	10	10	-1	18.46	1	-0.4	0
chr5:26852394	10	1	10	10	-1	18.46	1	-0.4	0
chr3:1057963	10	1	10	10	-1	18.45	1	-0.4	0
chr4:11155337	10	1	10	10	-1	18.44	1	-0.4	0
chr4:16279184	10	1	10	10	-1	18.43	1	-0.4	0
chr2:399432	10	1	10	10	-1	18.4	1	-0.4	0
chr3:22378954	10	1	10	10	-1	18.4	1	-0.4	0
chr4:13513937	10	1	10	10	-1	18.4	1	-0.4	0
chr4:14863083	10	1	10	10	-1	18.4	1	-0.4	0
chr5:23357502	10	1	10	10	-1	18.4	1	-0.4	0
chr3:8144959	10	1	10	10	-1	18.37	1	-0.4	0
chr3:4802533	10	1	10	10	-1	18.31	1	-0.4	0
chr5:2305037	10	1	10	10	-1	18.31	1	-0.4	0
chr3:20065264	10	1	10	10	-1	18.3	1	-0.4	0
chr4:7665452	10	1	10	10	-1	18.29	1	-0.4	0
chr1:11523175	10	1	10	10	-1	18.27	1	-0.4	0
chr1:171944	10	1	10	10	-1	18.27	1	-0.4	0
chr1:9649367	10	1	10	10	-1	18.27	1	-0.4	0
chr2:13269691	10	1	10	10	-1	18.26	1	-0.4	0
chr2:14822151	10	1	10	10	-1	18.26	1	-0.4	0
chr3:566023	10	1	10	10	-1	18.26	1	-0.4	0
chr4:6861460	10	1	10	10	-1	18.26	1	-0.4	0
chr5:26249378	10	1	10	10	-1	18.26	1	-0.4	0
chr1:3419936	10	1	10	10	-1	18.22	1	-0.4	0
chr1:17295459	10	1	10	10	-1	18.21	1	-0.4	0
chr1:2103546	10	1	10	10	-1	18.18	1	-0.4	0
chr2:18374318	10	1	10	10	-1	18.18	1	-0.4	0
chr4:15666692	10	1	10	10	-1	18.18	1	-0.4	0
chr1:8166080	10	1	10	10	-1	18.17	1	-0.4	0
chr1:18449951	10	1	10	10	-1	18.15	1	-0.4	0
chr2:15104567	10	1	10	10	-1	18.15	1	-0.4	0
chr2:15317796	10	1	10	10	-1	18.15	1	-0.4	0
chr5:5995075	10	1	10	10	-1	18.15	1	-0.4	0
chr2:7898144	10	1	10	10	-1	18.14	1	-0.4	0
chr4:9673495	10	1	10	10	-1	18.14	1	-0.4	0
chr1:11545804	10	1	10	10	-1	18.13	1	-0.4	0
chr4:9815530	10	1	10	10	-1	18.13	1	-0.4	0
chr5:8797331	10	1	10	10	-1	18.13	1	-0.4	0
chr5:4151612	10	1	10	10	-1	18.12	1	-0.4	0
chr1:26542523	10	1	10	10	-1	18.08	1	-0.4	0
chr3:4532865	10	1	10	10	-1	18.08	1	-0.4	0
chr3:637356	10	1	10	10	-1	18.08	1	-0.4	0
chr1:19843715	10	1	10	10	-1	18.07	1	-0.4	0
chr3:22634060	10	1	10	10	-1	18.06	1	-0.4	0
chr1:19180043	10	1	10	10	-1	18.05	1	-0.4	0
chr4:14141283	10	1	10	10	-1	18.05	1	-0.4	0
chr3:9055474	10	1	10	10	-1	18.04	1	-0.4	0
chr1:6643599	10	1	10	10	-1	18.03	1	-0.4	0
chr2:13641997	10	1	10	10	-1	18.01	1	-0.4	0
chr3:19444477	10	1	10	10	-1	18.01	1	-0.4	0
chr2:19027667	10	1	10	10	-1	18	1	-0.4	0
chr1:20771887	10	1	10	10	-1	17.99	1	-0.4	0
chr3:4462207	10	1	10	10	-1	17.99	1	-0.4	0
chr4:14346548	10	1	10	10	-1	17.99	1	-0.4	0
chr4:17355303	10	1	10	10	-1	17.99	1	-0.4	0
chr5:22958498	10	1	10	10	-1	17.99	1	-0.4	0
chr5:7085092	10	1	10	10	-1	17.98	1	-0.4	0
chr4:11990131	10	1	10	10	-1	17.97	1	-0.4	0
chr4:18478110	10	1	10	10	-1	17.97	1	-0.4	0
chr1:118653	10	1	10	10	-1	17.96	1	-0.4	0
chr1:23766298	10	1	10	10	-1	17.95	1	-0.4	0
chr1:27151082	10	1	10	10	-1	17.95	1	-0.4	0
chr5:20797	10	1	10	10	-1	17.94	1	-0.4	0
chr1:19924853	10	1	10	10	-1	17.92	1	-0.4	0
chr1:23689599	10	1	10	10	-1	17.92	1	-0.4	0
chr2:18536140	10	1	10	10	-1	17.92	1	-0.4	0
chr3:6838679	10	1	10	10	-1	17.92	1	-0.4	0
chr5:4196334	10	1	10	10	-1	17.92	1	-0.4	0
chr5:5648382	10	1	10	10	-1	17.92	1	-0.4	0
chr5:7785935	10	1	10	10	-1	17.92	1	-0.4	0
chr4:8911088	10	1	10	10	-1	17.91	1	-0.4	0
chr2:18814656	10	1	10	10	-1	17.9	1	-0.4	0
chr3:18667012	10	1	10	10	-1	17.9	1	-0.4	0
chr5:8288474	10	1	10	10	-1	17.9	1	-0.4	0
chr5:8406216	10	1	10	10	-1	17.89	1	-0.4	0
chr1:27640834	10	1	10	10	-1	17.88	1	-0.4	0
chr5:1523983	10	1	10	10	-1	17.88	1	-0.4	0
chr1:6142383	10	1	10	10	-1	17.87	1	-0.4	0
chr4:9274389	10	1	10	10	-1	17.87	1	-0.4	0
chr5:25157769	10	1	10	10	-1	17.87	1	-0.4	0
chr2:10427865	10	1	10	10	-1	17.86	1	-0.4	0
chr2:17473164	10	1	10	10	-1	17.86	1	-0.4	0
chr2:17062155	10	1	10	10	-1	17.85	1	-0.4	0
chr3:17204098	10	1	10	10	-1	17.85	1	-0.4	0
chr5:22196323	10	1	10	10	-1	17.85	1	-0.4	0
chr3:17720102	10	1	10	10	-1	17.83	1	-0.4	0
chr3:3698679	10	1	10	10	-1	17.83	1	-0.4	0
chr5:19305482	10	1	10	10	-1	17.83	1	-0.4	0
chr5:20797118	10	1	10	10	-1	17.82	1	-0.4	0
chr1:3535239	10	1	10	10	-1	17.79	1	-0.4	0
chr3:4944447	10	1	10	10	-1	17.79	1	-0.4	0
chr4:16265952	10	1	10	10	-1	17.78	1	-0.4	0
chr4:727543	10	1	10	10	-1	17.77	1	-0.4	0
chr4:1274390	10	1	10	10	-1	17.76	1	-0.4	0
chr1:29585640	10	1	10	10	-1	17.75	1	-0.4	0
chr3:10949772	10	1	10	10	-1	17.75	1	-0.4	0
chr4:8551178	10	1	10	10	-1	17.75	1	-0.4	0
chr5:1253970	10	1	10	10	-1	17.75	1	-0.4	0
chr5:16197220	10	1	10	10	-1	17.75	1	-0.4	0
chr5:16810832	10	1	10	10	-1	17.75	1	-0.4	0
chr5:9459215	10	1	10	10	-1	17.73	1	-0.4	0
chr4:10296264	10	1	10	10	-1	17.72	1	-0.4	0
chr1:18182198	10	1	10	10	-1	17.71	1	-0.4	0
chr1:6626190	10	1	10	10	-1	17.71	1	-0.4	0
chr2:10832154	10	1	10	10	-1	17.71	1	-0.4	0
chr2:6947791	10	1	10	10	-1	17.71	1	-0.4	0
chr3:16540691	10	1	10	10	-1	17.71	1	-0.4	0
chr3:22249063	10	1	10	10	-1	17.71	1	-0.4	0
chr5:24904741	10	1	10	10	-1	17.71	1	-0.4	0
chr5:5686246	10	1	10	10	-1	17.71	1	-0.4	0
chr1:24687261	10	1	10	10	-1	17.7	1	-0.4	0
chr3:10023935	10	1	10	10	-1	17.7	1	-0.4	0
chr5:25210127	10	1	10	10	-1	17.7	1	-0.4	0
chr2:14862653	10	1	10	10	-1	17.65	1	-0.4	0
chr3:8078422	10	1	10	10	-1	17.65	1	-0.4	0
chr4:6878907	10	1	10	10	-1	17.65	1	-0.4	0
chr1:8009568	10	1	10	10	-1	17.61	1	-0.4	0
chr2:15191211	10	1	10	10	-1	17.61	1	-0.4	0
chr3:18814999	10	1	10	10	-1	17.61	1	-0.4	0
chr5:6469186	10	1	10	10	-1	17.61	1	-0.4	0
chr2:7326200	10	1	10	10	-1	17.59	1	-0.4	0
chr3:1287148	10	1	10	10	-1	17.59	1	-0.4	0
chr5:2267060	10	1	10	10	-1	17.59	1	-0.4	0
chr5:23388649	10	1	10	10	-1	17.59	1	-0.4	0
chr5:5090702	10	1	10	10	-1	17.59	1	-0.4	0
chr1:7084524	10	1	10	10	-1	17.58	1	-0.4	0
chr4:1138629	10	1	10	10	-1	17.57	1	-0.4	0
chr2:9354637	10	1	10	10	-1	17.56	1	-0.4	0
chr5:25841099	10	1	10	10	-1	17.56	1	-0.4	0
chr5:26363769	10	1	10	10	-1	17.56	1	-0.4	0
chr1:24900702	10	1	10	10	-1	17.54	1	-0.4	0
chr5:1269932	10	1	10	10	-1	17.54	1	-0.4	0
chr1:11084004	10	1	10	10	-1	17.53	1	-0.4	0
chr1:344670	10	1	10	10	-1	17.53	1	-0.4	0
chr1:11717498	10	1	10	10	-1	17.52	1	-0.4	0
chr2:10825137	10	1	10	10	-1	17.52	1	-0.4	0
chr5:25399402	10	1	10	10	-1	17.51	1	-0.4	0
chr5:4432179	10	1	10	10	-1	17.5	1	-0.4	0
chr5:9647127	10	1	10	10	-1	17.5	1	-0.4	0
chr4:14895103	10	1	10	10	-1	17.49	1	-0.4	0
chr5:2073619	10	1	10	10	-1	17.49	1	-0.4	0
chr3:1739133	10	1	10	10	-1	17.47	1	-0.4	0
chr5:7139420	10	1	10	10	-1	17.47	1	-0.4	0
chr1:2335385	10	1	10	10	-1	17.44	1	-0.4	0
chr5:2913546	10	1	10	10	-1	17.44	1	-0.4	0
chr1:10355681	10	1	10	10	-1	17.43	1	-0.4	0
chr1:2160863	10	1	10	10	-1	17.4	1	-0.4	0
chr1:23772367	10	1	10	10	-1	17.4	1	-0.4	0
chr1:7802602	10	1	10	10	-1	17.4	1	-0.4	0
chr3:20008473	10	1	10	10	-1	17.39	1	-0.4	0
chr5:26699442	10	1	10	10	-1	17.39	1	-0.4	0
chr1:2348882	10	1	10	10	-1	17.36	1	-0.4	0
chr5:5891967	10	1	10	10	-1	17.36	1	-0.4	0
chr5:9205974	10	1	10	10	-1	17.35	1	-0.4	0
chr1:20860553	10	1	10	10	-1	17.34	1	-0.4	0
chr5:18378734	10	1	10	10	-1	17.34	1	-0.4	0
chr3:22962217	10	1	10	10	-1	17.33	1	-0.4	0
chr2:15602581	10	1	10	10	-1	17.3	1	-0.4	0
chr2:9925001	10	1	10	10	-1	17.3	1	-0.4	0
chr3:17739837	10	1	10	10	-1	17.3	1	-0.4	0
chr5:20834152	10	1	10	10	-1	17.3	1	-0.4	0
chr1:472021	10	1	10	10	-1	17.28	1	-0.4	0
chr2:11764734	10	1	10	10	-1	17.28	1	-0.4	0
chr4:13461249	10	1	10	10	-1	17.28	1	-0.4	0
chr1:28644590	10	1	10	10	-1	17.26	1	-0.4	0
chr4:17953193	10	1	10	10	-1	17.26	1	-0.4	0
chr2:12621947	10	1	10	10	-1	17.25	1	-0.4	0
chr2:872796	10	1	10	10	-1	17.25	1	-0.4	0
chr3:21059858	10	1	10	10	-1	17.24	1	-0.4	0
chr1:2688764	10	1	10	10	-1	17.23	1	-0.4	0
chr1:27426378	10	1	10	10	-1	17.22	1	-0.4	0
chr1:6813088	10	1	10	10	-1	17.21	1	-0.4	0
chr3:20869507	10	1	10	10	-1	17.21	1	-0.4	0
chr1:17704858	10	1	10	10	-1	17.2	1	-0.4	0
chr3:10939963	10	1	10	10	-1	17.19	1	-0.4	0
chr3:19854082	10	1	10	10	-1	17.18	1	-0.4	0
chr3:1644756	10	1	10	10	-1	17.17	1	-0.4	0
chr3:18501909	10	1	10	10	-1	17.17	1	-0.4	0
chr4:16512	10	1	10	10	-1	17.17	1	-0.4	0
chr4:6798993	10	1	10	10	-1	17.17	1	-0.4	0
chr5:413167	10	1	10	10	-1	17.16	1	-0.4	0
chr3:6922198	10	1	10	10	-1	17.15	1	-0.4	0
chr4:17986368	10	1	10	10	-1	17.15	1	-0.4	0
chr5:24908357	10	1	10	10	-1	17.15	1	-0.4	0
chr4:16378823	10	1	10	10	-1	17.14	1	-0.4	0
chr1:20519451	10	1	10	10	-1	17.13	1	-0.4	0
chr2:16802136	10	1	10	10	-1	17.12	1	-0.4	0
chr4:9874204	10	1	10	10	-1	17.12	1	-0.4	0
chr5:16765999	10	1	10	10	-1	17.1	1	-0.4	0
chr3:22165493	10	1	10	10	-1	17.09	1	-0.4	0
chr5:17200022	10	1	10	10	-1	17.09	1	-0.4	0
chr1:7703192	10	1	10	10	-1	17.06	1	-0.4	0
chr4:17280556	10	1	10	10	-1	17.06	1	-0.4	0
chr5:5907440	10	1	10	10	-1	17.06	1	-0.4	0
chr1:13280387	10	1	10	10	-1	17.04	1	-0.4	0
chr1:20577530	10	1	10	10	-1	17.04	1	-0.4	0
chr1:8938321	10	1	10	10	-1	17.04	1	-0.4	0
chr2:16452218	10	1	10	10	-1	17.04	1	-0.4	0
chr3:21036557	10	1	10	10	-1	17.04	1	-0.4	0
chr4:953915	10	1	10	10	-1	17.04	1	-0.4	0
chr1:11605325	10	1	10	10	-1	17.03	1	-0.4	0
chr4:16294456	10	1	10	10	-1	17.03	1	-0.4	0
chr1:22867661	10	1	10	10	-1	17.01	1	-0.4	0
chr5:16636010	10	1	10	10	-1	17	1	-0.4	0
chr1:25156444	10	1	10	10	-1	16.99	1	-0.4	0
chr1:4503703	10	1	10	10	-1	16.99	1	-0.4	0
chr2:6018493	10	1	10	10	-1	16.98	1	-0.4	0
chr4:18142583	10	1	10	10	-1	16.97	1	-0.4	0
chr5:20419537	10	1	10	10	-1	16.97	1	-0.4	0
chr3:22432629	10	1	10	10	-1	16.96	1	-0.4	0
chr5:23449606	10	1	10	10	-1	16.95	1	-0.4	0
chr1:26243765	10	1	10	10	-1	16.94	1	-0.4	0
chr5:7022218	10	1	10	10	-1	16.94	1	-0.4	0
chr1:24062932	10	1	10	10	-1	16.9	1	-0.4	0
chr2:14665823	10	1	10	10	-1	16.9	1	-0.4	0
chr5:25748801	10	1	10	10	-1	16.9	1	-0.4	0
chr4:57277	10	1	10	10	-1	16.89	1	-0.4	0
chr1:2013849	10	1	10	10	-1	16.88	1	-0.4	0
chr4:5115825	10	1	10	10	-1	16.88	1	-0.4	0
chr4:85039	10	1	10	10	-1	16.88	1	-0.4	0
chr5:22331877	10	1	10	10	-1	16.88	1	-0.4	0
chr5:24515084	10	1	10	10	-1	16.88	1	-0.4	0
chr5:16912114	10	1	10	10	-1	16.87	1	-0.4	0
chr1:1158131	10	1	10	10	-1	16.86	1	-0.4	0
chr1:23335540	10	1	10	10	-1	16.86	1	-0.4	0
chr3:2069052	10	1	10	10	-1	16.86	1	-0.4	0
chr4:9306610	10	1	10	10	-1	16.84	1	-0.4	0
chr2:13770420	10	1	10	10	-1	16.83	1	-0.4	0
chr4:17191271	10	1	10	10	-1	16.81	1	-0.4	0
chr5:17626791	10	1	10	10	-1	16.81	1	-0.4	0
chr2:13014821	10	1	10	10	-1	16.8	1	-0.4	0
chr2:19457359	10	1	10	10	-1	16.8	1	-0.4	0
chr3:21095411	10	1	10	10	-1	16.8	1	-0.4	0
chr3:3368920	10	1	10	10	-1	16.8	1	-0.4	0
chr4:17666730	10	1	10	10	-1	16.8	1	-0.4	0
chr5:17242705	10	1	10	10	-1	16.8	1	-0.4	0
chr4:15066921	10	1	10	10	-1	16.79	1	-0.4	0
chr5:20420018	10	1	10	10	-1	16.79	1	-0.4	0
chr1:20060169	10	1	10	10	-1	16.78	1	-0.4	0
chr3:10192149	10	1	10	10	-1	16.78	1	-0.4	0
chr5:1522862	10	1	10	10	-1	16.78	1	-0.4	0
chr5:24384884	10	1	10	10	-1	16.77	1	-0.4	0
chr5:6057644	10	1	10	10	-1	16.77	1	-0.4	0
chr5:21984484	10	1	10	10	-1	16.75	1	-0.4	0
chr1:26053313	10	1	10	10	-1	16.74	1	-0.4	0
chr3:3298960	10	1	10	10	-1	16.73	1	-0.4	0
chr5:26822035	10	1	10	10	-1	16.73	1	-0.4	0
chr1:9486983	10	1	10	10	-1	16.71	1	-0.4	0
chr5:25302459	10	1	10	10	-1	16.7	1	-0.4	0
chr1:29439738	10	1	10	10	-1	16.68	1	-0.4	0
chr2:16771931	10	1	10	10	-1	16.64	1	-0.4	0
chr1:2390427	10	1	10	10	-1	16.62	1	-0.4	0
chr1:11801846	10	1	10	10	-1	16.6	1	-0.4	0
chr1:30371791	10	1	10	10	-1	16.59	1	-0.4	0
chr1:4850057	10	1	10	10	-1	16.59	1	-0.4	0
chr1:6621401	10	1	10	10	-1	16.59	1	-0.4	0
chr2:15084672	10	1	10	10	-1	16.59	1	-0.4	0
chr5:3690366	10	1	10	10	-1	16.59	1	-0.4	0
chr5:3901592	10	1	10	10	-1	16.59	1	-0.4	0
chr4:10139388	10	1	10	10	-1	16.58	1	-0.4	0
chr2:14654079	10	1	10	10	-1	16.57	1	-0.4	0
chr2:17486312	10	1	10	10	-1	16.55	1	-0.4	0
chr4:18177887	10	1	10	10	-1	16.55	1	-0.4	0
chr5:2090216	10	1	10	10	-1	16.55	1	-0.4	0
chr3:18478680	10	1	10	10	-1	16.54	1	-0.4	0
chr1:3008523	10	1	10	10	-1	16.53	1	-0.4	0
chr3:4144324	10	1	10	10	-1	16.52	1	-0.4	0
chr4:8389347	10	1	10	10	-1	16.52	1	-0.4	0
chr2:16041466	10	1	10	10	-1	16.5	1	-0.4	0
chr2:19175536	10	1	10	10	-1	16.5	1	-0.4	0
chr5:15256233	10	1	10	10	-1	16.5	1	-0.4	0
chr2:8669328	10	1	10	10	-1	16.48	1	-0.4	0
chr3:19880384	10	1	10	10	-1	16.48	1	-0.4	0
chr4:14656206	10	1	10	10	-1	16.48	1	-0.4	0
chr5:15092187	10	1	10	10	-1	16.48	1	-0.4	0
chr2:8559963	10	1	10	10	-1	16.47	1	-0.4	0
chr2:8993000	10	1	10	10	-1	16.47	1	-0.4	0
chr5:23734078	10	1	10	10	-1	16.47	1	-0.4	0
chr5:8768110	10	1	10	10	-1	16.47	1	-0.4	0
chr5:1804653	10	1	10	10	-1	16.44	1	-0.4	0
chr5:20537138	10	1	10	10	-1	16.44	1	-0.4	0
chr4:18538766	10	1	10	10	-1	16.43	1	-0.4	0
chr5:6842895	10	1	10	10	-1	16.42	1	-0.4	0
chr1:28293008	10	1	10	10	-1	16.41	1	-0.4	0
chr2:16017789	10	1	10	10	-1	16.41	1	-0.4	0
chr2:8102096	10	1	10	10	-1	16.41	1	-0.4	0
chr3:18890613	10	1	10	10	-1	16.41	1	-0.4	0
chr3:23276593	10	1	10	10	-1	16.41	1	-0.4	0
chr5:25692436	10	1	10	10	-1	16.41	1	-0.4	0
chr5:26605185	10	1	10	10	-1	16.41	1	-0.4	0
chr5:308989	10	1	10	10	-1	16.41	1	-0.4	0
chr5:18407443	10	1	10	10	-1	16.4	1	-0.4	0
chr1:27171342	10	1	10	10	-1	16.39	1	-0.4	0
chr1:27189870	10	1	10	10	-1	16.39	1	-0.4	0
chr1:27390139	10	1	10	10	-1	16.39	1	-0.4	0
chr3:19442715	10	1	10	10	-1	16.39	1	-0.4	0
chr3:20786067	10	1	10	10	-1	16.39	1	-0.4	0
chr5:25341869	10	1	10	10	-1	16.39	1	-0.4	0
chr5:22998362	10	1	10	10	-1	16.38	1	-0.4	0
chr2:9926444	10	1	10	10	-1	16.37	1	-0.4	0
chr1:23352939	10	1	10	10	-1	16.35	1	-0.4	0
chr5:20090653	10	1	10	10	-1	16.35	1	-0.4	0
chr5:25468832	10	1	10	10	-1	16.35	1	-0.4	0
chr2:1847416	10	1	10	10	-1	16.34	1	-0.4	0
chr1:5928840	10	1	10	10	-1	16.33	1	-0.4	0
chr2:14065831	10	1	10	10	-1	16.33	1	-0.4	0
chr4:15477112	10	1	10	10	-1	16.33	1	-0.4	0
chr5:289754	10	1	10	10	-1	16.33	1	-0.4	0
chr1:18307580	10	1	10	10	-1	16.31	1	-0.4	0
chr1:2576863	10	1	10	10	-1	16.31	1	-0.4	0
chr4:9636778	10	1	10	10	-1	16.31	1	-0.4	0
chr1:11528505	10	1	10	10	-1	16.28	1	-0.4	0
chr1:13262052	10	1	10	10	-1	16.28	1	-0.4	0
chr1:25659294	10	1	10	10	-1	16.28	1	-0.4	0
chr1:4274443	10	1	10	10	-1	16.28	1	-0.4	0
chr2:15253276	10	1	10	10	-1	16.28	1	-0.4	0
chr2:18060485	10	1	10	10	-1	16.28	1	-0.4	0
chr2:7883411	10	1	10	10	-1	16.28	1	-0.4	0
chr4:17263475	10	1	10	10	-1	16.26	1	-0.4	0
chr1:27304803	10	1	10	10	-1	16.25	1	-0.4	0
chr3:4766936	10	1	10	10	-1	16.25	1	-0.4	0
chr3:5578109	10	1	10	10	-1	16.25	1	-0.4	0
chr4:10249708	10	1	10	10	-1	16.25	1	-0.4	0
chr4:145449	10	1	10	10	-1	16.25	1	-0.4	0
chr5:17591730	10	1	10	10	-1	16.25	1	-0.4	0
chr3:165402	10	1	10	10	-1	16.24	1	-0.4	0
chr1:4530266	10	1	10	10	-1	16.23	1	-0.4	0
chr1:18886563	10	1	10	10	-1	16.22	1	-0.4	0
chr1:19833046	10	1	10	10	-1	16.22	1	-0.4	0
chr1:23396618	10	1	10	10	-1	16.22	1	-0.4	0
chr5:23211084	10	1	10	10	-1	16.22	1	-0.4	0
chr1:26302857	10	1	10	10	-1	16.21	1	-0.4	0
chr1:29910568	10	1	10	10	-1	16.21	1	-0.4	0
chr3:7635745	10	1	10	10	-1	16.21	1	-0.4	0
chr4:14478163	10	1	10	10	-1	16.21	1	-0.4	0
chr4:9419955	10	1	10	10	-1	16.21	1	-0.4	0
chr5:522216	10	1	10	10	-1	16.21	1	-0.4	0
chr1:11119649	10	1	10	10	-1	16.17	1	-0.4	0
chr3:11525111	10	1	10	10	-1	16.17	1	-0.4	0
chr3:11971588	10	1	10	10	-1	16.17	1	-0.4	0
chr1:19970179	10	1	10	10	-1	16.16	1	-0.4	0
chr1:20850352	10	1	10	10	-1	16.15	1	-0.4	0
chr2:1366042	10	1	10	10	-1	16.15	1	-0.4	0
chr5:82690	10	1	10	10	-1	16.15	1	-0.4	0
chr2:9906591	10	1	10	10	-1	16.14	1	-0.4	0
chr5:427526	10	1	10	10	-1	16.14	1	-0.4	0
chr5:6009911	10	1	10	10	-1	16.14	1	-0.4	0
chr1:9286323	10	1	10	10	-1	16.13	1	-0.4	0
chr5:5227840	10	1	10	10	-1	16.13	1	-0.4	0
chr2:8544769	10	1	10	10	-1	16.12	1	-0.4	0
chr5:2299623	10	1	10	10	-1	16.12	1	-0.4	0
chr5:23085730	10	1	10	10	-1	16.12	1	-0.4	0
chr5:304897	10	1	10	10	-1	16.12	1	-0.4	0
chr1:3776301	10	1	10	10	-1	16.11	1	-0.4	0
chr3:12360628	10	1	10	10	-1	16.11	1	-0.4	0
chr3:21980860	10	1	10	10	-1	16.11	1	-0.4	0
chr5:15129202	10	1	10	10	-1	16.11	1	-0.4	0
chr5:4121588	10	1	10	10	-1	16.11	1	-0.4	0
chr2:11752209	10	1	10	10	-1	16.09	1	-0.4	0
chr5:18631805	10	1	10	10	-1	16.09	1	-0.4	0
chr5:20263062	10	1	10	10	-1	16.09	1	-0.4	0
chr4:9600340	10	1	10	10	-1	16.08	1	-0.4	0
chr1:26247013	10	1	10	10	-1	16.06	1	-0.4	0
chr1:8538577	10	1	10	10	-1	16.06	1	-0.4	0
chr1:9457987	10	1	10	10	-1	16.06	1	-0.4	0
chr1:9863580	10	1	10	10	-1	16.06	1	-0.4	0
chr2:6922193	10	1	10	10	-1	16.06	1	-0.4	0
chr3:10923640	10	1	10	10	-1	16.06	1	-0.4	0
chr4:8870871	10	1	10	10	-1	16.05	1	-0.4	0
chr3:20719708	10	1	10	10	-1	16.04	1	-0.4	0
chr3:21229753	10	1	10	10	-1	16.04	1	-0.4	0
chr5:20216473	10	1	10	10	-1	16.04	1	-0.4	0
chr1:1236534	10	1	10	10	-1	16.03	1	-0.4	0
chr1:16561882	10	1	10	10	-1	16.03	1	-0.4	0
chr1:20412180	10	1	10	10	-1	16.03	1	-0.4	0
chr3:6119616	10	1	10	10	-1	16.03	1	-0.4	0
chr4:465215	10	1	10	10	-1	16.03	1	-0.4	0
chr1:4525115	10	1	10	10	-1	16.02	1	-0.4	0
chr1:4532206	10	1	10	10	-1	16.02	1	-0.4	0
chr1:7496770	10	1	10	10	-1	16.02	1	-0.4	0
chr2:15291879	10	1	10	10	-1	16.02	1	-0.4	0
chr4:8474238	10	1	10	10	-1	16.02	1	-0.4	0
chr5:17508750	10	1	10	10	-1	16.02	1	-0.4	0
chr5:23154316	10	1	10	10	-1	16.02	1	-0.4	0
chr1:27571798	10	1	10	10	-1	16.01	1	-0.4	0
chr5:4820641	10	1	10	10	-1	16.01	1	-0.4	0
