Position	IP	Control	Fold	Expectd	Q_-lg10	P_-lg10	P_poiss	IPvsEMP	Noise
chr1:1157868	10	1	10	10	1	1	1	-0.4	0
chr1:1157868	10	1	10	10	1	1	1	-0.4	0
chr1:1481098	10	1	10	10	1	1	1	-0.4	0
chr1:1481098	10	1	10	10	1	1	1	-0.4	0
chr1:1841131	10	1	10	10	1	1	1	-0.4	0
chr1:1841131	10	1	10	10	1	1	1	-0.4	0
chr1:2670141	10	1	10	10	1	1	1	-0.4	0
chr1:2690206	10	1	10	10	1	1	1	-0.4	0
chr1:2690736	10	1	10	10	1	1	1	-0.4	0
chr1:2862832	10	1	10	10	1	1	1	-0.4	0
chr1:3072592	10	1	10	10	1	1	1	-0.4	0
chr1:3072592	10	1	10	10	1	1	1	-0.4	0
chr1:3076703	10	1	10	10	1	1	1	-0.4	0
chr1:3076703	10	1	10	10	1	1	1	-0.4	0
chr1:3100872	10	1	10	10	1	1	1	-0.4	0
chr1:3283780	10	1	10	10	1	1	1	-0.4	0
chr1:3324622	10	1	10	10	1	1	1	-0.4	0
chr1:3324622	10	1	10	10	1	1	1	-0.4	0
chr1:3441060	10	1	10	10	1	1	1	-0.4	0
chr1:3770471	10	1	10	10	1	1	1	-0.4	0
chr1:4541793	10	1	10	10	1	1	1	-0.4	0
chr1:4541793	10	1	10	10	1	1	1	-0.4	0
chr1:5006412	10	1	10	10	1	1	1	-0.4	0
chr1:5138059	10	1	10	10	1	1	1	-0.4	0
chr1:5145676	10	1	10	10	1	1	1	-0.4	0
chr1:5145676	10	1	10	10	1	1	1	-0.4	0
chr1:5596273	10	1	10	10	1	1	1	-0.4	0
chr1:5596273	10	1	10	10	1	1	1	-0.4	0
chr1:5895162	10	1	10	10	1	1	1	-0.4	0
chr1:6298415	10	1	10	10	1	1	1	-0.4	0
chr1:6298415	10	1	10	10	1	1	1	-0.4	0
chr1:6456530	10	1	10	10	1	1	1	-0.4	0
chr1:6456530	10	1	10	10	1	1	1	-0.4	0
chr1:6687304	10	1	10	10	1	1	1	-0.4	0
chr1:6687304	10	1	10	10	1	1	1	-0.4	0
chr1:6731598	10	1	10	10	1	1	1	-0.4	0
chr1:6731598	10	1	10	10	1	1	1	-0.4	0
chr1:6832440	10	1	10	10	1	1	1	-0.4	0
chr1:6911516	10	1	10	10	1	1	1	-0.4	0
chr1:7270628	10	1	10	10	1	1	1	-0.4	0
chr1:7321397	10	1	10	10	1	1	1	-0.4	0
chr1:7368903	10	1	10	10	1	1	1	-0.4	0
chr1:7833041	10	1	10	10	1	1	1	-0.4	0
chr1:7833041	10	1	10	10	1	1	1	-0.4	0
chr1:8843175	10	1	10	10	1	1	1	-0.4	0
chr1:8983707	10	1	10	10	1	1	1	-0.4	0
chr1:8985000	10	1	10	10	1	1	1	-0.4	0
chr1:8985000	10	1	10	10	1	1	1	-0.4	0
chr1:9094368	10	1	10	10	1	1	1	-0.4	0
chr1:9094368	10	1	10	10	1	1	1	-0.4	0
chr1:9095450	10	1	10	10	1	1	1	-0.4	0
chr1:9095450	10	1	10	10	1	1	1	-0.4	0
chr1:9461096	10	1	10	10	1	1	1	-0.4	0
chr1:9959522	10	1	10	10	1	1	1	-0.4	0
chr1:10123292	10	1	10	10	1	1	1	-0.4	0
chr1:11227954	10	1	10	10	1	1	1	-0.4	0
chr1:11827349	10	1	10	10	1	1	1	-0.4	0
chr1:11827349	10	1	10	10	1	1	1	-0.4	0
chr1:11861053	10	1	10	10	1	1	1	-0.4	0
chr1:12041387	10	1	10	10	1	1	1	-0.4	0
chr1:13453364	10	1	10	10	1	1	1	-0.4	0
chr1:13453364	10	1	10	10	1	1	1	-0.4	0
chr1:13462846	10	1	10	10	1	1	1	-0.4	0
chr1:13462846	10	1	10	10	1	1	1	-0.4	0
chr1:15082165	10	1	10	10	1	1	1	-0.4	0
chr1:15082849	10	1	10	10	1	1	1	-0.4	0
chr1:15083718	10	1	10	10	1	1	1	-0.4	0
chr1:15083718	10	1	10	10	1	1	1	-0.4	0
chr1:15084447	10	1	10	10	1	1	1	-0.4	0
chr1:15084447	10	1	10	10	1	1	1	-0.4	0
chr1:15084864	10	1	10	10	1	1	1	-0.4	0
chr1:15084864	10	1	10	10	1	1	1	-0.4	0
chr1:15085668	10	1	10	10	1	1	1	-0.4	0
chr1:15085950	10	1	10	10	1	1	1	-0.4	0
chr1:18104936	10	1	10	10	1	1	1	-0.4	0
chr1:18323489	10	1	10	10	1	1	1	-0.4	0
chr1:18380054	10	1	10	10	1	1	1	-0.4	0
chr1:18380054	10	1	10	10	1	1	1	-0.4	0
chr1:18560495	10	1	10	10	1	1	1	-0.4	0
chr1:18560495	10	1	10	10	1	1	1	-0.4	0
chr1:18680690	10	1	10	10	1	1	1	-0.4	0
chr1:18680690	10	1	10	10	1	1	1	-0.4	0
chr1:19250950	10	1	10	10	1	1	1	-0.4	0
chr1:19250950	10	1	10	10	1	1	1	-0.4	0
chr1:19300084	10	1	10	10	1	1	1	-0.4	0
chr1:19300084	10	1	10	10	1	1	1	-0.4	0
chr1:19646017	10	1	10	10	1	1	1	-0.4	0
chr1:19698600	10	1	10	10	1	1	1	-0.4	0
chr1:19698600	10	1	10	10	1	1	1	-0.4	0
chr1:19699387	10	1	10	10	1	1	1	-0.4	0
chr1:19699387	10	1	10	10	1	1	1	-0.4	0
chr1:19831441	10	1	10	10	1	1	1	-0.4	0
chr1:19831441	10	1	10	10	1	1	1	-0.4	0
chr1:20044378	10	1	10	10	1	1	1	-0.4	0
chr1:20044378	10	1	10	10	1	1	1	-0.4	0
chr1:20210456	10	1	10	10	1	1	1	-0.4	0
chr1:20899075	10	1	10	10	1	1	1	-0.4	0
chr1:22064725	10	1	10	10	1	1	1	-0.4	0
chr1:22158724	10	1	10	10	1	1	1	-0.4	0
chr1:22158724	10	1	10	10	1	1	1	-0.4	0
chr1:22422149	10	1	10	10	1	1	1	-0.4	0
chr1:23075555	10	1	10	10	1	1	1	-0.4	0
chr1:23105360	10	1	10	10	1	1	1	-0.4	0
chr1:23787770	10	1	10	10	1	1	1	-0.4	0
chr1:24644701	10	1	10	10	1	1	1	-0.4	0
chr1:24649780	10	1	10	10	1	1	1	-0.4	0
chr1:24649780	10	1	10	10	1	1	1	-0.4	0
chr1:24766939	10	1	10	10	1	1	1	-0.4	0
chr1:24766939	10	1	10	10	1	1	1	-0.4	0
chr1:25030127	10	1	10	10	1	1	1	-0.4	0
chr1:25051542	10	1	10	10	1	1	1	-0.4	0
chr1:25051542	10	1	10	10	1	1	1	-0.4	0
chr1:25216905	10	1	10	10	1	1	1	-0.4	0
chr1:25216905	10	1	10	10	1	1	1	-0.4	0
chr1:25389798	10	1	10	10	1	1	1	-0.4	0
chr1:25879038	10	1	10	10	1	1	1	-0.4	0
chr1:25879038	10	1	10	10	1	1	1	-0.4	0
chr1:26123577	10	1	10	10	1	1	1	-0.4	0
chr1:26123577	10	1	10	10	1	1	1	-0.4	0
chr1:26541426	10	1	10	10	1	1	1	-0.4	0
chr1:27763120	10	1	10	10	1	1	1	-0.4	0
chr1:27763120	10	1	10	10	1	1	1	-0.4	0
chr1:28294272	10	1	10	10	1	1	1	-0.4	0
chr1:28294272	10	1	10	10	1	1	1	-0.4	0
chr1:28335209	10	1	10	10	1	1	1	-0.4	0
chr1:28335209	10	1	10	10	1	1	1	-0.4	0
chr1:28336932	10	1	10	10	1	1	1	-0.4	0
chr1:28336932	10	1	10	10	1	1	1	-0.4	0
chr1:28386576	10	1	10	10	1	1	1	-0.4	0
chr1:28700749	10	1	10	10	1	1	1	-0.4	0
chr1:28987754	10	1	10	10	1	1	1	-0.4	0
chr1:29066558	10	1	10	10	1	1	1	-0.4	0
chr1:29067024	10	1	10	10	1	1	1	-0.4	0
chr1:29067825	10	1	10	10	1	1	1	-0.4	0
chr1:29767005	10	1	10	10	1	1	1	-0.4	0
chr1:29767005	10	1	10	10	1	1	1	-0.4	0
chr1:29779590	10	1	10	10	1	1	1	-0.4	0
chr1:29779590	10	1	10	10	1	1	1	-0.4	0
chr1:30044447	10	1	10	10	1	1	1	-0.4	0
chr1:30288953	10	1	10	10	1	1	1	-0.4	0
chr1:30379964	10	1	10	10	1	1	1	-0.4	0
chr1:30379964	10	1	10	10	1	1	1	-0.4	0
chr2:1374	10	1	10	10	1	1	1	-0.4	0
chr2:1374	10	1	10	10	1	1	1	-0.4	0
chr2:2642	10	1	10	10	1	1	1	-0.4	0
chr2:2642	10	1	10	10	1	1	1	-0.4	0
chr2:2948	10	1	10	10	1	1	1	-0.4	0
chr2:3464	10	1	10	10	1	1	1	-0.4	0
chr2:3464	10	1	10	10	1	1	1	-0.4	0
chr2:5766	10	1	10	10	1	1	1	-0.4	0
chr2:10017	10	1	10	10	1	1	1	-0.4	0
chr2:10017	10	1	10	10	1	1	1	-0.4	0
chr2:97759	10	1	10	10	1	1	1	-0.4	0
chr2:97759	10	1	10	10	1	1	1	-0.4	0
chr2:367813	10	1	10	10	1	1	1	-0.4	0
chr2:367813	10	1	10	10	1	1	1	-0.4	0
chr2:1188829	10	1	10	10	1	1	1	-0.4	0
chr2:1188829	10	1	10	10	1	1	1	-0.4	0
chr2:2732461	10	1	10	10	1	1	1	-0.4	0
chr2:3260683	10	1	10	10	1	1	1	-0.4	0
chr2:3263454	10	1	10	10	1	1	1	-0.4	0
chr2:3264197	10	1	10	10	1	1	1	-0.4	0
chr2:3265388	10	1	10	10	1	1	1	-0.4	0
chr2:3266065	10	1	10	10	1	1	1	-0.4	0
chr2:3272173	10	1	10	10	1	1	1	-0.4	0
chr2:3275856	10	1	10	10	1	1	1	-0.4	0
chr2:3275856	10	1	10	10	1	1	1	-0.4	0
chr2:3276171	10	1	10	10	1	1	1	-0.4	0
chr2:3278802	10	1	10	10	1	1	1	-0.4	0
chr2:3278802	10	1	10	10	1	1	1	-0.4	0
chr2:3280586	10	1	10	10	1	1	1	-0.4	0
chr2:3280586	10	1	10	10	1	1	1	-0.4	0
chr2:3281736	10	1	10	10	1	1	1	-0.4	0
chr2:3283588	10	1	10	10	1	1	1	-0.4	0
chr2:3283588	10	1	10	10	1	1	1	-0.4	0
chr2:3291992	10	1	10	10	1	1	1	-0.4	0
chr2:3291992	10	1	10	10	1	1	1	-0.4	0
chr2:3294595	10	1	10	10	1	1	1	-0.4	0
chr2:3295502	10	1	10	10	1	1	1	-0.4	0
chr2:3296164	10	1	10	10	1	1	1	-0.4	0
chr2:3299423	10	1	10	10	1	1	1	-0.4	0
chr2:3303862	10	1	10	10	1	1	1	-0.4	0
chr2:3303862	10	1	10	10	1	1	1	-0.4	0
chr2:3306652	10	1	10	10	1	1	1	-0.4	0
chr2:3306652	10	1	10	10	1	1	1	-0.4	0
chr2:3313288	10	1	10	10	1	1	1	-0.4	0
chr2:3314044	10	1	10	10	1	1	1	-0.4	0
chr2:3314044	10	1	10	10	1	1	1	-0.4	0
chr2:3314672	10	1	10	10	1	1	1	-0.4	0
chr2:3314672	10	1	10	10	1	1	1	-0.4	0
chr2:3314947	10	1	10	10	1	1	1	-0.4	0
chr2:3320031	10	1	10	10	1	1	1	-0.4	0
chr2:3322002	10	1	10	10	1	1	1	-0.4	0
chr2:3322002	10	1	10	10	1	1	1	-0.4	0
chr2:3324592	10	1	10	10	1	1	1	-0.4	0
chr2:3324592	10	1	10	10	1	1	1	-0.4	0
chr2:3329619	10	1	10	10	1	1	1	-0.4	0
chr2:3330998	10	1	10	10	1	1	1	-0.4	0
chr2:3331375	10	1	10	10	1	1	1	-0.4	0
chr2:3332380	10	1	10	10	1	1	1	-0.4	0
chr2:3332380	10	1	10	10	1	1	1	-0.4	0
chr2:3333012	10	1	10	10	1	1	1	-0.4	0
chr2:3333012	10	1	10	10	1	1	1	-0.4	0
chr2:3334256	10	1	10	10	1	1	1	-0.4	0
chr2:3334256	10	1	10	10	1	1	1	-0.4	0
chr2:3334514	10	1	10	10	1	1	1	-0.4	0
chr2:3334514	10	1	10	10	1	1	1	-0.4	0
chr2:3335096	10	1	10	10	1	1	1	-0.4	0
chr2:3335096	10	1	10	10	1	1	1	-0.4	0
chr2:3335586	10	1	10	10	1	1	1	-0.4	0
chr2:3338094	10	1	10	10	1	1	1	-0.4	0
chr2:3342241	10	1	10	10	1	1	1	-0.4	0
chr2:3342796	10	1	10	10	1	1	1	-0.4	0
chr2:3342796	10	1	10	10	1	1	1	-0.4	0
chr2:3344648	10	1	10	10	1	1	1	-0.4	0
chr2:3344648	10	1	10	10	1	1	1	-0.4	0
chr2:3346699	10	1	10	10	1	1	1	-0.4	0
chr2:3349081	10	1	10	10	1	1	1	-0.4	0
chr2:3356938	10	1	10	10	1	1	1	-0.4	0
chr2:3356938	10	1	10	10	1	1	1	-0.4	0
chr2:3357597	10	1	10	10	1	1	1	-0.4	0
chr2:3359111	10	1	10	10	1	1	1	-0.4	0
chr2:3360989	10	1	10	10	1	1	1	-0.4	0
chr2:3364732	10	1	10	10	1	1	1	-0.4	0
chr2:3364732	10	1	10	10	1	1	1	-0.4	0
chr2:3365627	10	1	10	10	1	1	1	-0.4	0
chr2:3365627	10	1	10	10	1	1	1	-0.4	0
chr2:3366575	10	1	10	10	1	1	1	-0.4	0
chr2:3375210	10	1	10	10	1	1	1	-0.4	0
chr2:3376566	10	1	10	10	1	1	1	-0.4	0
chr2:3377086	10	1	10	10	1	1	1	-0.4	0
chr2:3377086	10	1	10	10	1	1	1	-0.4	0
chr2:3377706	10	1	10	10	1	1	1	-0.4	0
chr2:3377706	10	1	10	10	1	1	1	-0.4	0
chr2:3378158	10	1	10	10	1	1	1	-0.4	0
chr2:3378158	10	1	10	10	1	1	1	-0.4	0
chr2:3378658	10	1	10	10	1	1	1	-0.4	0
chr2:3378658	10	1	10	10	1	1	1	-0.4	0
chr2:3394041	10	1	10	10	1	1	1	-0.4	0
chr2:3397063	10	1	10	10	1	1	1	-0.4	0
chr2:3400278	10	1	10	10	1	1	1	-0.4	0
chr2:3400278	10	1	10	10	1	1	1	-0.4	0
chr2:3404943	10	1	10	10	1	1	1	-0.4	0
chr2:3406482	10	1	10	10	1	1	1	-0.4	0
chr2:3406482	10	1	10	10	1	1	1	-0.4	0
chr2:3411107	10	1	10	10	1	1	1	-0.4	0
chr2:3412748	10	1	10	10	1	1	1	-0.4	0
chr2:3412748	10	1	10	10	1	1	1	-0.4	0
chr2:3418757	10	1	10	10	1	1	1	-0.4	0
chr2:3434006	10	1	10	10	1	1	1	-0.4	0
chr2:3438339	10	1	10	10	1	1	1	-0.4	0
chr2:3438339	10	1	10	10	1	1	1	-0.4	0
chr2:3438679	10	1	10	10	1	1	1	-0.4	0
chr2:3438679	10	1	10	10	1	1	1	-0.4	0
chr2:3447452	10	1	10	10	1	1	1	-0.4	0
chr2:3459263	10	1	10	10	1	1	1	-0.4	0
chr2:3460418	10	1	10	10	1	1	1	-0.4	0
chr2:3460418	10	1	10	10	1	1	1	-0.4	0
chr2:3461086	10	1	10	10	1	1	1	-0.4	0
chr2:3467005	10	1	10	10	1	1	1	-0.4	0
chr2:3469369	10	1	10	10	1	1	1	-0.4	0
chr2:3474891	10	1	10	10	1	1	1	-0.4	0
chr2:3475892	10	1	10	10	1	1	1	-0.4	0
chr2:3478340	10	1	10	10	1	1	1	-0.4	0
chr2:3478340	10	1	10	10	1	1	1	-0.4	0
chr2:3482452	10	1	10	10	1	1	1	-0.4	0
chr2:3483950	10	1	10	10	1	1	1	-0.4	0
chr2:3483950	10	1	10	10	1	1	1	-0.4	0
chr2:3486087	10	1	10	10	1	1	1	-0.4	0
chr2:3486087	10	1	10	10	1	1	1	-0.4	0
chr2:3486584	10	1	10	10	1	1	1	-0.4	0
chr2:3486584	10	1	10	10	1	1	1	-0.4	0
chr2:3487576	10	1	10	10	1	1	1	-0.4	0
chr2:3488770	10	1	10	10	1	1	1	-0.4	0
chr2:3488770	10	1	10	10	1	1	1	-0.4	0
chr2:3490320	10	1	10	10	1	1	1	-0.4	0
chr2:3491078	10	1	10	10	1	1	1	-0.4	0
chr2:3491078	10	1	10	10	1	1	1	-0.4	0
chr2:3492511	10	1	10	10	1	1	1	-0.4	0
chr2:3493316	10	1	10	10	1	1	1	-0.4	0
chr2:3493316	10	1	10	10	1	1	1	-0.4	0
chr2:3497506	10	1	10	10	1	1	1	-0.4	0
chr2:3497506	10	1	10	10	1	1	1	-0.4	0
chr2:3499506	10	1	10	10	1	1	1	-0.4	0
chr2:3500865	10	1	10	10	1	1	1	-0.4	0
chr2:3500865	10	1	10	10	1	1	1	-0.4	0
chr2:3501866	10	1	10	10	1	1	1	-0.4	0
chr2:3501866	10	1	10	10	1	1	1	-0.4	0
chr2:3605886	10	1	10	10	1	1	1	-0.4	0
chr2:3606169	10	1	10	10	1	1	1	-0.4	0
chr2:3606883	10	1	10	10	1	1	1	-0.4	0
chr2:3607149	10	1	10	10	1	1	1	-0.4	0
chr2:3607756	10	1	10	10	1	1	1	-0.4	0
chr2:3615026	10	1	10	10	1	1	1	-0.4	0
chr2:3615026	10	1	10	10	1	1	1	-0.4	0
chr2:3616066	10	1	10	10	1	1	1	-0.4	0
chr2:3616066	10	1	10	10	1	1	1	-0.4	0
chr2:3616752	10	1	10	10	1	1	1	-0.4	0
chr2:3616752	10	1	10	10	1	1	1	-0.4	0
chr2:3617214	10	1	10	10	1	1	1	-0.4	0
chr2:3618138	10	1	10	10	1	1	1	-0.4	0
chr2:3619006	10	1	10	10	1	1	1	-0.4	0
chr2:3619006	10	1	10	10	1	1	1	-0.4	0
chr2:3619569	10	1	10	10	1	1	1	-0.4	0
chr2:3620739	10	1	10	10	1	1	1	-0.4	0
chr2:3621199	10	1	10	10	1	1	1	-0.4	0
chr2:3621712	10	1	10	10	1	1	1	-0.4	0
chr2:3621712	10	1	10	10	1	1	1	-0.4	0
chr2:3622597	10	1	10	10	1	1	1	-0.4	0
chr2:3622597	10	1	10	10	1	1	1	-0.4	0
chr2:3623491	10	1	10	10	1	1	1	-0.4	0
chr2:3623491	10	1	10	10	1	1	1	-0.4	0
chr2:3624630	10	1	10	10	1	1	1	-0.4	0
chr2:3624630	10	1	10	10	1	1	1	-0.4	0
chr2:3625306	10	1	10	10	1	1	1	-0.4	0
chr2:3625306	10	1	10	10	1	1	1	-0.4	0
chr2:3626344	10	1	10	10	1	1	1	-0.4	0
chr2:3626344	10	1	10	10	1	1	1	-0.4	0
chr2:3626960	10	1	10	10	1	1	1	-0.4	0
chr2:3627306	10	1	10	10	1	1	1	-0.4	0
chr2:3627306	10	1	10	10	1	1	1	-0.4	0
chr2:6894810	10	1	10	10	1	1	1	-0.4	0
chr2:6894810	10	1	10	10	1	1	1	-0.4	0
chr2:7190967	10	1	10	10	1	1	1	-0.4	0
chr2:7973627	10	1	10	10	1	1	1	-0.4	0
chr2:7975223	10	1	10	10	1	1	1	-0.4	0
chr2:8097255	10	1	10	10	1	1	1	-0.4	0
chr2:9539680	10	1	10	10	1	1	1	-0.4	0
chr2:10847214	10	1	10	10	1	1	1	-0.4	0
chr2:10847214	10	1	10	10	1	1	1	-0.4	0
chr2:10850584	10	1	10	10	1	1	1	-0.4	0
chr2:10850584	10	1	10	10	1	1	1	-0.4	0
chr2:11040368	10	1	10	10	1	1	1	-0.4	0
chr2:11548846	10	1	10	10	1	1	1	-0.4	0
chr2:11548846	10	1	10	10	1	1	1	-0.4	0
chr2:11866925	10	1	10	10	1	1	1	-0.4	0
chr2:11941353	10	1	10	10	1	1	1	-0.4	0
chr2:11941353	10	1	10	10	1	1	1	-0.4	0
chr2:12311866	10	1	10	10	1	1	1	-0.4	0
chr2:12311866	10	1	10	10	1	1	1	-0.4	0
chr2:12852867	10	1	10	10	1	1	1	-0.4	0
chr2:12874583	10	1	10	10	1	1	1	-0.4	0
chr2:12893931	10	1	10	10	1	1	1	-0.4	0
chr2:12893931	10	1	10	10	1	1	1	-0.4	0
chr2:12898339	10	1	10	10	1	1	1	-0.4	0
chr2:13824387	10	1	10	10	1	1	1	-0.4	0
chr2:13824387	10	1	10	10	1	1	1	-0.4	0
chr2:14260788	10	1	10	10	1	1	1	-0.4	0
chr2:15087569	10	1	10	10	1	1	1	-0.4	0
chr2:15151511	10	1	10	10	1	1	1	-0.4	0
chr2:15151511	10	1	10	10	1	1	1	-0.4	0
chr2:15155408	10	1	10	10	1	1	1	-0.4	0
chr2:15155408	10	1	10	10	1	1	1	-0.4	0
chr2:15375220	10	1	10	10	1	1	1	-0.4	0
chr2:15375220	10	1	10	10	1	1	1	-0.4	0
chr2:15613074	10	1	10	10	1	1	1	-0.4	0
chr2:15613074	10	1	10	10	1	1	1	-0.4	0
chr2:16440940	10	1	10	10	1	1	1	-0.4	0
chr2:16440940	10	1	10	10	1	1	1	-0.4	0
chr2:16561040	10	1	10	10	1	1	1	-0.4	0
chr2:16561040	10	1	10	10	1	1	1	-0.4	0
chr2:16690037	10	1	10	10	1	1	1	-0.4	0
chr2:16695719	10	1	10	10	1	1	1	-0.4	0
chr2:16695719	10	1	10	10	1	1	1	-0.4	0
chr2:16801742	10	1	10	10	1	1	1	-0.4	0
chr2:16801742	10	1	10	10	1	1	1	-0.4	0
chr2:16929542	10	1	10	10	1	1	1	-0.4	0
chr2:17041702	10	1	10	10	1	1	1	-0.4	0
chr2:17087402	10	1	10	10	1	1	1	-0.4	0
chr2:17087402	10	1	10	10	1	1	1	-0.4	0
chr2:17189538	10	1	10	10	1	1	1	-0.4	0
chr2:17218568	10	1	10	10	1	1	1	-0.4	0
chr2:17218568	10	1	10	10	1	1	1	-0.4	0
chr2:17839441	10	1	10	10	1	1	1	-0.4	0
chr2:17934330	10	1	10	10	1	1	1	-0.4	0
chr2:17934330	10	1	10	10	1	1	1	-0.4	0
chr2:18232838	10	1	10	10	1	1	1	-0.4	0
chr2:18232838	10	1	10	10	1	1	1	-0.4	0
chr2:18234522	10	1	10	10	1	1	1	-0.4	0
chr2:18234522	10	1	10	10	1	1	1	-0.4	0
chr2:18236912	10	1	10	10	1	1	1	-0.4	0
chr2:18236912	10	1	10	10	1	1	1	-0.4	0
chr2:18396415	10	1	10	10	1	1	1	-0.4	0
chr2:18789155	10	1	10	10	1	1	1	-0.4	0
chr2:19316402	10	1	10	10	1	1	1	-0.4	0
chr2:19316402	10	1	10	10	1	1	1	-0.4	0
chr2:19363356	10	1	10	10	1	1	1	-0.4	0
chr2:19413373	10	1	10	10	1	1	1	-0.4	0
chr2:19602462	10	1	10	10	1	1	1	-0.4	0
chr3:185346	10	1	10	10	1	1	1	-0.4	0
chr3:185346	10	1	10	10	1	1	1	-0.4	0
chr3:1066983	10	1	10	10	1	1	1	-0.4	0
chr3:1548939	10	1	10	10	1	1	1	-0.4	0
chr3:1739496	10	1	10	10	1	1	1	-0.4	0
chr3:1759422	10	1	10	10	1	1	1	-0.4	0
chr3:2349053	10	1	10	10	1	1	1	-0.4	0
chr3:3251887	10	1	10	10	1	1	1	-0.4	0
chr3:3444074	10	1	10	10	1	1	1	-0.4	0
chr3:3444074	10	1	10	10	1	1	1	-0.4	0
chr3:3502670	10	1	10	10	1	1	1	-0.4	0
chr3:3502670	10	1	10	10	1	1	1	-0.4	0
chr3:3725826	10	1	10	10	1	1	1	-0.4	0
chr3:4006481	10	1	10	10	1	1	1	-0.4	0
chr3:4006481	10	1	10	10	1	1	1	-0.4	0
chr3:4407883	10	1	10	10	1	1	1	-0.4	0
chr3:4576200	10	1	10	10	1	1	1	-0.4	0
chr3:4576200	10	1	10	10	1	1	1	-0.4	0
chr3:4740164	10	1	10	10	1	1	1	-0.4	0
chr3:4740164	10	1	10	10	1	1	1	-0.4	0
chr3:4802553	10	1	10	10	1	1	1	-0.4	0
chr3:4802553	10	1	10	10	1	1	1	-0.4	0
chr3:5234475	10	1	10	10	1	1	1	-0.4	0
chr3:5234475	10	1	10	10	1	1	1	-0.4	0
chr3:6383452	10	1	10	10	1	1	1	-0.4	0
chr3:6531936	10	1	10	10	1	1	1	-0.4	0
chr3:6531936	10	1	10	10	1	1	1	-0.4	0
chr3:6604991	10	1	10	10	1	1	1	-0.4	0
chr3:6612863	10	1	10	10	1	1	1	-0.4	0
chr3:6772435	10	1	10	10	1	1	1	-0.4	0
chr3:6772435	10	1	10	10	1	1	1	-0.4	0
chr3:6843008	10	1	10	10	1	1	1	-0.4	0
chr3:7114090	10	1	10	10	1	1	1	-0.4	0
chr3:7114090	10	1	10	10	1	1	1	-0.4	0
chr3:7160502	10	1	10	10	1	1	1	-0.4	0
chr3:7160502	10	1	10	10	1	1	1	-0.4	0
chr3:7238355	10	1	10	10	1	1	1	-0.4	0
chr3:7239026	10	1	10	10	1	1	1	-0.4	0
chr3:7240553	10	1	10	10	1	1	1	-0.4	0
chr3:7241965	10	1	10	10	1	1	1	-0.4	0
chr3:7243075	10	1	10	10	1	1	1	-0.4	0
chr3:7244492	10	1	10	10	1	1	1	-0.4	0
chr3:7244492	10	1	10	10	1	1	1	-0.4	0
chr3:7245303	10	1	10	10	1	1	1	-0.4	0
chr3:7247281	10	1	10	10	1	1	1	-0.4	0
chr3:7248101	10	1	10	10	1	1	1	-0.4	0
chr3:7248607	10	1	10	10	1	1	1	-0.4	0
chr3:7249171	10	1	10	10	1	1	1	-0.4	0
chr3:7249502	10	1	10	10	1	1	1	-0.4	0
chr3:7249986	10	1	10	10	1	1	1	-0.4	0
chr3:7250867	10	1	10	10	1	1	1	-0.4	0
chr3:7251518	10	1	10	10	1	1	1	-0.4	0
chr3:7251745	10	1	10	10	1	1	1	-0.4	0
chr3:7252871	10	1	10	10	1	1	1	-0.4	0
chr3:7256462	10	1	10	10	1	1	1	-0.4	0
chr3:7261058	10	1	10	10	1	1	1	-0.4	0
chr3:7261588	10	1	10	10	1	1	1	-0.4	0
chr3:7262188	10	1	10	10	1	1	1	-0.4	0
chr3:7262188	10	1	10	10	1	1	1	-0.4	0
chr3:7263971	10	1	10	10	1	1	1	-0.4	0
chr3:7266109	10	1	10	10	1	1	1	-0.4	0
chr3:7579973	10	1	10	10	1	1	1	-0.4	0
chr3:7579973	10	1	10	10	1	1	1	-0.4	0
chr3:7816826	10	1	10	10	1	1	1	-0.4	0
chr3:7816826	10	1	10	10	1	1	1	-0.4	0
chr3:8183011	10	1	10	10	1	1	1	-0.4	0
chr3:8183011	10	1	10	10	1	1	1	-0.4	0
chr3:8254551	10	1	10	10	1	1	1	-0.4	0
chr3:8254551	10	1	10	10	1	1	1	-0.4	0
chr3:8258021	10	1	10	10	1	1	1	-0.4	0
chr3:8258021	10	1	10	10	1	1	1	-0.4	0
chr3:8482790	10	1	10	10	1	1	1	-0.4	0
chr3:8593954	10	1	10	10	1	1	1	-0.4	0
chr3:8593954	10	1	10	10	1	1	1	-0.4	0
chr3:8822145	10	1	10	10	1	1	1	-0.4	0
chr3:9395795	10	1	10	10	1	1	1	-0.4	0
chr3:9395795	10	1	10	10	1	1	1	-0.4	0
chr3:9396411	10	1	10	10	1	1	1	-0.4	0
chr3:10591609	10	1	10	10	1	1	1	-0.4	0
chr3:11033229	10	1	10	10	1	1	1	-0.4	0
chr3:13587221	10	1	10	10	1	1	1	-0.4	0
chr3:13587692	10	1	10	10	1	1	1	-0.4	0
chr3:13587692	10	1	10	10	1	1	1	-0.4	0
chr3:13588938	10	1	10	10	1	1	1	-0.4	0
chr3:13589326	10	1	10	10	1	1	1	-0.4	0
chr3:13589326	10	1	10	10	1	1	1	-0.4	0
chr3:13590622	10	1	10	10	1	1	1	-0.4	0
chr3:13590622	10	1	10	10	1	1	1	-0.4	0
chr3:13590864	10	1	10	10	1	1	1	-0.4	0
chr3:13590864	10	1	10	10	1	1	1	-0.4	0
chr3:13591708	10	1	10	10	1	1	1	-0.4	0
chr3:13591708	10	1	10	10	1	1	1	-0.4	0
chr3:13592037	10	1	10	10	1	1	1	-0.4	0
chr3:13592037	10	1	10	10	1	1	1	-0.4	0
chr3:13709821	10	1	10	10	1	1	1	-0.4	0
chr3:14194360	10	1	10	10	1	1	1	-0.4	0
chr3:14194360	10	1	10	10	1	1	1	-0.4	0
chr3:14196049	10	1	10	10	1	1	1	-0.4	0
chr3:14196049	10	1	10	10	1	1	1	-0.4	0
chr3:14196569	10	1	10	10	1	1	1	-0.4	0
chr3:14196569	10	1	10	10	1	1	1	-0.4	0
chr3:14196919	10	1	10	10	1	1	1	-0.4	0
chr3:14196919	10	1	10	10	1	1	1	-0.4	0
chr3:14197398	10	1	10	10	1	1	1	-0.4	0
chr3:14197398	10	1	10	10	1	1	1	-0.4	0
chr3:14198165	10	1	10	10	1	1	1	-0.4	0
chr3:14199003	10	1	10	10	1	1	1	-0.4	0
chr3:14199654	10	1	10	10	1	1	1	-0.4	0
chr3:14199654	10	1	10	10	1	1	1	-0.4	0
chr3:14200078	10	1	10	10	1	1	1	-0.4	0
chr3:14200078	10	1	10	10	1	1	1	-0.4	0
chr3:14201059	10	1	10	10	1	1	1	-0.4	0
chr3:14201702	10	1	10	10	1	1	1	-0.4	0
chr3:14201702	10	1	10	10	1	1	1	-0.4	0
chr3:14202140	10	1	10	10	1	1	1	-0.4	0
chr3:14202140	10	1	10	10	1	1	1	-0.4	0
chr3:14202813	10	1	10	10	1	1	1	-0.4	0
chr3:14208296	10	1	10	10	1	1	1	-0.4	0
chr3:14208296	10	1	10	10	1	1	1	-0.4	0
chr3:16668846	10	1	10	10	1	1	1	-0.4	0
chr3:16788386	10	1	10	10	1	1	1	-0.4	0
chr3:17009276	10	1	10	10	1	1	1	-0.4	0
chr3:17009276	10	1	10	10	1	1	1	-0.4	0
chr3:17178146	10	1	10	10	1	1	1	-0.4	0
chr3:17178146	10	1	10	10	1	1	1	-0.4	0
chr3:17248802	10	1	10	10	1	1	1	-0.4	0
chr3:17509356	10	1	10	10	1	1	1	-0.4	0
chr3:18158752	10	1	10	10	1	1	1	-0.4	0
chr3:18158752	10	1	10	10	1	1	1	-0.4	0
chr3:19406933	10	1	10	10	1	1	1	-0.4	0
chr3:19742086	10	1	10	10	1	1	1	-0.4	0
chr3:19742086	10	1	10	10	1	1	1	-0.4	0
chr3:20195130	10	1	10	10	1	1	1	-0.4	0
chr3:21106089	10	1	10	10	1	1	1	-0.4	0
chr3:21262714	10	1	10	10	1	1	1	-0.4	0
chr3:21737107	10	1	10	10	1	1	1	-0.4	0
chr3:22129513	10	1	10	10	1	1	1	-0.4	0
chr3:22129513	10	1	10	10	1	1	1	-0.4	0
chr3:22249103	10	1	10	10	1	1	1	-0.4	0
chr3:22364654	10	1	10	10	1	1	1	-0.4	0
chr3:22364654	10	1	10	10	1	1	1	-0.4	0
chr3:22371311	10	1	10	10	1	1	1	-0.4	0
chr3:22371311	10	1	10	10	1	1	1	-0.4	0
chr3:22735780	10	1	10	10	1	1	1	-0.4	0
chr3:22735780	10	1	10	10	1	1	1	-0.4	0
chr3:22807468	10	1	10	10	1	1	1	-0.4	0
chr3:22991224	10	1	10	10	1	1	1	-0.4	0
chr3:23287507	10	1	10	10	1	1	1	-0.4	0
chr3:23287507	10	1	10	10	1	1	1	-0.4	0
chr3:23348655	10	1	10	10	1	1	1	-0.4	0
chr3:23348655	10	1	10	10	1	1	1	-0.4	0
chr4:299281	10	1	10	10	1	1	1	-0.4	0
chr4:299281	10	1	10	10	1	1	1	-0.4	0
chr4:1203854	10	1	10	10	1	1	1	-0.4	0
chr4:1203854	10	1	10	10	1	1	1	-0.4	0
chr4:1444450	10	1	10	10	1	1	1	-0.4	0
chr4:1444450	10	1	10	10	1	1	1	-0.4	0
chr4:3054333	10	1	10	10	1	1	1	-0.4	0
chr4:3061272	10	1	10	10	1	1	1	-0.4	0
chr4:3950615	10	1	10	10	1	1	1	-0.4	0
chr4:3951040	10	1	10	10	1	1	1	-0.4	0
chr4:3951040	10	1	10	10	1	1	1	-0.4	0
chr4:3951912	10	1	10	10	1	1	1	-0.4	0
chr4:3951912	10	1	10	10	1	1	1	-0.4	0
chr4:3952179	10	1	10	10	1	1	1	-0.4	0
chr4:3952974	10	1	10	10	1	1	1	-0.4	0
chr4:3952974	10	1	10	10	1	1	1	-0.4	0
chr4:3953568	10	1	10	10	1	1	1	-0.4	0
chr4:3953568	10	1	10	10	1	1	1	-0.4	0
chr4:3954754	10	1	10	10	1	1	1	-0.4	0
chr4:3955350	10	1	10	10	1	1	1	-0.4	0
chr4:3955350	10	1	10	10	1	1	1	-0.4	0
chr4:3955864	10	1	10	10	1	1	1	-0.4	0
chr4:3965727	10	1	10	10	1	1	1	-0.4	0
chr4:3965727	10	1	10	10	1	1	1	-0.4	0
chr4:3966560	10	1	10	10	1	1	1	-0.4	0
chr4:3966560	10	1	10	10	1	1	1	-0.4	0
chr4:3968367	10	1	10	10	1	1	1	-0.4	0
chr4:3968367	10	1	10	10	1	1	1	-0.4	0
chr4:3969230	10	1	10	10	1	1	1	-0.4	0
chr4:3972710	10	1	10	10	1	1	1	-0.4	0
chr4:3974760	10	1	10	10	1	1	1	-0.4	0
chr4:3976636	10	1	10	10	1	1	1	-0.4	0
chr4:3977740	10	1	10	10	1	1	1	-0.4	0
chr4:3977740	10	1	10	10	1	1	1	-0.4	0
chr4:3978110	10	1	10	10	1	1	1	-0.4	0
chr4:3978694	10	1	10	10	1	1	1	-0.4	0
chr4:3978917	10	1	10	10	1	1	1	-0.4	0
chr4:3979443	10	1	10	10	1	1	1	-0.4	0
chr4:3979443	10	1	10	10	1	1	1	-0.4	0
chr4:3982518	10	1	10	10	1	1	1	-0.4	0
chr4:3982518	10	1	10	10	1	1	1	-0.4	0
chr4:3983419	10	1	10	10	1	1	1	-0.4	0
chr4:3984442	10	1	10	10	1	1	1	-0.4	0
chr4:3985485	10	1	10	10	1	1	1	-0.4	0
chr4:3986136	10	1	10	10	1	1	1	-0.4	0
chr4:3987518	10	1	10	10	1	1	1	-0.4	0
chr4:3987518	10	1	10	10	1	1	1	-0.4	0
chr4:3998268	10	1	10	10	1	1	1	-0.4	0
chr4:4000758	10	1	10	10	1	1	1	-0.4	0
chr4:4001201	10	1	10	10	1	1	1	-0.4	0
chr4:4002282	10	1	10	10	1	1	1	-0.4	0
chr4:4004055	10	1	10	10	1	1	1	-0.4	0
chr4:4005965	10	1	10	10	1	1	1	-0.4	0
chr4:4006286	10	1	10	10	1	1	1	-0.4	0
chr4:4007307	10	1	10	10	1	1	1	-0.4	0
chr4:4009814	10	1	10	10	1	1	1	-0.4	0
chr4:4009814	10	1	10	10	1	1	1	-0.4	0
chr4:4010245	10	1	10	10	1	1	1	-0.4	0
chr4:4011190	10	1	10	10	1	1	1	-0.4	0
chr4:4011627	10	1	10	10	1	1	1	-0.4	0
chr4:4011627	10	1	10	10	1	1	1	-0.4	0
chr4:4070160	10	1	10	10	1	1	1	-0.4	0
chr4:4070160	10	1	10	10	1	1	1	-0.4	0
chr4:5736664	10	1	10	10	1	1	1	-0.4	0
chr4:5736664	10	1	10	10	1	1	1	-0.4	0
chr4:5833612	10	1	10	10	1	1	1	-0.4	0
chr4:5833612	10	1	10	10	1	1	1	-0.4	0
chr4:6909984	10	1	10	10	1	1	1	-0.4	0
chr4:6909984	10	1	10	10	1	1	1	-0.4	0
chr4:7613279	10	1	10	10	1	1	1	-0.4	0
chr4:7613279	10	1	10	10	1	1	1	-0.4	0
chr4:7787588	10	1	10	10	1	1	1	-0.4	0
chr4:7946802	10	1	10	10	1	1	1	-0.4	0
chr4:7946802	10	1	10	10	1	1	1	-0.4	0
chr4:8100479	10	1	10	10	1	1	1	-0.4	0
chr4:8100479	10	1	10	10	1	1	1	-0.4	0
chr4:8538174	10	1	10	10	1	1	1	-0.4	0
chr4:8541813	10	1	10	10	1	1	1	-0.4	0
chr4:8541813	10	1	10	10	1	1	1	-0.4	0
chr4:8875586	10	1	10	10	1	1	1	-0.4	0
chr4:8875586	10	1	10	10	1	1	1	-0.4	0
chr4:8879552	10	1	10	10	1	1	1	-0.4	0
chr4:8879552	10	1	10	10	1	1	1	-0.4	0
chr4:9147479	10	1	10	10	1	1	1	-0.4	0
chr4:9759217	10	1	10	10	1	1	1	-0.4	0
chr4:9759217	10	1	10	10	1	1	1	-0.4	0
chr4:9817860	10	1	10	10	1	1	1	-0.4	0
chr4:9817860	10	1	10	10	1	1	1	-0.4	0
chr4:10191496	10	1	10	10	1	1	1	-0.4	0
chr4:10191496	10	1	10	10	1	1	1	-0.4	0
chr4:10275304	10	1	10	10	1	1	1	-0.4	0
chr4:10275304	10	1	10	10	1	1	1	-0.4	0
chr4:10718032	10	1	10	10	1	1	1	-0.4	0
chr4:11842061	10	1	10	10	1	1	1	-0.4	0
chr4:12086772	10	1	10	10	1	1	1	-0.4	0
chr4:12270832	10	1	10	10	1	1	1	-0.4	0
chr4:12270832	10	1	10	10	1	1	1	-0.4	0
chr4:12396136	10	1	10	10	1	1	1	-0.4	0
chr4:12936775	10	1	10	10	1	1	1	-0.4	0
chr4:13223668	10	1	10	10	1	1	1	-0.4	0
chr4:13223668	10	1	10	10	1	1	1	-0.4	0
chr4:13658068	10	1	10	10	1	1	1	-0.4	0
chr4:13674294	10	1	10	10	1	1	1	-0.4	0
chr4:13674294	10	1	10	10	1	1	1	-0.4	0
chr4:13677154	10	1	10	10	1	1	1	-0.4	0
chr4:13677154	10	1	10	10	1	1	1	-0.4	0
chr4:13998495	10	1	10	10	1	1	1	-0.4	0
chr4:14780374	10	1	10	10	1	1	1	-0.4	0
chr4:14970668	10	1	10	10	1	1	1	-0.4	0
chr4:15417665	10	1	10	10	1	1	1	-0.4	0
chr4:15417665	10	1	10	10	1	1	1	-0.4	0
chr4:16455203	10	1	10	10	1	1	1	-0.4	0
chr4:16455203	10	1	10	10	1	1	1	-0.4	0
chr4:16498370	10	1	10	10	1	1	1	-0.4	0
chr4:16498370	10	1	10	10	1	1	1	-0.4	0
chr4:16927600	10	1	10	10	1	1	1	-0.4	0
chr4:17520350	10	1	10	10	1	1	1	-0.4	0
chr4:17652244	10	1	10	10	1	1	1	-0.4	0
chr4:17652244	10	1	10	10	1	1	1	-0.4	0
chr4:17657743	10	1	10	10	1	1	1	-0.4	0
chr4:17732400	10	1	10	10	1	1	1	-0.4	0
chr4:17732400	10	1	10	10	1	1	1	-0.4	0
chr4:17997165	10	1	10	10	1	1	1	-0.4	0
chr4:17997165	10	1	10	10	1	1	1	-0.4	0
chr4:18573609	10	1	10	10	1	1	1	-0.4	0
chr5:81206	10	1	10	10	1	1	1	-0.4	0
chr5:81206	10	1	10	10	1	1	1	-0.4	0
chr5:84434	10	1	10	10	1	1	1	-0.4	0
chr5:389045	10	1	10	10	1	1	1	-0.4	0
chr5:448873	10	1	10	10	1	1	1	-0.4	0
chr5:545266	10	1	10	10	1	1	1	-0.4	0
chr5:623302	10	1	10	10	1	1	1	-0.4	0
chr5:623302	10	1	10	10	1	1	1	-0.4	0
chr5:624658	10	1	10	10	1	1	1	-0.4	0
chr5:624658	10	1	10	10	1	1	1	-0.4	0
chr5:785531	10	1	10	10	1	1	1	-0.4	0
chr5:785531	10	1	10	10	1	1	1	-0.4	0
chr5:801004	10	1	10	10	1	1	1	-0.4	0
chr5:801004	10	1	10	10	1	1	1	-0.4	0
chr5:940596	10	1	10	10	1	1	1	-0.4	0
chr5:941506	10	1	10	10	1	1	1	-0.4	0
chr5:941506	10	1	10	10	1	1	1	-0.4	0
chr5:980727	10	1	10	10	1	1	1	-0.4	0
chr5:980727	10	1	10	10	1	1	1	-0.4	0
chr5:980973	10	1	10	10	1	1	1	-0.4	0
chr5:980973	10	1	10	10	1	1	1	-0.4	0
chr5:1025244	10	1	10	10	1	1	1	-0.4	0
chr5:1609022	10	1	10	10	1	1	1	-0.4	0
chr5:1765341	10	1	10	10	1	1	1	-0.4	0
chr5:1769367	10	1	10	10	1	1	1	-0.4	0
chr5:1769367	10	1	10	10	1	1	1	-0.4	0
chr5:2658824	10	1	10	10	1	1	1	-0.4	0
chr5:2658824	10	1	10	10	1	1	1	-0.4	0
chr5:2861800	10	1	10	10	1	1	1	-0.4	0
chr5:2861800	10	1	10	10	1	1	1	-0.4	0
chr5:3065767	10	1	10	10	1	1	1	-0.4	0
chr5:3163234	10	1	10	10	1	1	1	-0.4	0
chr5:3253180	10	1	10	10	1	1	1	-0.4	0
chr5:3253180	10	1	10	10	1	1	1	-0.4	0
chr5:3463253	10	1	10	10	1	1	1	-0.4	0
chr5:3527594	10	1	10	10	1	1	1	-0.4	0
chr5:3932602	10	1	10	10	1	1	1	-0.4	0
chr5:3932602	10	1	10	10	1	1	1	-0.4	0
chr5:4193723	10	1	10	10	1	1	1	-0.4	0
chr5:4272642	10	1	10	10	1	1	1	-0.4	0
chr5:4272642	10	1	10	10	1	1	1	-0.4	0
chr5:4337726	10	1	10	10	1	1	1	-0.4	0
chr5:4484933	10	1	10	10	1	1	1	-0.4	0
chr5:4825461	10	1	10	10	1	1	1	-0.4	0
chr5:4825461	10	1	10	10	1	1	1	-0.4	0
chr5:5418912	10	1	10	10	1	1	1	-0.4	0
chr5:5418912	10	1	10	10	1	1	1	-0.4	0
chr5:5902332	10	1	10	10	1	1	1	-0.4	0
chr5:6127070	10	1	10	10	1	1	1	-0.4	0
chr5:6127070	10	1	10	10	1	1	1	-0.4	0
chr5:6225330	10	1	10	10	1	1	1	-0.4	0
chr5:7372089	10	1	10	10	1	1	1	-0.4	0
chr5:7382555	10	1	10	10	1	1	1	-0.4	0
chr5:7382555	10	1	10	10	1	1	1	-0.4	0
chr5:7464390	10	1	10	10	1	1	1	-0.4	0
chr5:7464390	10	1	10	10	1	1	1	-0.4	0
chr5:7464887	10	1	10	10	1	1	1	-0.4	0
chr5:7481618	10	1	10	10	1	1	1	-0.4	0
chr5:8124774	10	1	10	10	1	1	1	-0.4	0
chr5:8124774	10	1	10	10	1	1	1	-0.4	0
chr5:8498540	10	1	10	10	1	1	1	-0.4	0
chr5:8498540	10	1	10	10	1	1	1	-0.4	0
chr5:8706055	10	1	10	10	1	1	1	-0.4	0
chr5:8711226	10	1	10	10	1	1	1	-0.4	0
chr5:8711226	10	1	10	10	1	1	1	-0.4	0
chr5:8777460	10	1	10	10	1	1	1	-0.4	0
chr5:8777460	10	1	10	10	1	1	1	-0.4	0
chr5:8797143	10	1	10	10	1	1	1	-0.4	0
chr5:8797143	10	1	10	10	1	1	1	-0.4	0
chr5:8798342	10	1	10	10	1	1	1	-0.4	0
chr5:8798342	10	1	10	10	1	1	1	-0.4	0
chr5:8799372	10	1	10	10	1	1	1	-0.4	0
chr5:8799372	10	1	10	10	1	1	1	-0.4	0
chr5:8868971	10	1	10	10	1	1	1	-0.4	0
chr5:9164971	10	1	10	10	1	1	1	-0.4	0
chr5:9496004	10	1	10	10	1	1	1	-0.4	0
chr5:9631405	10	1	10	10	1	1	1	-0.4	0
chr5:9631405	10	1	10	10	1	1	1	-0.4	0
chr5:11185058	10	1	10	10	1	1	1	-0.4	0
chr5:11185058	10	1	10	10	1	1	1	-0.4	0
chr5:11702394	10	1	10	10	1	1	1	-0.4	0
chr5:11702394	10	1	10	10	1	1	1	-0.4	0
chr5:11703039	10	1	10	10	1	1	1	-0.4	0
chr5:11704100	10	1	10	10	1	1	1	-0.4	0
chr5:11705352	10	1	10	10	1	1	1	-0.4	0
chr5:11705352	10	1	10	10	1	1	1	-0.4	0
chr5:11708367	10	1	10	10	1	1	1	-0.4	0
chr5:11723691	10	1	10	10	1	1	1	-0.4	0
chr5:11723691	10	1	10	10	1	1	1	-0.4	0
chr5:11724477	10	1	10	10	1	1	1	-0.4	0
chr5:11726512	10	1	10	10	1	1	1	-0.4	0
chr5:11726935	10	1	10	10	1	1	1	-0.4	0
chr5:11727144	10	1	10	10	1	1	1	-0.4	0
chr5:11727791	10	1	10	10	1	1	1	-0.4	0
chr5:11727791	10	1	10	10	1	1	1	-0.4	0
chr5:11728661	10	1	10	10	1	1	1	-0.4	0
chr5:11729725	10	1	10	10	1	1	1	-0.4	0
chr5:11730488	10	1	10	10	1	1	1	-0.4	0
chr5:11730488	10	1	10	10	1	1	1	-0.4	0
chr5:11731529	10	1	10	10	1	1	1	-0.4	0
chr5:11731529	10	1	10	10	1	1	1	-0.4	0
chr5:11732078	10	1	10	10	1	1	1	-0.4	0
chr5:11732341	10	1	10	10	1	1	1	-0.4	0
chr5:11732593	10	1	10	10	1	1	1	-0.4	0
chr5:11733141	10	1	10	10	1	1	1	-0.4	0
chr5:11733768	10	1	10	10	1	1	1	-0.4	0
chr5:11734876	10	1	10	10	1	1	1	-0.4	0
chr5:11734876	10	1	10	10	1	1	1	-0.4	0
chr5:11735225	10	1	10	10	1	1	1	-0.4	0
chr5:11736050	10	1	10	10	1	1	1	-0.4	0
chr5:11736050	10	1	10	10	1	1	1	-0.4	0
chr5:12886688	10	1	10	10	1	1	1	-0.4	0
chr5:15602358	10	1	10	10	1	1	1	-0.4	0
chr5:15602358	10	1	10	10	1	1	1	-0.4	0
chr5:16385220	10	1	10	10	1	1	1	-0.4	0
chr5:17550166	10	1	10	10	1	1	1	-0.4	0
chr5:17550166	10	1	10	10	1	1	1	-0.4	0
chr5:17551964	10	1	10	10	1	1	1	-0.4	0
chr5:17551964	10	1	10	10	1	1	1	-0.4	0
chr5:17829045	10	1	10	10	1	1	1	-0.4	0
chr5:17829045	10	1	10	10	1	1	1	-0.4	0
chr5:17913429	10	1	10	10	1	1	1	-0.4	0
chr5:18080807	10	1	10	10	1	1	1	-0.4	0
chr5:18215758	10	1	10	10	1	1	1	-0.4	0
chr5:18215758	10	1	10	10	1	1	1	-0.4	0
chr5:18221423	10	1	10	10	1	1	1	-0.4	0
chr5:18589729	10	1	10	10	1	1	1	-0.4	0
chr5:18790503	10	1	10	10	1	1	1	-0.4	0
chr5:18791506	10	1	10	10	1	1	1	-0.4	0
chr5:18791506	10	1	10	10	1	1	1	-0.4	0
chr5:18949667	10	1	10	10	1	1	1	-0.4	0
chr5:19173430	10	1	10	10	1	1	1	-0.4	0
chr5:19173430	10	1	10	10	1	1	1	-0.4	0
chr5:19539055	10	1	10	10	1	1	1	-0.4	0
chr5:19545312	10	1	10	10	1	1	1	-0.4	0
chr5:19545312	10	1	10	10	1	1	1	-0.4	0
chr5:19681346	10	1	10	10	1	1	1	-0.4	0
chr5:19907106	10	1	10	10	1	1	1	-0.4	0
chr5:20191900	10	1	10	10	1	1	1	-0.4	0
chr5:20191900	10	1	10	10	1	1	1	-0.4	0
chr5:20490175	10	1	10	10	1	1	1	-0.4	0
chr5:20490777	10	1	10	10	1	1	1	-0.4	0
chr5:21485391	10	1	10	10	1	1	1	-0.4	0
chr5:21603480	10	1	10	10	1	1	1	-0.4	0
chr5:21794362	10	1	10	10	1	1	1	-0.4	0
chr5:21794362	10	1	10	10	1	1	1	-0.4	0
chr5:21819622	10	1	10	10	1	1	1	-0.4	0
chr5:21913182	10	1	10	10	1	1	1	-0.4	0
chr5:22015392	10	1	10	10	1	1	1	-0.4	0
chr5:22015392	10	1	10	10	1	1	1	-0.4	0
chr5:22758484	10	1	10	10	1	1	1	-0.4	0
chr5:22758484	10	1	10	10	1	1	1	-0.4	0
chr5:23086110	10	1	10	10	1	1	1	-0.4	0
chr5:23086110	10	1	10	10	1	1	1	-0.4	0
chr5:23221746	10	1	10	10	1	1	1	-0.4	0
chr5:23221746	10	1	10	10	1	1	1	-0.4	0
chr5:23312960	10	1	10	10	1	1	1	-0.4	0
chr5:23377929	10	1	10	10	1	1	1	-0.4	0
chr5:23388700	10	1	10	10	1	1	1	-0.4	0
chr5:23388700	10	1	10	10	1	1	1	-0.4	0
chr5:23400520	10	1	10	10	1	1	1	-0.4	0
chr5:23400520	10	1	10	10	1	1	1	-0.4	0
chr5:23997757	10	1	10	10	1	1	1	-0.4	0
chr5:24382722	10	1	10	10	1	1	1	-0.4	0
chr5:24382722	10	1	10	10	1	1	1	-0.4	0
chr5:24384366	10	1	10	10	1	1	1	-0.4	0
chr5:24709995	10	1	10	10	1	1	1	-0.4	0
chr5:24709995	10	1	10	10	1	1	1	-0.4	0
chr5:24903550	10	1	10	10	1	1	1	-0.4	0
chr5:24903550	10	1	10	10	1	1	1	-0.4	0
chr5:25015620	10	1	10	10	1	1	1	-0.4	0
chr5:25015620	10	1	10	10	1	1	1	-0.4	0
chr5:25484655	10	1	10	10	1	1	1	-0.4	0
chr5:25528099	10	1	10	10	1	1	1	-0.4	0
chr5:25841366	10	1	10	10	1	1	1	-0.4	0
chr5:25841366	10	1	10	10	1	1	1	-0.4	0
chr5:26447364	10	1	10	10	1	1	1	-0.4	0
chr5:26447364	10	1	10	10	1	1	1	-0.4	0
chr5:26752444	10	1	10	10	1	1	1	-0.4	0
chr5:26762731	10	1	10	10	1	1	1	-0.4	0
