Position	IP	Control	Fold	Expectd	Q_-lg10	P_-lg10	P_poiss	IPvsEMP	Noise
chr1:20572	10	1	10	10	1	1	1	-0.4	0
chr1:60758	10	1	10	10	1	1	1	-0.4	0
chr1:118488	10	1	10	10	1	1	1	-0.4	0
chr1:146262	10	1	10	10	1	1	1	-0.4	0
chr1:146262	10	1	10	10	1	1	1	-0.4	0
chr1:182330	10	1	10	10	1	1	1	-0.4	0
chr1:182330	10	1	10	10	1	1	1	-0.4	0
chr1:183512	10	1	10	10	1	1	1	-0.4	0
chr1:207755	10	1	10	10	1	1	1	-0.4	0
chr1:237763	10	1	10	10	1	1	1	-0.4	0
chr1:282462	10	1	10	10	1	1	1	-0.4	0
chr1:368525	10	1	10	10	1	1	1	-0.4	0
chr1:420219	10	1	10	10	1	1	1	-0.4	0
chr1:468986	10	1	10	10	1	1	1	-0.4	0
chr1:485196	10	1	10	10	1	1	1	-0.4	0
chr1:485196	10	1	10	10	1	1	1	-0.4	0
chr1:485686	10	1	10	10	1	1	1	-0.4	0
chr1:488418	10	1	10	10	1	1	1	-0.4	0
chr1:559631	10	1	10	10	1	1	1	-0.4	0
chr1:559631	10	1	10	10	1	1	1	-0.4	0
chr1:617391	10	1	10	10	1	1	1	-0.4	0
chr1:930811	10	1	10	10	1	1	1	-0.4	0
chr1:933527	10	1	10	10	1	1	1	-0.4	0
chr1:953131	10	1	10	10	1	1	1	-0.4	0
chr1:956691	10	1	10	10	1	1	1	-0.4	0
chr1:1101992	10	1	10	10	1	1	1	-0.4	0
chr1:1123102	10	1	10	10	1	1	1	-0.4	0
chr1:1123747	10	1	10	10	1	1	1	-0.4	0
chr1:1157863	10	1	10	10	1	1	1	-0.4	0
chr1:1157863	10	1	10	10	1	1	1	-0.4	0
chr1:1173139	10	1	10	10	1	1	1	-0.4	0
chr1:1188710	10	1	10	10	1	1	1	-0.4	0
chr1:1434812	10	1	10	10	1	1	1	-0.4	0
chr1:1481110	10	1	10	10	1	1	1	-0.4	0
chr1:1481110	10	1	10	10	1	1	1	-0.4	0
chr1:1647208	10	1	10	10	1	1	1	-0.4	0
chr1:1761932	10	1	10	10	1	1	1	-0.4	0
chr1:1838226	10	1	10	10	1	1	1	-0.4	0
chr1:1841060	10	1	10	10	1	1	1	-0.4	0
chr1:1841060	10	1	10	10	1	1	1	-0.4	0
chr1:1841602	10	1	10	10	1	1	1	-0.4	0
chr1:1843331	10	1	10	10	1	1	1	-0.4	0
chr1:1878809	10	1	10	10	1	1	1	-0.4	0
chr1:1879546	10	1	10	10	1	1	1	-0.4	0
chr1:1882708	10	1	10	10	1	1	1	-0.4	0
chr1:2103480	10	1	10	10	1	1	1	-0.4	0
chr1:2196639	10	1	10	10	1	1	1	-0.4	0
chr1:2285297	10	1	10	10	1	1	1	-0.4	0
chr1:2286091	10	1	10	10	1	1	1	-0.4	0
chr1:2351680	10	1	10	10	1	1	1	-0.4	0
chr1:2530402	10	1	10	10	1	1	1	-0.4	0
chr1:2614503	10	1	10	10	1	1	1	-0.4	0
chr1:2690256	10	1	10	10	1	1	1	-0.4	0
chr1:2690256	10	1	10	10	1	1	1	-0.4	0
chr1:2690814	10	1	10	10	1	1	1	-0.4	0
chr1:2695236	10	1	10	10	1	1	1	-0.4	0
chr1:2695236	10	1	10	10	1	1	1	-0.4	0
chr1:2862922	10	1	10	10	1	1	1	-0.4	0
chr1:2862922	10	1	10	10	1	1	1	-0.4	0
chr1:2870783	10	1	10	10	1	1	1	-0.4	0
chr1:2873323	10	1	10	10	1	1	1	-0.4	0
chr1:2991373	10	1	10	10	1	1	1	-0.4	0
chr1:3008637	10	1	10	10	1	1	1	-0.4	0
chr1:3072608	10	1	10	10	1	1	1	-0.4	0
chr1:3072608	10	1	10	10	1	1	1	-0.4	0
chr1:3075664	10	1	10	10	1	1	1	-0.4	0
chr1:3076668	10	1	10	10	1	1	1	-0.4	0
chr1:3076668	10	1	10	10	1	1	1	-0.4	0
chr1:3081298	10	1	10	10	1	1	1	-0.4	0
chr1:3100855	10	1	10	10	1	1	1	-0.4	0
chr1:3100855	10	1	10	10	1	1	1	-0.4	0
chr1:3249176	10	1	10	10	1	1	1	-0.4	0
chr1:3283782	10	1	10	10	1	1	1	-0.4	0
chr1:3283782	10	1	10	10	1	1	1	-0.4	0
chr1:3306329	10	1	10	10	1	1	1	-0.4	0
chr1:3307478	10	1	10	10	1	1	1	-0.4	0
chr1:3307478	10	1	10	10	1	1	1	-0.4	0
chr1:3324604	10	1	10	10	1	1	1	-0.4	0
chr1:3324604	10	1	10	10	1	1	1	-0.4	0
chr1:3421386	10	1	10	10	1	1	1	-0.4	0
chr1:3441040	10	1	10	10	1	1	1	-0.4	0
chr1:3441040	10	1	10	10	1	1	1	-0.4	0
chr1:3449544	10	1	10	10	1	1	1	-0.4	0
chr1:3480002	10	1	10	10	1	1	1	-0.4	0
chr1:3526347	10	1	10	10	1	1	1	-0.4	0
chr1:3571002	10	1	10	10	1	1	1	-0.4	0
chr1:3571002	10	1	10	10	1	1	1	-0.4	0
chr1:3749028	10	1	10	10	1	1	1	-0.4	0
chr1:3770499	10	1	10	10	1	1	1	-0.4	0
chr1:3770499	10	1	10	10	1	1	1	-0.4	0
chr1:3776631	10	1	10	10	1	1	1	-0.4	0
chr1:3810162	10	1	10	10	1	1	1	-0.4	0
chr1:4066993	10	1	10	10	1	1	1	-0.4	0
chr1:4086521	10	1	10	10	1	1	1	-0.4	0
chr1:4086521	10	1	10	10	1	1	1	-0.4	0
chr1:4107131	10	1	10	10	1	1	1	-0.4	0
chr1:4247098	10	1	10	10	1	1	1	-0.4	0
chr1:4282251	10	1	10	10	1	1	1	-0.4	0
chr1:4316428	10	1	10	10	1	1	1	-0.4	0
chr1:4316428	10	1	10	10	1	1	1	-0.4	0
chr1:4340849	10	1	10	10	1	1	1	-0.4	0
chr1:4458986	10	1	10	10	1	1	1	-0.4	0
chr1:4463765	10	1	10	10	1	1	1	-0.4	0
chr1:4523420	10	1	10	10	1	1	1	-0.4	0
chr1:4527600	10	1	10	10	1	1	1	-0.4	0
chr1:4531272	10	1	10	10	1	1	1	-0.4	0
chr1:4533001	10	1	10	10	1	1	1	-0.4	0
chr1:4538836	10	1	10	10	1	1	1	-0.4	0
chr1:4541790	10	1	10	10	1	1	1	-0.4	0
chr1:4541790	10	1	10	10	1	1	1	-0.4	0
chr1:4580049	10	1	10	10	1	1	1	-0.4	0
chr1:4591140	10	1	10	10	1	1	1	-0.4	0
chr1:4647796	10	1	10	10	1	1	1	-0.4	0
chr1:4760325	10	1	10	10	1	1	1	-0.4	0
chr1:4775390	10	1	10	10	1	1	1	-0.4	0
chr1:4811161	10	1	10	10	1	1	1	-0.4	0
chr1:4877416	10	1	10	10	1	1	1	-0.4	0
chr1:4944591	10	1	10	10	1	1	1	-0.4	0
chr1:4977200	10	1	10	10	1	1	1	-0.4	0
chr1:5006492	10	1	10	10	1	1	1	-0.4	0
chr1:5006492	10	1	10	10	1	1	1	-0.4	0
chr1:5066339	10	1	10	10	1	1	1	-0.4	0
chr1:5091772	10	1	10	10	1	1	1	-0.4	0
chr1:5124132	10	1	10	10	1	1	1	-0.4	0
chr1:5126470	10	1	10	10	1	1	1	-0.4	0
chr1:5131451	10	1	10	10	1	1	1	-0.4	0
chr1:5136935	10	1	10	10	1	1	1	-0.4	0
chr1:5138043	10	1	10	10	1	1	1	-0.4	0
chr1:5138043	10	1	10	10	1	1	1	-0.4	0
chr1:5145748	10	1	10	10	1	1	1	-0.4	0
chr1:5145748	10	1	10	10	1	1	1	-0.4	0
chr1:5151467	10	1	10	10	1	1	1	-0.4	0
chr1:5386468	10	1	10	10	1	1	1	-0.4	0
chr1:5423658	10	1	10	10	1	1	1	-0.4	0
chr1:5596266	10	1	10	10	1	1	1	-0.4	0
chr1:5596266	10	1	10	10	1	1	1	-0.4	0
chr1:5890968	10	1	10	10	1	1	1	-0.4	0
chr1:5895273	10	1	10	10	1	1	1	-0.4	0
chr1:5928809	10	1	10	10	1	1	1	-0.4	0
chr1:5928809	10	1	10	10	1	1	1	-0.4	0
chr1:5939604	10	1	10	10	1	1	1	-0.4	0
chr1:5940214	10	1	10	10	1	1	1	-0.4	0
chr1:6230312	10	1	10	10	1	1	1	-0.4	0
chr1:6230312	10	1	10	10	1	1	1	-0.4	0
chr1:6295714	10	1	10	10	1	1	1	-0.4	0
chr1:6296993	10	1	10	10	1	1	1	-0.4	0
chr1:6298432	10	1	10	10	1	1	1	-0.4	0
chr1:6298432	10	1	10	10	1	1	1	-0.4	0
chr1:6333546	10	1	10	10	1	1	1	-0.4	0
chr1:6335158	10	1	10	10	1	1	1	-0.4	0
chr1:6335912	10	1	10	10	1	1	1	-0.4	0
chr1:6388332	10	1	10	10	1	1	1	-0.4	0
chr1:6456522	10	1	10	10	1	1	1	-0.4	0
chr1:6456522	10	1	10	10	1	1	1	-0.4	0
chr1:6457253	10	1	10	10	1	1	1	-0.4	0
chr1:6463620	10	1	10	10	1	1	1	-0.4	0
chr1:6621057	10	1	10	10	1	1	1	-0.4	0
chr1:6621984	10	1	10	10	1	1	1	-0.4	0
chr1:6621984	10	1	10	10	1	1	1	-0.4	0
chr1:6687264	10	1	10	10	1	1	1	-0.4	0
chr1:6687264	10	1	10	10	1	1	1	-0.4	0
chr1:6731596	10	1	10	10	1	1	1	-0.4	0
chr1:6731596	10	1	10	10	1	1	1	-0.4	0
chr1:6832336	10	1	10	10	1	1	1	-0.4	0
chr1:6832336	10	1	10	10	1	1	1	-0.4	0
chr1:6911072	10	1	10	10	1	1	1	-0.4	0
chr1:7108070	10	1	10	10	1	1	1	-0.4	0
chr1:7154420	10	1	10	10	1	1	1	-0.4	0
chr1:7221144	10	1	10	10	1	1	1	-0.4	0
chr1:7270629	10	1	10	10	1	1	1	-0.4	0
chr1:7270629	10	1	10	10	1	1	1	-0.4	0
chr1:7320792	10	1	10	10	1	1	1	-0.4	0
chr1:7321365	10	1	10	10	1	1	1	-0.4	0
chr1:7321365	10	1	10	10	1	1	1	-0.4	0
chr1:7322226	10	1	10	10	1	1	1	-0.4	0
chr1:7322943	10	1	10	10	1	1	1	-0.4	0
chr1:7340800	10	1	10	10	1	1	1	-0.4	0
chr1:7368917	10	1	10	10	1	1	1	-0.4	0
chr1:7368917	10	1	10	10	1	1	1	-0.4	0
chr1:7468697	10	1	10	10	1	1	1	-0.4	0
chr1:7468697	10	1	10	10	1	1	1	-0.4	0
chr1:7481748	10	1	10	10	1	1	1	-0.4	0
chr1:7535704	10	1	10	10	1	1	1	-0.4	0
chr1:7664988	10	1	10	10	1	1	1	-0.4	0
chr1:7664988	10	1	10	10	1	1	1	-0.4	0
chr1:7693504	10	1	10	10	1	1	1	-0.4	0
chr1:7696170	10	1	10	10	1	1	1	-0.4	0
chr1:7733240	10	1	10	10	1	1	1	-0.4	0
chr1:7733240	10	1	10	10	1	1	1	-0.4	0
chr1:7734207	10	1	10	10	1	1	1	-0.4	0
chr1:7734548	10	1	10	10	1	1	1	-0.4	0
chr1:7833038	10	1	10	10	1	1	1	-0.4	0
chr1:7833038	10	1	10	10	1	1	1	-0.4	0
chr1:7834276	10	1	10	10	1	1	1	-0.4	0
chr1:7834905	10	1	10	10	1	1	1	-0.4	0
chr1:7962653	10	1	10	10	1	1	1	-0.4	0
chr1:8010857	10	1	10	10	1	1	1	-0.4	0
chr1:8059393	10	1	10	10	1	1	1	-0.4	0
chr1:8143249	10	1	10	10	1	1	1	-0.4	0
chr1:8169367	10	1	10	10	1	1	1	-0.4	0
chr1:8177827	10	1	10	10	1	1	1	-0.4	0
chr1:8181384	10	1	10	10	1	1	1	-0.4	0
chr1:8191089	10	1	10	10	1	1	1	-0.4	0
chr1:8305409	10	1	10	10	1	1	1	-0.4	0
chr1:8394221	10	1	10	10	1	1	1	-0.4	0
chr1:8693140	10	1	10	10	1	1	1	-0.4	0
chr1:8694799	10	1	10	10	1	1	1	-0.4	0
chr1:8694799	10	1	10	10	1	1	1	-0.4	0
chr1:8727859	10	1	10	10	1	1	1	-0.4	0
chr1:8727859	10	1	10	10	1	1	1	-0.4	0
chr1:8728536	10	1	10	10	1	1	1	-0.4	0
chr1:8843069	10	1	10	10	1	1	1	-0.4	0
chr1:8843069	10	1	10	10	1	1	1	-0.4	0
chr1:8911485	10	1	10	10	1	1	1	-0.4	0
chr1:8922317	10	1	10	10	1	1	1	-0.4	0
chr1:8975821	10	1	10	10	1	1	1	-0.4	0
chr1:8976378	10	1	10	10	1	1	1	-0.4	0
chr1:8979338	10	1	10	10	1	1	1	-0.4	0
chr1:8983156	10	1	10	10	1	1	1	-0.4	0
chr1:8983156	10	1	10	10	1	1	1	-0.4	0
chr1:8983788	10	1	10	10	1	1	1	-0.4	0
chr1:8983788	10	1	10	10	1	1	1	-0.4	0
chr1:8985036	10	1	10	10	1	1	1	-0.4	0
chr1:8985036	10	1	10	10	1	1	1	-0.4	0
chr1:9094478	10	1	10	10	1	1	1	-0.4	0
chr1:9094478	10	1	10	10	1	1	1	-0.4	0
chr1:9095406	10	1	10	10	1	1	1	-0.4	0
chr1:9095406	10	1	10	10	1	1	1	-0.4	0
chr1:9145962	10	1	10	10	1	1	1	-0.4	0
chr1:9325228	10	1	10	10	1	1	1	-0.4	0
chr1:9325965	10	1	10	10	1	1	1	-0.4	0
chr1:9326552	10	1	10	10	1	1	1	-0.4	0
chr1:9329516	10	1	10	10	1	1	1	-0.4	0
chr1:9338122	10	1	10	10	1	1	1	-0.4	0
chr1:9410316	10	1	10	10	1	1	1	-0.4	0
chr1:9452344	10	1	10	10	1	1	1	-0.4	0
chr1:9452344	10	1	10	10	1	1	1	-0.4	0
chr1:9461124	10	1	10	10	1	1	1	-0.4	0
chr1:9461124	10	1	10	10	1	1	1	-0.4	0
chr1:9481321	10	1	10	10	1	1	1	-0.4	0
chr1:9525797	10	1	10	10	1	1	1	-0.4	0
chr1:9544348	10	1	10	10	1	1	1	-0.4	0
chr1:9544348	10	1	10	10	1	1	1	-0.4	0
chr1:9650705	10	1	10	10	1	1	1	-0.4	0
chr1:9653136	10	1	10	10	1	1	1	-0.4	0
chr1:9748236	10	1	10	10	1	1	1	-0.4	0
chr1:9748236	10	1	10	10	1	1	1	-0.4	0
chr1:9784597	10	1	10	10	1	1	1	-0.4	0
chr1:9810708	10	1	10	10	1	1	1	-0.4	0
chr1:9825019	10	1	10	10	1	1	1	-0.4	0
chr1:9917974	10	1	10	10	1	1	1	-0.4	0
chr1:9959548	10	1	10	10	1	1	1	-0.4	0
chr1:9959548	10	1	10	10	1	1	1	-0.4	0
chr1:9960140	10	1	10	10	1	1	1	-0.4	0
chr1:9999614	10	1	10	10	1	1	1	-0.4	0
chr1:10001223	10	1	10	10	1	1	1	-0.4	0
chr1:10029032	10	1	10	10	1	1	1	-0.4	0
chr1:10046688	10	1	10	10	1	1	1	-0.4	0
chr1:10073576	10	1	10	10	1	1	1	-0.4	0
chr1:10123301	10	1	10	10	1	1	1	-0.4	0
chr1:10123301	10	1	10	10	1	1	1	-0.4	0
chr1:10174209	10	1	10	10	1	1	1	-0.4	0
chr1:10244780	10	1	10	10	1	1	1	-0.4	0
chr1:10294930	10	1	10	10	1	1	1	-0.4	0
chr1:10294930	10	1	10	10	1	1	1	-0.4	0
chr1:10296091	10	1	10	10	1	1	1	-0.4	0
chr1:10354018	10	1	10	10	1	1	1	-0.4	0
chr1:10364490	10	1	10	10	1	1	1	-0.4	0
chr1:10695747	10	1	10	10	1	1	1	-0.4	0
chr1:10854779	10	1	10	10	1	1	1	-0.4	0
chr1:10869464	10	1	10	10	1	1	1	-0.4	0
chr1:10959840	10	1	10	10	1	1	1	-0.4	0
chr1:11192899	10	1	10	10	1	1	1	-0.4	0
chr1:11197138	10	1	10	10	1	1	1	-0.4	0
chr1:11222817	10	1	10	10	1	1	1	-0.4	0
chr1:11226422	10	1	10	10	1	1	1	-0.4	0
chr1:11227862	10	1	10	10	1	1	1	-0.4	0
chr1:11227862	10	1	10	10	1	1	1	-0.4	0
chr1:11231181	10	1	10	10	1	1	1	-0.4	0
chr1:11605336	10	1	10	10	1	1	1	-0.4	0
chr1:11628355	10	1	10	10	1	1	1	-0.4	0
chr1:11763689	10	1	10	10	1	1	1	-0.4	0
chr1:11827341	10	1	10	10	1	1	1	-0.4	0
chr1:11827341	10	1	10	10	1	1	1	-0.4	0
chr1:11861057	10	1	10	10	1	1	1	-0.4	0
chr1:11861057	10	1	10	10	1	1	1	-0.4	0
chr1:11874598	10	1	10	10	1	1	1	-0.4	0
chr1:11874598	10	1	10	10	1	1	1	-0.4	0
chr1:11935565	10	1	10	10	1	1	1	-0.4	0
chr1:11978819	10	1	10	10	1	1	1	-0.4	0
chr1:12026654	10	1	10	10	1	1	1	-0.4	0
chr1:12061586	10	1	10	10	1	1	1	-0.4	0
chr1:12254894	10	1	10	10	1	1	1	-0.4	0
chr1:12254894	10	1	10	10	1	1	1	-0.4	0
chr1:12261081	10	1	10	10	1	1	1	-0.4	0
chr1:12421170	10	1	10	10	1	1	1	-0.4	0
chr1:12421170	10	1	10	10	1	1	1	-0.4	0
chr1:12464442	10	1	10	10	1	1	1	-0.4	0
chr1:12472155	10	1	10	10	1	1	1	-0.4	0
chr1:12520169	10	1	10	10	1	1	1	-0.4	0
chr1:12548721	10	1	10	10	1	1	1	-0.4	0
chr1:12550054	10	1	10	10	1	1	1	-0.4	0
chr1:12936587	10	1	10	10	1	1	1	-0.4	0
chr1:13154493	10	1	10	10	1	1	1	-0.4	0
chr1:13453356	10	1	10	10	1	1	1	-0.4	0
chr1:13453356	10	1	10	10	1	1	1	-0.4	0
chr1:13462834	10	1	10	10	1	1	1	-0.4	0
chr1:13462834	10	1	10	10	1	1	1	-0.4	0
chr1:14161948	10	1	10	10	1	1	1	-0.4	0
chr1:14721349	10	1	10	10	1	1	1	-0.4	0
chr1:15082173	10	1	10	10	1	1	1	-0.4	0
chr1:15083722	10	1	10	10	1	1	1	-0.4	0
chr1:15083722	10	1	10	10	1	1	1	-0.4	0
chr1:15084449	10	1	10	10	1	1	1	-0.4	0
chr1:15084874	10	1	10	10	1	1	1	-0.4	0
chr1:15084874	10	1	10	10	1	1	1	-0.4	0
chr1:15085671	10	1	10	10	1	1	1	-0.4	0
chr1:16263268	10	1	10	10	1	1	1	-0.4	0
chr1:16263268	10	1	10	10	1	1	1	-0.4	0
chr1:16801013	10	1	10	10	1	1	1	-0.4	0
chr1:16901067	10	1	10	10	1	1	1	-0.4	0
chr1:16931671	10	1	10	10	1	1	1	-0.4	0
chr1:16933651	10	1	10	10	1	1	1	-0.4	0
chr1:16937173	10	1	10	10	1	1	1	-0.4	0
chr1:17167945	10	1	10	10	1	1	1	-0.4	0
chr1:17177184	10	1	10	10	1	1	1	-0.4	0
chr1:17287297	10	1	10	10	1	1	1	-0.4	0
chr1:17632108	10	1	10	10	1	1	1	-0.4	0
chr1:17703315	10	1	10	10	1	1	1	-0.4	0
chr1:17855748	10	1	10	10	1	1	1	-0.4	0
chr1:17865537	10	1	10	10	1	1	1	-0.4	0
chr1:18104998	10	1	10	10	1	1	1	-0.4	0
chr1:18198034	10	1	10	10	1	1	1	-0.4	0
chr1:18198034	10	1	10	10	1	1	1	-0.4	0
chr1:18201662	10	1	10	10	1	1	1	-0.4	0
chr1:18298508	10	1	10	10	1	1	1	-0.4	0
chr1:18322518	10	1	10	10	1	1	1	-0.4	0
chr1:18323503	10	1	10	10	1	1	1	-0.4	0
chr1:18323503	10	1	10	10	1	1	1	-0.4	0
chr1:18380058	10	1	10	10	1	1	1	-0.4	0
chr1:18380058	10	1	10	10	1	1	1	-0.4	0
chr1:18541307	10	1	10	10	1	1	1	-0.4	0
chr1:18560524	10	1	10	10	1	1	1	-0.4	0
chr1:18560524	10	1	10	10	1	1	1	-0.4	0
chr1:18680745	10	1	10	10	1	1	1	-0.4	0
chr1:18680745	10	1	10	10	1	1	1	-0.4	0
chr1:18952050	10	1	10	10	1	1	1	-0.4	0
chr1:19213479	10	1	10	10	1	1	1	-0.4	0
chr1:19250943	10	1	10	10	1	1	1	-0.4	0
chr1:19250943	10	1	10	10	1	1	1	-0.4	0
chr1:19252047	10	1	10	10	1	1	1	-0.4	0
chr1:19300120	10	1	10	10	1	1	1	-0.4	0
chr1:19300120	10	1	10	10	1	1	1	-0.4	0
chr1:19443678	10	1	10	10	1	1	1	-0.4	0
chr1:19493768	10	1	10	10	1	1	1	-0.4	0
chr1:19581849	10	1	10	10	1	1	1	-0.4	0
chr1:19684005	10	1	10	10	1	1	1	-0.4	0
chr1:19698660	10	1	10	10	1	1	1	-0.4	0
chr1:19698660	10	1	10	10	1	1	1	-0.4	0
chr1:19699380	10	1	10	10	1	1	1	-0.4	0
chr1:19699380	10	1	10	10	1	1	1	-0.4	0
chr1:19763872	10	1	10	10	1	1	1	-0.4	0
chr1:19825473	10	1	10	10	1	1	1	-0.4	0
chr1:19831393	10	1	10	10	1	1	1	-0.4	0
chr1:19831393	10	1	10	10	1	1	1	-0.4	0
chr1:19833101	10	1	10	10	1	1	1	-0.4	0
chr1:19853487	10	1	10	10	1	1	1	-0.4	0
chr1:19889864	10	1	10	10	1	1	1	-0.4	0
chr1:19901016	10	1	10	10	1	1	1	-0.4	0
chr1:19901016	10	1	10	10	1	1	1	-0.4	0
chr1:19901815	10	1	10	10	1	1	1	-0.4	0
chr1:19963103	10	1	10	10	1	1	1	-0.4	0
chr1:19976048	10	1	10	10	1	1	1	-0.4	0
chr1:20012652	10	1	10	10	1	1	1	-0.4	0
chr1:20044370	10	1	10	10	1	1	1	-0.4	0
chr1:20044370	10	1	10	10	1	1	1	-0.4	0
chr1:20060469	10	1	10	10	1	1	1	-0.4	0
chr1:20095190	10	1	10	10	1	1	1	-0.4	0
chr1:20095190	10	1	10	10	1	1	1	-0.4	0
chr1:20137068	10	1	10	10	1	1	1	-0.4	0
chr1:20210461	10	1	10	10	1	1	1	-0.4	0
chr1:20210461	10	1	10	10	1	1	1	-0.4	0
chr1:20238003	10	1	10	10	1	1	1	-0.4	0
chr1:20240843	10	1	10	10	1	1	1	-0.4	0
chr1:20647574	10	1	10	10	1	1	1	-0.4	0
chr1:20670485	10	1	10	10	1	1	1	-0.4	0
chr1:20813875	10	1	10	10	1	1	1	-0.4	0
chr1:20899033	10	1	10	10	1	1	1	-0.4	0
chr1:20899033	10	1	10	10	1	1	1	-0.4	0
chr1:20911675	10	1	10	10	1	1	1	-0.4	0
chr1:21016569	10	1	10	10	1	1	1	-0.4	0
chr1:21228192	10	1	10	10	1	1	1	-0.4	0
chr1:21232278	10	1	10	10	1	1	1	-0.4	0
chr1:21314048	10	1	10	10	1	1	1	-0.4	0
chr1:21443615	10	1	10	10	1	1	1	-0.4	0
chr1:21611879	10	1	10	10	1	1	1	-0.4	0
chr1:21617380	10	1	10	10	1	1	1	-0.4	0
chr1:21700114	10	1	10	10	1	1	1	-0.4	0
chr1:21700114	10	1	10	10	1	1	1	-0.4	0
chr1:21746184	10	1	10	10	1	1	1	-0.4	0
chr1:21964142	10	1	10	10	1	1	1	-0.4	0
chr1:22064728	10	1	10	10	1	1	1	-0.4	0
chr1:22064728	10	1	10	10	1	1	1	-0.4	0
chr1:22085654	10	1	10	10	1	1	1	-0.4	0
chr1:22097739	10	1	10	10	1	1	1	-0.4	0
chr1:22099658	10	1	10	10	1	1	1	-0.4	0
chr1:22109667	10	1	10	10	1	1	1	-0.4	0
chr1:22110527	10	1	10	10	1	1	1	-0.4	0
chr1:22135513	10	1	10	10	1	1	1	-0.4	0
chr1:22158713	10	1	10	10	1	1	1	-0.4	0
chr1:22158713	10	1	10	10	1	1	1	-0.4	0
chr1:22166897	10	1	10	10	1	1	1	-0.4	0
chr1:22185707	10	1	10	10	1	1	1	-0.4	0
chr1:22422110	10	1	10	10	1	1	1	-0.4	0
chr1:22422110	10	1	10	10	1	1	1	-0.4	0
chr1:22591115	10	1	10	10	1	1	1	-0.4	0
chr1:22753515	10	1	10	10	1	1	1	-0.4	0
chr1:22824273	10	1	10	10	1	1	1	-0.4	0
chr1:22867691	10	1	10	10	1	1	1	-0.4	0
chr1:22868417	10	1	10	10	1	1	1	-0.4	0
chr1:22889922	10	1	10	10	1	1	1	-0.4	0
chr1:23075572	10	1	10	10	1	1	1	-0.4	0
chr1:23075572	10	1	10	10	1	1	1	-0.4	0
chr1:23076776	10	1	10	10	1	1	1	-0.4	0
chr1:23079090	10	1	10	10	1	1	1	-0.4	0
chr1:23079090	10	1	10	10	1	1	1	-0.4	0
chr1:23082109	10	1	10	10	1	1	1	-0.4	0
chr1:23105347	10	1	10	10	1	1	1	-0.4	0
chr1:23105347	10	1	10	10	1	1	1	-0.4	0
chr1:23112601	10	1	10	10	1	1	1	-0.4	0
chr1:23134158	10	1	10	10	1	1	1	-0.4	0
chr1:23238624	10	1	10	10	1	1	1	-0.4	0
chr1:23248946	10	1	10	10	1	1	1	-0.4	0
chr1:23371401	10	1	10	10	1	1	1	-0.4	0
chr1:23412297	10	1	10	10	1	1	1	-0.4	0
chr1:23512198	10	1	10	10	1	1	1	-0.4	0
chr1:23555610	10	1	10	10	1	1	1	-0.4	0
chr1:23555610	10	1	10	10	1	1	1	-0.4	0
chr1:23676489	10	1	10	10	1	1	1	-0.4	0
chr1:23689427	10	1	10	10	1	1	1	-0.4	0
chr1:23779581	10	1	10	10	1	1	1	-0.4	0
chr1:23787801	10	1	10	10	1	1	1	-0.4	0
chr1:23787801	10	1	10	10	1	1	1	-0.4	0
chr1:23895970	10	1	10	10	1	1	1	-0.4	0
chr1:23946885	10	1	10	10	1	1	1	-0.4	0
chr1:23947592	10	1	10	10	1	1	1	-0.4	0
chr1:24043542	10	1	10	10	1	1	1	-0.4	0
chr1:24044410	10	1	10	10	1	1	1	-0.4	0
chr1:24257051	10	1	10	10	1	1	1	-0.4	0
chr1:24433550	10	1	10	10	1	1	1	-0.4	0
chr1:24441060	10	1	10	10	1	1	1	-0.4	0
chr1:24494751	10	1	10	10	1	1	1	-0.4	0
chr1:24532325	10	1	10	10	1	1	1	-0.4	0
chr1:24538228	10	1	10	10	1	1	1	-0.4	0
chr1:24627596	10	1	10	10	1	1	1	-0.4	0
chr1:24631317	10	1	10	10	1	1	1	-0.4	0
chr1:24644738	10	1	10	10	1	1	1	-0.4	0
chr1:24644738	10	1	10	10	1	1	1	-0.4	0
chr1:24649796	10	1	10	10	1	1	1	-0.4	0
chr1:24649796	10	1	10	10	1	1	1	-0.4	0
chr1:24664097	10	1	10	10	1	1	1	-0.4	0
chr1:24734062	10	1	10	10	1	1	1	-0.4	0
chr1:24766910	10	1	10	10	1	1	1	-0.4	0
chr1:24766910	10	1	10	10	1	1	1	-0.4	0
chr1:24802396	10	1	10	10	1	1	1	-0.4	0
chr1:24808731	10	1	10	10	1	1	1	-0.4	0
chr1:24916195	10	1	10	10	1	1	1	-0.4	0
chr1:25023772	10	1	10	10	1	1	1	-0.4	0
chr1:25030125	10	1	10	10	1	1	1	-0.4	0
chr1:25051548	10	1	10	10	1	1	1	-0.4	0
chr1:25051548	10	1	10	10	1	1	1	-0.4	0
chr1:25053105	10	1	10	10	1	1	1	-0.4	0
chr1:25135385	10	1	10	10	1	1	1	-0.4	0
chr1:25176333	10	1	10	10	1	1	1	-0.4	0
chr1:25216864	10	1	10	10	1	1	1	-0.4	0
chr1:25216864	10	1	10	10	1	1	1	-0.4	0
chr1:25217722	10	1	10	10	1	1	1	-0.4	0
chr1:25219147	10	1	10	10	1	1	1	-0.4	0
chr1:25399334	10	1	10	10	1	1	1	-0.4	0
chr1:25472504	10	1	10	10	1	1	1	-0.4	0
chr1:25532037	10	1	10	10	1	1	1	-0.4	0
chr1:25725315	10	1	10	10	1	1	1	-0.4	0
chr1:25730836	10	1	10	10	1	1	1	-0.4	0
chr1:25739127	10	1	10	10	1	1	1	-0.4	0
chr1:25765347	10	1	10	10	1	1	1	-0.4	0
chr1:25767407	10	1	10	10	1	1	1	-0.4	0
chr1:25781270	10	1	10	10	1	1	1	-0.4	0
chr1:25782002	10	1	10	10	1	1	1	-0.4	0
chr1:25834526	10	1	10	10	1	1	1	-0.4	0
chr1:25876755	10	1	10	10	1	1	1	-0.4	0
chr1:25877765	10	1	10	10	1	1	1	-0.4	0
chr1:25879056	10	1	10	10	1	1	1	-0.4	0
chr1:25879056	10	1	10	10	1	1	1	-0.4	0
chr1:25880202	10	1	10	10	1	1	1	-0.4	0
chr1:25880202	10	1	10	10	1	1	1	-0.4	0
chr1:25988948	10	1	10	10	1	1	1	-0.4	0
chr1:26043176	10	1	10	10	1	1	1	-0.4	0
chr1:26060646	10	1	10	10	1	1	1	-0.4	0
chr1:26097768	10	1	10	10	1	1	1	-0.4	0
chr1:26123587	10	1	10	10	1	1	1	-0.4	0
chr1:26123587	10	1	10	10	1	1	1	-0.4	0
chr1:26137948	10	1	10	10	1	1	1	-0.4	0
chr1:26211024	10	1	10	10	1	1	1	-0.4	0
chr1:26240814	10	1	10	10	1	1	1	-0.4	0
chr1:26317530	10	1	10	10	1	1	1	-0.4	0
chr1:26325041	10	1	10	10	1	1	1	-0.4	0
chr1:26363249	10	1	10	10	1	1	1	-0.4	0
chr1:26363249	10	1	10	10	1	1	1	-0.4	0
chr1:26365211	10	1	10	10	1	1	1	-0.4	0
chr1:26450216	10	1	10	10	1	1	1	-0.4	0
chr1:26450216	10	1	10	10	1	1	1	-0.4	0
chr1:26541424	10	1	10	10	1	1	1	-0.4	0
chr1:26541424	10	1	10	10	1	1	1	-0.4	0
chr1:26660688	10	1	10	10	1	1	1	-0.4	0
chr1:26660688	10	1	10	10	1	1	1	-0.4	0
chr1:26667708	10	1	10	10	1	1	1	-0.4	0
chr1:26699351	10	1	10	10	1	1	1	-0.4	0
chr1:26719411	10	1	10	10	1	1	1	-0.4	0
chr1:26777154	10	1	10	10	1	1	1	-0.4	0
chr1:26796525	10	1	10	10	1	1	1	-0.4	0
chr1:26954191	10	1	10	10	1	1	1	-0.4	0
chr1:27048367	10	1	10	10	1	1	1	-0.4	0
chr1:27090889	10	1	10	10	1	1	1	-0.4	0
chr1:27151261	10	1	10	10	1	1	1	-0.4	0
chr1:27152665	10	1	10	10	1	1	1	-0.4	0
chr1:27222847	10	1	10	10	1	1	1	-0.4	0
chr1:27277493	10	1	10	10	1	1	1	-0.4	0
chr1:27278353	10	1	10	10	1	1	1	-0.4	0
chr1:27337331	10	1	10	10	1	1	1	-0.4	0
chr1:27383384	10	1	10	10	1	1	1	-0.4	0
chr1:27427956	10	1	10	10	1	1	1	-0.4	0
chr1:27452683	10	1	10	10	1	1	1	-0.4	0
chr1:27530204	10	1	10	10	1	1	1	-0.4	0
chr1:27596151	10	1	10	10	1	1	1	-0.4	0
chr1:27640618	10	1	10	10	1	1	1	-0.4	0
chr1:27713802	10	1	10	10	1	1	1	-0.4	0
chr1:27759772	10	1	10	10	1	1	1	-0.4	0
chr1:27761269	10	1	10	10	1	1	1	-0.4	0
chr1:27763100	10	1	10	10	1	1	1	-0.4	0
chr1:27763100	10	1	10	10	1	1	1	-0.4	0
chr1:27815155	10	1	10	10	1	1	1	-0.4	0
chr1:27832012	10	1	10	10	1	1	1	-0.4	0
chr1:28035039	10	1	10	10	1	1	1	-0.4	0
chr1:28035039	10	1	10	10	1	1	1	-0.4	0
chr1:28041148	10	1	10	10	1	1	1	-0.4	0
chr1:28052306	10	1	10	10	1	1	1	-0.4	0
chr1:28098677	10	1	10	10	1	1	1	-0.4	0
chr1:28115572	10	1	10	10	1	1	1	-0.4	0
chr1:28147747	10	1	10	10	1	1	1	-0.4	0
chr1:28184806	10	1	10	10	1	1	1	-0.4	0
chr1:28218745	10	1	10	10	1	1	1	-0.4	0
chr1:28239724	10	1	10	10	1	1	1	-0.4	0
chr1:28286274	10	1	10	10	1	1	1	-0.4	0
chr1:28294260	10	1	10	10	1	1	1	-0.4	0
chr1:28294260	10	1	10	10	1	1	1	-0.4	0
chr1:28335206	10	1	10	10	1	1	1	-0.4	0
chr1:28335206	10	1	10	10	1	1	1	-0.4	0
chr1:28336904	10	1	10	10	1	1	1	-0.4	0
chr1:28336904	10	1	10	10	1	1	1	-0.4	0
chr1:28367823	10	1	10	10	1	1	1	-0.4	0
chr1:28367823	10	1	10	10	1	1	1	-0.4	0
chr1:28379408	10	1	10	10	1	1	1	-0.4	0
chr1:28386544	10	1	10	10	1	1	1	-0.4	0
chr1:28386544	10	1	10	10	1	1	1	-0.4	0
chr1:28430241	10	1	10	10	1	1	1	-0.4	0
chr1:28467745	10	1	10	10	1	1	1	-0.4	0
chr1:28581175	10	1	10	10	1	1	1	-0.4	0
chr1:28588590	10	1	10	10	1	1	1	-0.4	0
chr1:28598405	10	1	10	10	1	1	1	-0.4	0
chr1:28665159	10	1	10	10	1	1	1	-0.4	0
chr1:28698249	10	1	10	10	1	1	1	-0.4	0
chr1:28700822	10	1	10	10	1	1	1	-0.4	0
chr1:28700822	10	1	10	10	1	1	1	-0.4	0
chr1:28746135	10	1	10	10	1	1	1	-0.4	0
chr1:28860285	10	1	10	10	1	1	1	-0.4	0
chr1:28895088	10	1	10	10	1	1	1	-0.4	0
chr1:28987786	10	1	10	10	1	1	1	-0.4	0
chr1:28987786	10	1	10	10	1	1	1	-0.4	0
chr1:29066804	10	1	10	10	1	1	1	-0.4	0
chr1:29066804	10	1	10	10	1	1	1	-0.4	0
chr1:29067067	10	1	10	10	1	1	1	-0.4	0
chr1:29067067	10	1	10	10	1	1	1	-0.4	0
chr1:29067863	10	1	10	10	1	1	1	-0.4	0
chr1:29178518	10	1	10	10	1	1	1	-0.4	0
chr1:29190898	10	1	10	10	1	1	1	-0.4	0
chr1:29190898	10	1	10	10	1	1	1	-0.4	0
chr1:29291560	10	1	10	10	1	1	1	-0.4	0
chr1:29329518	10	1	10	10	1	1	1	-0.4	0
chr1:29360313	10	1	10	10	1	1	1	-0.4	0
chr1:29360313	10	1	10	10	1	1	1	-0.4	0
chr1:29363163	10	1	10	10	1	1	1	-0.4	0
chr1:29363163	10	1	10	10	1	1	1	-0.4	0
chr1:29566623	10	1	10	10	1	1	1	-0.4	0
chr1:29743477	10	1	10	10	1	1	1	-0.4	0
chr1:29744730	10	1	10	10	1	1	1	-0.4	0
chr1:29765655	10	1	10	10	1	1	1	-0.4	0
chr1:29767029	10	1	10	10	1	1	1	-0.4	0
chr1:29767029	10	1	10	10	1	1	1	-0.4	0
chr1:29779554	10	1	10	10	1	1	1	-0.4	0
chr1:29779554	10	1	10	10	1	1	1	-0.4	0
chr1:29836036	10	1	10	10	1	1	1	-0.4	0
chr1:29991520	10	1	10	10	1	1	1	-0.4	0
chr1:29992805	10	1	10	10	1	1	1	-0.4	0
chr1:30239096	10	1	10	10	1	1	1	-0.4	0
chr1:30269268	10	1	10	10	1	1	1	-0.4	0
chr1:30379992	10	1	10	10	1	1	1	-0.4	0
chr1:30379992	10	1	10	10	1	1	1	-0.4	0
chr2:1374	10	1	10	10	1	1	1	-0.4	0
chr2:1374	10	1	10	10	1	1	1	-0.4	0
chr2:1922	10	1	10	10	1	1	1	-0.4	0
chr2:2652	10	1	10	10	1	1	1	-0.4	0
chr2:2652	10	1	10	10	1	1	1	-0.4	0
chr2:2950	10	1	10	10	1	1	1	-0.4	0
chr2:3447	10	1	10	10	1	1	1	-0.4	0
chr2:5766	10	1	10	10	1	1	1	-0.4	0
chr2:10014	10	1	10	10	1	1	1	-0.4	0
chr2:10014	10	1	10	10	1	1	1	-0.4	0
chr2:97770	10	1	10	10	1	1	1	-0.4	0
chr2:97770	10	1	10	10	1	1	1	-0.4	0
chr2:177980	10	1	10	10	1	1	1	-0.4	0
chr2:181189	10	1	10	10	1	1	1	-0.4	0
chr2:228469	10	1	10	10	1	1	1	-0.4	0
chr2:239502	10	1	10	10	1	1	1	-0.4	0
chr2:262867	10	1	10	10	1	1	1	-0.4	0
chr2:299435	10	1	10	10	1	1	1	-0.4	0
chr2:367836	10	1	10	10	1	1	1	-0.4	0
chr2:367836	10	1	10	10	1	1	1	-0.4	0
chr2:387530	10	1	10	10	1	1	1	-0.4	0
chr2:405127	10	1	10	10	1	1	1	-0.4	0
chr2:509912	10	1	10	10	1	1	1	-0.4	0
chr2:528094	10	1	10	10	1	1	1	-0.4	0
chr2:528094	10	1	10	10	1	1	1	-0.4	0
chr2:589056	10	1	10	10	1	1	1	-0.4	0
chr2:1188820	10	1	10	10	1	1	1	-0.4	0
chr2:1188820	10	1	10	10	1	1	1	-0.4	0
chr2:1684335	10	1	10	10	1	1	1	-0.4	0
chr2:1966693	10	1	10	10	1	1	1	-0.4	0
chr2:2015468	10	1	10	10	1	1	1	-0.4	0
chr2:2425105	10	1	10	10	1	1	1	-0.4	0
chr2:2735623	10	1	10	10	1	1	1	-0.4	0
chr2:2737805	10	1	10	10	1	1	1	-0.4	0
chr2:2924444	10	1	10	10	1	1	1	-0.4	0
chr2:3332349	10	1	10	10	1	1	1	-0.4	0
chr2:3334418	10	1	10	10	1	1	1	-0.4	0
chr2:3338127	10	1	10	10	1	1	1	-0.4	0
chr2:3438679	10	1	10	10	1	1	1	-0.4	0
chr2:3459141	10	1	10	10	1	1	1	-0.4	0
chr2:3460396	10	1	10	10	1	1	1	-0.4	0
chr2:3482453	10	1	10	10	1	1	1	-0.4	0
chr2:3486121	10	1	10	10	1	1	1	-0.4	0
chr2:3488666	10	1	10	10	1	1	1	-0.4	0
chr2:3492505	10	1	10	10	1	1	1	-0.4	0
chr2:3497562	10	1	10	10	1	1	1	-0.4	0
chr2:3605892	10	1	10	10	1	1	1	-0.4	0
chr2:3605892	10	1	10	10	1	1	1	-0.4	0
chr2:3606186	10	1	10	10	1	1	1	-0.4	0
chr2:3607152	10	1	10	10	1	1	1	-0.4	0
chr2:3607152	10	1	10	10	1	1	1	-0.4	0
chr2:3615030	10	1	10	10	1	1	1	-0.4	0
chr2:3615030	10	1	10	10	1	1	1	-0.4	0
chr2:3616056	10	1	10	10	1	1	1	-0.4	0
chr2:3616056	10	1	10	10	1	1	1	-0.4	0
chr2:3616818	10	1	10	10	1	1	1	-0.4	0
chr2:3617215	10	1	10	10	1	1	1	-0.4	0
chr2:3618140	10	1	10	10	1	1	1	-0.4	0
chr2:3618994	10	1	10	10	1	1	1	-0.4	0
chr2:3618994	10	1	10	10	1	1	1	-0.4	0
chr2:3619554	10	1	10	10	1	1	1	-0.4	0
chr2:3619554	10	1	10	10	1	1	1	-0.4	0
chr2:3619732	10	1	10	10	1	1	1	-0.4	0
chr2:3619732	10	1	10	10	1	1	1	-0.4	0
chr2:3620738	10	1	10	10	1	1	1	-0.4	0
chr2:3621202	10	1	10	10	1	1	1	-0.4	0
chr2:3621712	10	1	10	10	1	1	1	-0.4	0
chr2:3621712	10	1	10	10	1	1	1	-0.4	0
chr2:3622604	10	1	10	10	1	1	1	-0.4	0
chr2:3622604	10	1	10	10	1	1	1	-0.4	0
chr2:3623500	10	1	10	10	1	1	1	-0.4	0
chr2:3623500	10	1	10	10	1	1	1	-0.4	0
chr2:3624632	10	1	10	10	1	1	1	-0.4	0
chr2:3624632	10	1	10	10	1	1	1	-0.4	0
chr2:3625336	10	1	10	10	1	1	1	-0.4	0
chr2:3625336	10	1	10	10	1	1	1	-0.4	0
chr2:3626294	10	1	10	10	1	1	1	-0.4	0
chr2:3626294	10	1	10	10	1	1	1	-0.4	0
chr2:3626961	10	1	10	10	1	1	1	-0.4	0
chr2:3627318	10	1	10	10	1	1	1	-0.4	0
chr2:3627318	10	1	10	10	1	1	1	-0.4	0
chr2:4007057	10	1	10	10	1	1	1	-0.4	0
chr2:6018453	10	1	10	10	1	1	1	-0.4	0
chr2:6043842	10	1	10	10	1	1	1	-0.4	0
chr2:6236850	10	1	10	10	1	1	1	-0.4	0
chr2:6541738	10	1	10	10	1	1	1	-0.4	0
chr2:6685698	10	1	10	10	1	1	1	-0.4	0
chr2:6711691	10	1	10	10	1	1	1	-0.4	0
chr2:6893789	10	1	10	10	1	1	1	-0.4	0
chr2:6893789	10	1	10	10	1	1	1	-0.4	0
chr2:6894815	10	1	10	10	1	1	1	-0.4	0
chr2:6894815	10	1	10	10	1	1	1	-0.4	0
chr2:6895601	10	1	10	10	1	1	1	-0.4	0
chr2:6946696	10	1	10	10	1	1	1	-0.4	0
chr2:7085648	10	1	10	10	1	1	1	-0.4	0
chr2:7122908	10	1	10	10	1	1	1	-0.4	0
chr2:7190969	10	1	10	10	1	1	1	-0.4	0
chr2:7190969	10	1	10	10	1	1	1	-0.4	0
chr2:7219702	10	1	10	10	1	1	1	-0.4	0
chr2:7219702	10	1	10	10	1	1	1	-0.4	0
chr2:7238388	10	1	10	10	1	1	1	-0.4	0
chr2:7259262	10	1	10	10	1	1	1	-0.4	0
chr2:7260047	10	1	10	10	1	1	1	-0.4	0
chr2:7260047	10	1	10	10	1	1	1	-0.4	0
chr2:7285340	10	1	10	10	1	1	1	-0.4	0
chr2:7516432	10	1	10	10	1	1	1	-0.4	0
chr2:7605647	10	1	10	10	1	1	1	-0.4	0
chr2:7693570	10	1	10	10	1	1	1	-0.4	0
chr2:7767168	10	1	10	10	1	1	1	-0.4	0
chr2:7767947	10	1	10	10	1	1	1	-0.4	0
chr2:7898192	10	1	10	10	1	1	1	-0.4	0
chr2:7902929	10	1	10	10	1	1	1	-0.4	0
chr2:7973668	10	1	10	10	1	1	1	-0.4	0
chr2:7975245	10	1	10	10	1	1	1	-0.4	0
chr2:7975245	10	1	10	10	1	1	1	-0.4	0
chr2:8097390	10	1	10	10	1	1	1	-0.4	0
chr2:8097390	10	1	10	10	1	1	1	-0.4	0
chr2:8211579	10	1	10	10	1	1	1	-0.4	0
chr2:8215352	10	1	10	10	1	1	1	-0.4	0
chr2:8222980	10	1	10	10	1	1	1	-0.4	0
chr2:8222980	10	1	10	10	1	1	1	-0.4	0
chr2:8230419	10	1	10	10	1	1	1	-0.4	0
chr2:8293529	10	1	10	10	1	1	1	-0.4	0
chr2:8331731	10	1	10	10	1	1	1	-0.4	0
chr2:8334377	10	1	10	10	1	1	1	-0.4	0
chr2:8579728	10	1	10	10	1	1	1	-0.4	0
chr2:8858124	10	1	10	10	1	1	1	-0.4	0
chr2:8967503	10	1	10	10	1	1	1	-0.4	0
chr2:8971511	10	1	10	10	1	1	1	-0.4	0
chr2:9119017	10	1	10	10	1	1	1	-0.4	0
chr2:9214381	10	1	10	10	1	1	1	-0.4	0
chr2:9539779	10	1	10	10	1	1	1	-0.4	0
chr2:9539779	10	1	10	10	1	1	1	-0.4	0
chr2:9627176	10	1	10	10	1	1	1	-0.4	0
chr2:9648152	10	1	10	10	1	1	1	-0.4	0
chr2:9737158	10	1	10	10	1	1	1	-0.4	0
chr2:9741669	10	1	10	10	1	1	1	-0.4	0
chr2:9805094	10	1	10	10	1	1	1	-0.4	0
chr2:9818064	10	1	10	10	1	1	1	-0.4	0
chr2:9874645	10	1	10	10	1	1	1	-0.4	0
chr2:9909038	10	1	10	10	1	1	1	-0.4	0
chr2:9920304	10	1	10	10	1	1	1	-0.4	0
chr2:9992976	10	1	10	10	1	1	1	-0.4	0
chr2:9992976	10	1	10	10	1	1	1	-0.4	0
chr2:10067650	10	1	10	10	1	1	1	-0.4	0
chr2:10074601	10	1	10	10	1	1	1	-0.4	0
chr2:10122311	10	1	10	10	1	1	1	-0.4	0
chr2:10138576	10	1	10	10	1	1	1	-0.4	0
chr2:10319529	10	1	10	10	1	1	1	-0.4	0
chr2:10340495	10	1	10	10	1	1	1	-0.4	0
chr2:10532627	10	1	10	10	1	1	1	-0.4	0
chr2:10548970	10	1	10	10	1	1	1	-0.4	0
chr2:10549395	10	1	10	10	1	1	1	-0.4	0
chr2:10561544	10	1	10	10	1	1	1	-0.4	0
chr2:10566800	10	1	10	10	1	1	1	-0.4	0
chr2:10572678	10	1	10	10	1	1	1	-0.4	0
chr2:10572678	10	1	10	10	1	1	1	-0.4	0
chr2:10733938	10	1	10	10	1	1	1	-0.4	0
chr2:10835824	10	1	10	10	1	1	1	-0.4	0
chr2:10847206	10	1	10	10	1	1	1	-0.4	0
chr2:10847206	10	1	10	10	1	1	1	-0.4	0
chr2:10848702	10	1	10	10	1	1	1	-0.4	0
chr2:10850600	10	1	10	10	1	1	1	-0.4	0
chr2:10850600	10	1	10	10	1	1	1	-0.4	0
chr2:10851828	10	1	10	10	1	1	1	-0.4	0
chr2:11010706	10	1	10	10	1	1	1	-0.4	0
chr2:11040316	10	1	10	10	1	1	1	-0.4	0
chr2:11040316	10	1	10	10	1	1	1	-0.4	0
chr2:11107131	10	1	10	10	1	1	1	-0.4	0
chr2:11194710	10	1	10	10	1	1	1	-0.4	0
chr2:11195494	10	1	10	10	1	1	1	-0.4	0
chr2:11214303	10	1	10	10	1	1	1	-0.4	0
chr2:11336849	10	1	10	10	1	1	1	-0.4	0
chr2:11343690	10	1	10	10	1	1	1	-0.4	0
chr2:11548848	10	1	10	10	1	1	1	-0.4	0
chr2:11548848	10	1	10	10	1	1	1	-0.4	0
chr2:11550945	10	1	10	10	1	1	1	-0.4	0
chr2:11685555	10	1	10	10	1	1	1	-0.4	0
chr2:11731590	10	1	10	10	1	1	1	-0.4	0
chr2:11752363	10	1	10	10	1	1	1	-0.4	0
chr2:11771576	10	1	10	10	1	1	1	-0.4	0
chr2:11801040	10	1	10	10	1	1	1	-0.4	0
chr2:11807207	10	1	10	10	1	1	1	-0.4	0
chr2:11859594	10	1	10	10	1	1	1	-0.4	0
chr2:11861528	10	1	10	10	1	1	1	-0.4	0
chr2:11866938	10	1	10	10	1	1	1	-0.4	0
chr2:11866938	10	1	10	10	1	1	1	-0.4	0
chr2:11941332	10	1	10	10	1	1	1	-0.4	0
chr2:11941332	10	1	10	10	1	1	1	-0.4	0
chr2:11947536	10	1	10	10	1	1	1	-0.4	0
chr2:12002668	10	1	10	10	1	1	1	-0.4	0
chr2:12205783	10	1	10	10	1	1	1	-0.4	0
chr2:12234296	10	1	10	10	1	1	1	-0.4	0
chr2:12235040	10	1	10	10	1	1	1	-0.4	0
chr2:12241634	10	1	10	10	1	1	1	-0.4	0
chr2:12241634	10	1	10	10	1	1	1	-0.4	0
chr2:12311054	10	1	10	10	1	1	1	-0.4	0
chr2:12311054	10	1	10	10	1	1	1	-0.4	0
chr2:12311914	10	1	10	10	1	1	1	-0.4	0
chr2:12311914	10	1	10	10	1	1	1	-0.4	0
chr2:12365599	10	1	10	10	1	1	1	-0.4	0
chr2:12419942	10	1	10	10	1	1	1	-0.4	0
chr2:12495995	10	1	10	10	1	1	1	-0.4	0
chr2:12497340	10	1	10	10	1	1	1	-0.4	0
chr2:12622510	10	1	10	10	1	1	1	-0.4	0
chr2:12622510	10	1	10	10	1	1	1	-0.4	0
chr2:12625918	10	1	10	10	1	1	1	-0.4	0
chr2:12629683	10	1	10	10	1	1	1	-0.4	0
chr2:12678107	10	1	10	10	1	1	1	-0.4	0
chr2:12830186	10	1	10	10	1	1	1	-0.4	0
chr2:12874636	10	1	10	10	1	1	1	-0.4	0
chr2:12874636	10	1	10	10	1	1	1	-0.4	0
chr2:12893981	10	1	10	10	1	1	1	-0.4	0
chr2:12893981	10	1	10	10	1	1	1	-0.4	0
chr2:12898402	10	1	10	10	1	1	1	-0.4	0
chr2:12898402	10	1	10	10	1	1	1	-0.4	0
chr2:12945078	10	1	10	10	1	1	1	-0.4	0
chr2:13000269	10	1	10	10	1	1	1	-0.4	0
chr2:13036975	10	1	10	10	1	1	1	-0.4	0
chr2:13063507	10	1	10	10	1	1	1	-0.4	0
chr2:13085708	10	1	10	10	1	1	1	-0.4	0
chr2:13247166	10	1	10	10	1	1	1	-0.4	0
chr2:13276767	10	1	10	10	1	1	1	-0.4	0
chr2:13276767	10	1	10	10	1	1	1	-0.4	0
chr2:13289577	10	1	10	10	1	1	1	-0.4	0
chr2:13312344	10	1	10	10	1	1	1	-0.4	0
chr2:13316361	10	1	10	10	1	1	1	-0.4	0
chr2:13439974	10	1	10	10	1	1	1	-0.4	0
chr2:13489064	10	1	10	10	1	1	1	-0.4	0
chr2:13490145	10	1	10	10	1	1	1	-0.4	0
chr2:13496308	10	1	10	10	1	1	1	-0.4	0
chr2:13648627	10	1	10	10	1	1	1	-0.4	0
chr2:13660656	10	1	10	10	1	1	1	-0.4	0
chr2:13702571	10	1	10	10	1	1	1	-0.4	0
chr2:13768408	10	1	10	10	1	1	1	-0.4	0
chr2:13768408	10	1	10	10	1	1	1	-0.4	0
chr2:13791919	10	1	10	10	1	1	1	-0.4	0
chr2:13824385	10	1	10	10	1	1	1	-0.4	0
chr2:13824385	10	1	10	10	1	1	1	-0.4	0
chr2:13865599	10	1	10	10	1	1	1	-0.4	0
chr2:13875997	10	1	10	10	1	1	1	-0.4	0
chr2:14060776	10	1	10	10	1	1	1	-0.4	0
chr2:14065796	10	1	10	10	1	1	1	-0.4	0
chr2:14180440	10	1	10	10	1	1	1	-0.4	0
chr2:14192638	10	1	10	10	1	1	1	-0.4	0
chr2:14260776	10	1	10	10	1	1	1	-0.4	0
chr2:14260776	10	1	10	10	1	1	1	-0.4	0
chr2:14262011	10	1	10	10	1	1	1	-0.4	0
chr2:14363288	10	1	10	10	1	1	1	-0.4	0
chr2:14395618	10	1	10	10	1	1	1	-0.4	0
chr2:14534769	10	1	10	10	1	1	1	-0.4	0
chr2:14590830	10	1	10	10	1	1	1	-0.4	0
chr2:14590830	10	1	10	10	1	1	1	-0.4	0
chr2:14645141	10	1	10	10	1	1	1	-0.4	0
chr2:14687556	10	1	10	10	1	1	1	-0.4	0
chr2:14687556	10	1	10	10	1	1	1	-0.4	0
chr2:14849472	10	1	10	10	1	1	1	-0.4	0
chr2:15008073	10	1	10	10	1	1	1	-0.4	0
chr2:15066293	10	1	10	10	1	1	1	-0.4	0
chr2:15087492	10	1	10	10	1	1	1	-0.4	0
chr2:15087492	10	1	10	10	1	1	1	-0.4	0
chr2:15099743	10	1	10	10	1	1	1	-0.4	0
chr2:15112728	10	1	10	10	1	1	1	-0.4	0
chr2:15136891	10	1	10	10	1	1	1	-0.4	0
chr2:15151493	10	1	10	10	1	1	1	-0.4	0
chr2:15151493	10	1	10	10	1	1	1	-0.4	0
chr2:15152418	10	1	10	10	1	1	1	-0.4	0
chr2:15155414	10	1	10	10	1	1	1	-0.4	0
chr2:15155414	10	1	10	10	1	1	1	-0.4	0
chr2:15156845	10	1	10	10	1	1	1	-0.4	0
chr2:15193370	10	1	10	10	1	1	1	-0.4	0
chr2:15229154	10	1	10	10	1	1	1	-0.4	0
chr2:15229154	10	1	10	10	1	1	1	-0.4	0
chr2:15237907	10	1	10	10	1	1	1	-0.4	0
chr2:15372934	10	1	10	10	1	1	1	-0.4	0
chr2:15374391	10	1	10	10	1	1	1	-0.4	0
chr2:15375200	10	1	10	10	1	1	1	-0.4	0
chr2:15375200	10	1	10	10	1	1	1	-0.4	0
chr2:15376177	10	1	10	10	1	1	1	-0.4	0
chr2:15487940	10	1	10	10	1	1	1	-0.4	0
chr2:15493915	10	1	10	10	1	1	1	-0.4	0
chr2:15514806	10	1	10	10	1	1	1	-0.4	0
chr2:15549923	10	1	10	10	1	1	1	-0.4	0
chr2:15613140	10	1	10	10	1	1	1	-0.4	0
chr2:15613140	10	1	10	10	1	1	1	-0.4	0
chr2:15633077	10	1	10	10	1	1	1	-0.4	0
chr2:15830812	10	1	10	10	1	1	1	-0.4	0
chr2:15831770	10	1	10	10	1	1	1	-0.4	0
chr2:15896460	10	1	10	10	1	1	1	-0.4	0
chr2:15962280	10	1	10	10	1	1	1	-0.4	0
chr2:15976077	10	1	10	10	1	1	1	-0.4	0
chr2:16059546	10	1	10	10	1	1	1	-0.4	0
chr2:16254057	10	1	10	10	1	1	1	-0.4	0
chr2:16293129	10	1	10	10	1	1	1	-0.4	0
chr2:16346775	10	1	10	10	1	1	1	-0.4	0
chr2:16364825	10	1	10	10	1	1	1	-0.4	0
chr2:16368725	10	1	10	10	1	1	1	-0.4	0
chr2:16369579	10	1	10	10	1	1	1	-0.4	0
chr2:16371827	10	1	10	10	1	1	1	-0.4	0
chr2:16440955	10	1	10	10	1	1	1	-0.4	0
chr2:16440955	10	1	10	10	1	1	1	-0.4	0
chr2:16452488	10	1	10	10	1	1	1	-0.4	0
chr2:16452488	10	1	10	10	1	1	1	-0.4	0
chr2:16485788	10	1	10	10	1	1	1	-0.4	0
chr2:16485788	10	1	10	10	1	1	1	-0.4	0
chr2:16553101	10	1	10	10	1	1	1	-0.4	0
chr2:16561050	10	1	10	10	1	1	1	-0.4	0
chr2:16561050	10	1	10	10	1	1	1	-0.4	0
chr2:16609756	10	1	10	10	1	1	1	-0.4	0
chr2:16689985	10	1	10	10	1	1	1	-0.4	0
chr2:16689985	10	1	10	10	1	1	1	-0.4	0
chr2:16695760	10	1	10	10	1	1	1	-0.4	0
chr2:16695760	10	1	10	10	1	1	1	-0.4	0
chr2:16696907	10	1	10	10	1	1	1	-0.4	0
chr2:16697448	10	1	10	10	1	1	1	-0.4	0
chr2:16697448	10	1	10	10	1	1	1	-0.4	0
chr2:16701777	10	1	10	10	1	1	1	-0.4	0
chr2:16706072	10	1	10	10	1	1	1	-0.4	0
chr2:16801748	10	1	10	10	1	1	1	-0.4	0
chr2:16801748	10	1	10	10	1	1	1	-0.4	0
chr2:16816698	10	1	10	10	1	1	1	-0.4	0
chr2:16929658	10	1	10	10	1	1	1	-0.4	0
chr2:16930871	10	1	10	10	1	1	1	-0.4	0
chr2:16969761	10	1	10	10	1	1	1	-0.4	0
chr2:17041610	10	1	10	10	1	1	1	-0.4	0
chr2:17041610	10	1	10	10	1	1	1	-0.4	0
chr2:17087379	10	1	10	10	1	1	1	-0.4	0
chr2:17087379	10	1	10	10	1	1	1	-0.4	0
chr2:17099419	10	1	10	10	1	1	1	-0.4	0
chr2:17177501	10	1	10	10	1	1	1	-0.4	0
chr2:17189512	10	1	10	10	1	1	1	-0.4	0
chr2:17189512	10	1	10	10	1	1	1	-0.4	0
chr2:17193283	10	1	10	10	1	1	1	-0.4	0
chr2:17196678	10	1	10	10	1	1	1	-0.4	0
chr2:17197386	10	1	10	10	1	1	1	-0.4	0
chr2:17218536	10	1	10	10	1	1	1	-0.4	0
chr2:17218536	10	1	10	10	1	1	1	-0.4	0
chr2:17261020	10	1	10	10	1	1	1	-0.4	0
chr2:17326021	10	1	10	10	1	1	1	-0.4	0
chr2:17359842	10	1	10	10	1	1	1	-0.4	0
chr2:17442335	10	1	10	10	1	1	1	-0.4	0
chr2:17473159	10	1	10	10	1	1	1	-0.4	0
chr2:17484436	10	1	10	10	1	1	1	-0.4	0
chr2:17504836	10	1	10	10	1	1	1	-0.4	0
chr2:17504836	10	1	10	10	1	1	1	-0.4	0
chr2:17614561	10	1	10	10	1	1	1	-0.4	0
chr2:17746491	10	1	10	10	1	1	1	-0.4	0
chr2:17754318	10	1	10	10	1	1	1	-0.4	0
chr2:17755126	10	1	10	10	1	1	1	-0.4	0
chr2:17819862	10	1	10	10	1	1	1	-0.4	0
chr2:17830463	10	1	10	10	1	1	1	-0.4	0
chr2:17838313	10	1	10	10	1	1	1	-0.4	0
chr2:17838313	10	1	10	10	1	1	1	-0.4	0
chr2:17839812	10	1	10	10	1	1	1	-0.4	0
chr2:17905918	10	1	10	10	1	1	1	-0.4	0
chr2:17934326	10	1	10	10	1	1	1	-0.4	0
chr2:17934326	10	1	10	10	1	1	1	-0.4	0
chr2:18230738	10	1	10	10	1	1	1	-0.4	0
chr2:18232855	10	1	10	10	1	1	1	-0.4	0
chr2:18232855	10	1	10	10	1	1	1	-0.4	0
chr2:18233292	10	1	10	10	1	1	1	-0.4	0
chr2:18233292	10	1	10	10	1	1	1	-0.4	0
chr2:18234486	10	1	10	10	1	1	1	-0.4	0
chr2:18234486	10	1	10	10	1	1	1	-0.4	0
chr2:18235650	10	1	10	10	1	1	1	-0.4	0
chr2:18236874	10	1	10	10	1	1	1	-0.4	0
chr2:18236874	10	1	10	10	1	1	1	-0.4	0
chr2:18345421	10	1	10	10	1	1	1	-0.4	0
chr2:18364753	10	1	10	10	1	1	1	-0.4	0
chr2:18373340	10	1	10	10	1	1	1	-0.4	0
chr2:18373340	10	1	10	10	1	1	1	-0.4	0
chr2:18396430	10	1	10	10	1	1	1	-0.4	0
chr2:18396430	10	1	10	10	1	1	1	-0.4	0
chr2:18423578	10	1	10	10	1	1	1	-0.4	0
chr2:18424484	10	1	10	10	1	1	1	-0.4	0
chr2:18446202	10	1	10	10	1	1	1	-0.4	0
chr2:18626029	10	1	10	10	1	1	1	-0.4	0
chr2:18789092	10	1	10	10	1	1	1	-0.4	0
chr2:18789092	10	1	10	10	1	1	1	-0.4	0
chr2:18798267	10	1	10	10	1	1	1	-0.4	0
chr2:18899001	10	1	10	10	1	1	1	-0.4	0
chr2:18981622	10	1	10	10	1	1	1	-0.4	0
chr2:19101082	10	1	10	10	1	1	1	-0.4	0
chr2:19148415	10	1	10	10	1	1	1	-0.4	0
chr2:19168798	10	1	10	10	1	1	1	-0.4	0
chr2:19170191	10	1	10	10	1	1	1	-0.4	0
chr2:19179386	10	1	10	10	1	1	1	-0.4	0
chr2:19255858	10	1	10	10	1	1	1	-0.4	0
chr2:19260833	10	1	10	10	1	1	1	-0.4	0
chr2:19260833	10	1	10	10	1	1	1	-0.4	0
chr2:19262772	10	1	10	10	1	1	1	-0.4	0
chr2:19282224	10	1	10	10	1	1	1	-0.4	0
chr2:19307674	10	1	10	10	1	1	1	-0.4	0
chr2:19316398	10	1	10	10	1	1	1	-0.4	0
chr2:19316398	10	1	10	10	1	1	1	-0.4	0
chr2:19363340	10	1	10	10	1	1	1	-0.4	0
chr2:19363340	10	1	10	10	1	1	1	-0.4	0
chr2:19413300	10	1	10	10	1	1	1	-0.4	0
chr2:19469780	10	1	10	10	1	1	1	-0.4	0
chr2:19469780	10	1	10	10	1	1	1	-0.4	0
chr2:19485636	10	1	10	10	1	1	1	-0.4	0
chr2:19486764	10	1	10	10	1	1	1	-0.4	0
chr2:19498374	10	1	10	10	1	1	1	-0.4	0
chr2:19542637	10	1	10	10	1	1	1	-0.4	0
chr3:90163	10	1	10	10	1	1	1	-0.4	0
chr3:185310	10	1	10	10	1	1	1	-0.4	0
chr3:185310	10	1	10	10	1	1	1	-0.4	0
chr3:267622	10	1	10	10	1	1	1	-0.4	0
chr3:327427	10	1	10	10	1	1	1	-0.4	0
chr3:372889	10	1	10	10	1	1	1	-0.4	0
chr3:376605	10	1	10	10	1	1	1	-0.4	0
chr3:403697	10	1	10	10	1	1	1	-0.4	0
chr3:508439	10	1	10	10	1	1	1	-0.4	0
chr3:538423	10	1	10	10	1	1	1	-0.4	0
chr3:606047	10	1	10	10	1	1	1	-0.4	0
chr3:648506	10	1	10	10	1	1	1	-0.4	0
chr3:898397	10	1	10	10	1	1	1	-0.4	0
chr3:1039998	10	1	10	10	1	1	1	-0.4	0
chr3:1058759	10	1	10	10	1	1	1	-0.4	0
chr3:1063684	10	1	10	10	1	1	1	-0.4	0
chr3:1066950	10	1	10	10	1	1	1	-0.4	0
chr3:1066950	10	1	10	10	1	1	1	-0.4	0
chr3:1230753	10	1	10	10	1	1	1	-0.4	0
chr3:1291874	10	1	10	10	1	1	1	-0.4	0
chr3:1307639	10	1	10	10	1	1	1	-0.4	0
chr3:1359907	10	1	10	10	1	1	1	-0.4	0
chr3:1396134	10	1	10	10	1	1	1	-0.4	0
chr3:1452926	10	1	10	10	1	1	1	-0.4	0
chr3:1452926	10	1	10	10	1	1	1	-0.4	0
chr3:1456339	10	1	10	10	1	1	1	-0.4	0
chr3:1461885	10	1	10	10	1	1	1	-0.4	0
chr3:1483955	10	1	10	10	1	1	1	-0.4	0
chr3:1548968	10	1	10	10	1	1	1	-0.4	0
chr3:1548968	10	1	10	10	1	1	1	-0.4	0
chr3:1584386	10	1	10	10	1	1	1	-0.4	0
chr3:1590628	10	1	10	10	1	1	1	-0.4	0
chr3:1713295	10	1	10	10	1	1	1	-0.4	0
chr3:1739556	10	1	10	10	1	1	1	-0.4	0
chr3:1743264	10	1	10	10	1	1	1	-0.4	0
chr3:1743264	10	1	10	10	1	1	1	-0.4	0
chr3:1759472	10	1	10	10	1	1	1	-0.4	0
chr3:1759472	10	1	10	10	1	1	1	-0.4	0
chr3:1774741	10	1	10	10	1	1	1	-0.4	0
chr3:1775873	10	1	10	10	1	1	1	-0.4	0
chr3:2008764	10	1	10	10	1	1	1	-0.4	0
chr3:2054064	10	1	10	10	1	1	1	-0.4	0
chr3:2054064	10	1	10	10	1	1	1	-0.4	0
chr3:2056214	10	1	10	10	1	1	1	-0.4	0
chr3:2157784	10	1	10	10	1	1	1	-0.4	0
chr3:2349028	10	1	10	10	1	1	1	-0.4	0
chr3:2349028	10	1	10	10	1	1	1	-0.4	0
chr3:2476522	10	1	10	10	1	1	1	-0.4	0
chr3:2510809	10	1	10	10	1	1	1	-0.4	0
chr3:2847410	10	1	10	10	1	1	1	-0.4	0
chr3:2921546	10	1	10	10	1	1	1	-0.4	0
chr3:3047465	10	1	10	10	1	1	1	-0.4	0
chr3:3066841	10	1	10	10	1	1	1	-0.4	0
chr3:3130269	10	1	10	10	1	1	1	-0.4	0
chr3:3197768	10	1	10	10	1	1	1	-0.4	0
chr3:3442280	10	1	10	10	1	1	1	-0.4	0
chr3:3443348	10	1	10	10	1	1	1	-0.4	0
chr3:3444066	10	1	10	10	1	1	1	-0.4	0
chr3:3444066	10	1	10	10	1	1	1	-0.4	0
chr3:3502674	10	1	10	10	1	1	1	-0.4	0
chr3:3502674	10	1	10	10	1	1	1	-0.4	0
chr3:3560728	10	1	10	10	1	1	1	-0.4	0
chr3:3658460	10	1	10	10	1	1	1	-0.4	0
chr3:3694131	10	1	10	10	1	1	1	-0.4	0
chr3:3725873	10	1	10	10	1	1	1	-0.4	0
chr3:4006447	10	1	10	10	1	1	1	-0.4	0
chr3:4006447	10	1	10	10	1	1	1	-0.4	0
chr3:4007506	10	1	10	10	1	1	1	-0.4	0
chr3:4035711	10	1	10	10	1	1	1	-0.4	0
chr3:4120313	10	1	10	10	1	1	1	-0.4	0
chr3:4120729	10	1	10	10	1	1	1	-0.4	0
chr3:4124460	10	1	10	10	1	1	1	-0.4	0
chr3:4124460	10	1	10	10	1	1	1	-0.4	0
chr3:4126818	10	1	10	10	1	1	1	-0.4	0
chr3:4138133	10	1	10	10	1	1	1	-0.4	0
chr3:4138133	10	1	10	10	1	1	1	-0.4	0
chr3:4202799	10	1	10	10	1	1	1	-0.4	0
chr3:4219483	10	1	10	10	1	1	1	-0.4	0
chr3:4312093	10	1	10	10	1	1	1	-0.4	0
chr3:4359738	10	1	10	10	1	1	1	-0.4	0
chr3:4395118	10	1	10	10	1	1	1	-0.4	0
chr3:4407903	10	1	10	10	1	1	1	-0.4	0
chr3:4407903	10	1	10	10	1	1	1	-0.4	0
chr3:4576241	10	1	10	10	1	1	1	-0.4	0
chr3:4576241	10	1	10	10	1	1	1	-0.4	0
chr3:4611127	10	1	10	10	1	1	1	-0.4	0
chr3:4641916	10	1	10	10	1	1	1	-0.4	0
chr3:4660882	10	1	10	10	1	1	1	-0.4	0
chr3:4737143	10	1	10	10	1	1	1	-0.4	0
chr3:4740147	10	1	10	10	1	1	1	-0.4	0
chr3:4740147	10	1	10	10	1	1	1	-0.4	0
chr3:4800784	10	1	10	10	1	1	1	-0.4	0
chr3:4802560	10	1	10	10	1	1	1	-0.4	0
chr3:4802560	10	1	10	10	1	1	1	-0.4	0
chr3:4843523	10	1	10	10	1	1	1	-0.4	0
chr3:4845387	10	1	10	10	1	1	1	-0.4	0
chr3:4888981	10	1	10	10	1	1	1	-0.4	0
chr3:4908110	10	1	10	10	1	1	1	-0.4	0
chr3:4908110	10	1	10	10	1	1	1	-0.4	0
chr3:4908866	10	1	10	10	1	1	1	-0.4	0
chr3:4934245	10	1	10	10	1	1	1	-0.4	0
chr3:4987995	10	1	10	10	1	1	1	-0.4	0
chr3:4988831	10	1	10	10	1	1	1	-0.4	0
chr3:5023621	10	1	10	10	1	1	1	-0.4	0
chr3:5212520	10	1	10	10	1	1	1	-0.4	0
chr3:5234465	10	1	10	10	1	1	1	-0.4	0
chr3:5234465	10	1	10	10	1	1	1	-0.4	0
chr3:5255427	10	1	10	10	1	1	1	-0.4	0
chr3:5320076	10	1	10	10	1	1	1	-0.4	0
chr3:5559008	10	1	10	10	1	1	1	-0.4	0
chr3:5568664	10	1	10	10	1	1	1	-0.4	0
chr3:5603637	10	1	10	10	1	1	1	-0.4	0
chr3:5645517	10	1	10	10	1	1	1	-0.4	0
chr3:5694686	10	1	10	10	1	1	1	-0.4	0
chr3:5707862	10	1	10	10	1	1	1	-0.4	0
chr3:5730967	10	1	10	10	1	1	1	-0.4	0
chr3:5754386	10	1	10	10	1	1	1	-0.4	0
chr3:5840429	10	1	10	10	1	1	1	-0.4	0
chr3:5964685	10	1	10	10	1	1	1	-0.4	0
chr3:6016884	10	1	10	10	1	1	1	-0.4	0
chr3:6120502	10	1	10	10	1	1	1	-0.4	0
chr3:6153786	10	1	10	10	1	1	1	-0.4	0
chr3:6164343	10	1	10	10	1	1	1	-0.4	0
chr3:6182959	10	1	10	10	1	1	1	-0.4	0
chr3:6380730	10	1	10	10	1	1	1	-0.4	0
chr3:6383440	10	1	10	10	1	1	1	-0.4	0
chr3:6383440	10	1	10	10	1	1	1	-0.4	0
chr3:6436472	10	1	10	10	1	1	1	-0.4	0
chr3:6440799	10	1	10	10	1	1	1	-0.4	0
chr3:6531980	10	1	10	10	1	1	1	-0.4	0
chr3:6531980	10	1	10	10	1	1	1	-0.4	0
chr3:6556060	10	1	10	10	1	1	1	-0.4	0
chr3:6605000	10	1	10	10	1	1	1	-0.4	0
chr3:6605000	10	1	10	10	1	1	1	-0.4	0
chr3:6709487	10	1	10	10	1	1	1	-0.4	0
chr3:6772442	10	1	10	10	1	1	1	-0.4	0
chr3:6772442	10	1	10	10	1	1	1	-0.4	0
chr3:6785889	10	1	10	10	1	1	1	-0.4	0
chr3:6840224	10	1	10	10	1	1	1	-0.4	0
chr3:6843093	10	1	10	10	1	1	1	-0.4	0
chr3:6934069	10	1	10	10	1	1	1	-0.4	0
chr3:7066722	10	1	10	10	1	1	1	-0.4	0
chr3:7082661	10	1	10	10	1	1	1	-0.4	0
chr3:7094423	10	1	10	10	1	1	1	-0.4	0
chr3:7113988	10	1	10	10	1	1	1	-0.4	0
chr3:7113988	10	1	10	10	1	1	1	-0.4	0
chr3:7160527	10	1	10	10	1	1	1	-0.4	0
chr3:7160527	10	1	10	10	1	1	1	-0.4	0
chr3:7238678	10	1	10	10	1	1	1	-0.4	0
chr3:7238678	10	1	10	10	1	1	1	-0.4	0
chr3:7239646	10	1	10	10	1	1	1	-0.4	0
chr3:7239646	10	1	10	10	1	1	1	-0.4	0
chr3:7240256	10	1	10	10	1	1	1	-0.4	0
chr3:7240256	10	1	10	10	1	1	1	-0.4	0
chr3:7240834	10	1	10	10	1	1	1	-0.4	0
chr3:7240834	10	1	10	10	1	1	1	-0.4	0
chr3:7242280	10	1	10	10	1	1	1	-0.4	0
chr3:7242744	10	1	10	10	1	1	1	-0.4	0
chr3:7242744	10	1	10	10	1	1	1	-0.4	0
chr3:7243336	10	1	10	10	1	1	1	-0.4	0
chr3:7244655	10	1	10	10	1	1	1	-0.4	0
chr3:7244655	10	1	10	10	1	1	1	-0.4	0
chr3:7244822	10	1	10	10	1	1	1	-0.4	0
chr3:7244822	10	1	10	10	1	1	1	-0.4	0
chr3:7245398	10	1	10	10	1	1	1	-0.4	0
chr3:7245766	10	1	10	10	1	1	1	-0.4	0
chr3:7247151	10	1	10	10	1	1	1	-0.4	0
chr3:7248070	10	1	10	10	1	1	1	-0.4	0
chr3:7248070	10	1	10	10	1	1	1	-0.4	0
chr3:7249608	10	1	10	10	1	1	1	-0.4	0
chr3:7251010	10	1	10	10	1	1	1	-0.4	0
chr3:7251854	10	1	10	10	1	1	1	-0.4	0
chr3:7252227	10	1	10	10	1	1	1	-0.4	0
chr3:7253256	10	1	10	10	1	1	1	-0.4	0
chr3:7255792	10	1	10	10	1	1	1	-0.4	0
chr3:7256235	10	1	10	10	1	1	1	-0.4	0
chr3:7257514	10	1	10	10	1	1	1	-0.4	0
chr3:7257514	10	1	10	10	1	1	1	-0.4	0
chr3:7257844	10	1	10	10	1	1	1	-0.4	0
chr3:7257844	10	1	10	10	1	1	1	-0.4	0
chr3:7257844	10	1	10	10	1	1	1	-0.4	0
chr3:7258746	10	1	10	10	1	1	1	-0.4	0
chr3:7260456	10	1	10	10	1	1	1	-0.4	0
chr3:7260456	10	1	10	10	1	1	1	-0.4	0
chr3:7260906	10	1	10	10	1	1	1	-0.4	0
chr3:7260906	10	1	10	10	1	1	1	-0.4	0
chr3:7261075	10	1	10	10	1	1	1	-0.4	0
chr3:7261075	10	1	10	10	1	1	1	-0.4	0
chr3:7262028	10	1	10	10	1	1	1	-0.4	0
chr3:7262028	10	1	10	10	1	1	1	-0.4	0
chr3:7262541	10	1	10	10	1	1	1	-0.4	0
chr3:7262541	10	1	10	10	1	1	1	-0.4	0
chr3:7263216	10	1	10	10	1	1	1	-0.4	0
chr3:7264928	10	1	10	10	1	1	1	-0.4	0
chr3:7266858	10	1	10	10	1	1	1	-0.4	0
chr3:7266858	10	1	10	10	1	1	1	-0.4	0
chr3:7282543	10	1	10	10	1	1	1	-0.4	0
chr3:7321522	10	1	10	10	1	1	1	-0.4	0
chr3:7321522	10	1	10	10	1	1	1	-0.4	0
chr3:7324433	10	1	10	10	1	1	1	-0.4	0
chr3:7503964	10	1	10	10	1	1	1	-0.4	0
chr3:7543848	10	1	10	10	1	1	1	-0.4	0
chr3:7579972	10	1	10	10	1	1	1	-0.4	0
chr3:7579972	10	1	10	10	1	1	1	-0.4	0
chr3:7651255	10	1	10	10	1	1	1	-0.4	0
chr3:7676065	10	1	10	10	1	1	1	-0.4	0
chr3:7797242	10	1	10	10	1	1	1	-0.4	0
chr3:7798038	10	1	10	10	1	1	1	-0.4	0
chr3:7798038	10	1	10	10	1	1	1	-0.4	0
chr3:7816868	10	1	10	10	1	1	1	-0.4	0
chr3:7816868	10	1	10	10	1	1	1	-0.4	0
chr3:7856847	10	1	10	10	1	1	1	-0.4	0
chr3:7858412	10	1	10	10	1	1	1	-0.4	0
chr3:7909022	10	1	10	10	1	1	1	-0.4	0
chr3:7912312	10	1	10	10	1	1	1	-0.4	0
chr3:7989062	10	1	10	10	1	1	1	-0.4	0
chr3:8039314	10	1	10	10	1	1	1	-0.4	0
chr3:8065762	10	1	10	10	1	1	1	-0.4	0
chr3:8105531	10	1	10	10	1	1	1	-0.4	0
chr3:8181973	10	1	10	10	1	1	1	-0.4	0
chr3:8182972	10	1	10	10	1	1	1	-0.4	0
chr3:8182972	10	1	10	10	1	1	1	-0.4	0
chr3:8186914	10	1	10	10	1	1	1	-0.4	0
chr3:8187699	10	1	10	10	1	1	1	-0.4	0
chr3:8254562	10	1	10	10	1	1	1	-0.4	0
chr3:8254562	10	1	10	10	1	1	1	-0.4	0
chr3:8258100	10	1	10	10	1	1	1	-0.4	0
chr3:8258100	10	1	10	10	1	1	1	-0.4	0
chr3:8268825	10	1	10	10	1	1	1	-0.4	0
chr3:8269782	10	1	10	10	1	1	1	-0.4	0
chr3:8275558	10	1	10	10	1	1	1	-0.4	0
chr3:8293347	10	1	10	10	1	1	1	-0.4	0
chr3:8294427	10	1	10	10	1	1	1	-0.4	0
chr3:8298180	10	1	10	10	1	1	1	-0.4	0
chr3:8337379	10	1	10	10	1	1	1	-0.4	0
chr3:8401573	10	1	10	10	1	1	1	-0.4	0
chr3:8482773	10	1	10	10	1	1	1	-0.4	0
chr3:8482773	10	1	10	10	1	1	1	-0.4	0
chr3:8546879	10	1	10	10	1	1	1	-0.4	0
chr3:8546879	10	1	10	10	1	1	1	-0.4	0
chr3:8593928	10	1	10	10	1	1	1	-0.4	0
chr3:8593928	10	1	10	10	1	1	1	-0.4	0
chr3:8594524	10	1	10	10	1	1	1	-0.4	0
chr3:8594524	10	1	10	10	1	1	1	-0.4	0
chr3:8623296	10	1	10	10	1	1	1	-0.4	0
chr3:8623296	10	1	10	10	1	1	1	-0.4	0
chr3:8708184	10	1	10	10	1	1	1	-0.4	0
chr3:8865047	10	1	10	10	1	1	1	-0.4	0
chr3:8880269	10	1	10	10	1	1	1	-0.4	0
chr3:8904872	10	1	10	10	1	1	1	-0.4	0
chr3:8923145	10	1	10	10	1	1	1	-0.4	0
chr3:9308671	10	1	10	10	1	1	1	-0.4	0
chr3:9372843	10	1	10	10	1	1	1	-0.4	0
chr3:9373792	10	1	10	10	1	1	1	-0.4	0
chr3:9374568	10	1	10	10	1	1	1	-0.4	0
chr3:9381669	10	1	10	10	1	1	1	-0.4	0
chr3:9395780	10	1	10	10	1	1	1	-0.4	0
chr3:9395780	10	1	10	10	1	1	1	-0.4	0
chr3:9396028	10	1	10	10	1	1	1	-0.4	0
chr3:9396028	10	1	10	10	1	1	1	-0.4	0
chr3:9591904	10	1	10	10	1	1	1	-0.4	0
chr3:9591904	10	1	10	10	1	1	1	-0.4	0
chr3:9714101	10	1	10	10	1	1	1	-0.4	0
chr3:9718566	10	1	10	10	1	1	1	-0.4	0
chr3:9720438	10	1	10	10	1	1	1	-0.4	0
chr3:9720997	10	1	10	10	1	1	1	-0.4	0
chr3:9720997	10	1	10	10	1	1	1	-0.4	0
chr3:9832359	10	1	10	10	1	1	1	-0.4	0
chr3:9855323	10	1	10	10	1	1	1	-0.4	0
chr3:9867605	10	1	10	10	1	1	1	-0.4	0
chr3:10063088	10	1	10	10	1	1	1	-0.4	0
chr3:10192123	10	1	10	10	1	1	1	-0.4	0
chr3:10220140	10	1	10	10	1	1	1	-0.4	0
chr3:10220140	10	1	10	10	1	1	1	-0.4	0
chr3:10220753	10	1	10	10	1	1	1	-0.4	0
chr3:10236833	10	1	10	10	1	1	1	-0.4	0
chr3:10309563	10	1	10	10	1	1	1	-0.4	0
chr3:10590822	10	1	10	10	1	1	1	-0.4	0
chr3:10591586	10	1	10	10	1	1	1	-0.4	0
chr3:10591586	10	1	10	10	1	1	1	-0.4	0
chr3:10600393	10	1	10	10	1	1	1	-0.4	0
chr3:10735377	10	1	10	10	1	1	1	-0.4	0
chr3:10790798	10	1	10	10	1	1	1	-0.4	0
chr3:10969564	10	1	10	10	1	1	1	-0.4	0
chr3:11033254	10	1	10	10	1	1	1	-0.4	0
chr3:11276851	10	1	10	10	1	1	1	-0.4	0
chr3:11470987	10	1	10	10	1	1	1	-0.4	0
chr3:11798822	10	1	10	10	1	1	1	-0.4	0
chr3:11801800	10	1	10	10	1	1	1	-0.4	0
chr3:11801800	10	1	10	10	1	1	1	-0.4	0
chr3:11802358	10	1	10	10	1	1	1	-0.4	0
chr3:13482345	10	1	10	10	1	1	1	-0.4	0
chr3:13587144	10	1	10	10	1	1	1	-0.4	0
chr3:13587690	10	1	10	10	1	1	1	-0.4	0
chr3:13587690	10	1	10	10	1	1	1	-0.4	0
chr3:13589306	10	1	10	10	1	1	1	-0.4	0
chr3:13589306	10	1	10	10	1	1	1	-0.4	0
chr3:13590448	10	1	10	10	1	1	1	-0.4	0
chr3:13590448	10	1	10	10	1	1	1	-0.4	0
chr3:13590674	10	1	10	10	1	1	1	-0.4	0
chr3:13590674	10	1	10	10	1	1	1	-0.4	0
chr3:13591738	10	1	10	10	1	1	1	-0.4	0
chr3:13591738	10	1	10	10	1	1	1	-0.4	0
chr3:13705961	10	1	10	10	1	1	1	-0.4	0
chr3:14194354	10	1	10	10	1	1	1	-0.4	0
chr3:14196036	10	1	10	10	1	1	1	-0.4	0
chr3:14196036	10	1	10	10	1	1	1	-0.4	0
chr3:14196570	10	1	10	10	1	1	1	-0.4	0
chr3:14196570	10	1	10	10	1	1	1	-0.4	0
chr3:14196737	10	1	10	10	1	1	1	-0.4	0
chr3:14196737	10	1	10	10	1	1	1	-0.4	0
chr3:14197399	10	1	10	10	1	1	1	-0.4	0
chr3:14197399	10	1	10	10	1	1	1	-0.4	0
chr3:14198164	10	1	10	10	1	1	1	-0.4	0
chr3:14199002	10	1	10	10	1	1	1	-0.4	0
chr3:14199655	10	1	10	10	1	1	1	-0.4	0
chr3:14199655	10	1	10	10	1	1	1	-0.4	0
chr3:14200079	10	1	10	10	1	1	1	-0.4	0
chr3:14200079	10	1	10	10	1	1	1	-0.4	0
chr3:14201059	10	1	10	10	1	1	1	-0.4	0
chr3:14201664	10	1	10	10	1	1	1	-0.4	0
chr3:14201664	10	1	10	10	1	1	1	-0.4	0
chr3:14202136	10	1	10	10	1	1	1	-0.4	0
chr3:14202136	10	1	10	10	1	1	1	-0.4	0
chr3:14202813	10	1	10	10	1	1	1	-0.4	0
chr3:14208372	10	1	10	10	1	1	1	-0.4	0
chr3:14208372	10	1	10	10	1	1	1	-0.4	0
chr3:15228267	10	1	10	10	1	1	1	-0.4	0
chr3:15660788	10	1	10	10	1	1	1	-0.4	0
chr3:15953317	10	1	10	10	1	1	1	-0.4	0
chr3:16448885	10	1	10	10	1	1	1	-0.4	0
chr3:16449564	10	1	10	10	1	1	1	-0.4	0
chr3:16449564	10	1	10	10	1	1	1	-0.4	0
chr3:16668825	10	1	10	10	1	1	1	-0.4	0
chr3:16668825	10	1	10	10	1	1	1	-0.4	0
chr3:16706617	10	1	10	10	1	1	1	-0.4	0
chr3:16782533	10	1	10	10	1	1	1	-0.4	0
chr3:16788338	10	1	10	10	1	1	1	-0.4	0
chr3:16788338	10	1	10	10	1	1	1	-0.4	0
chr3:16815302	10	1	10	10	1	1	1	-0.4	0
chr3:16817697	10	1	10	10	1	1	1	-0.4	0
chr3:17008548	10	1	10	10	1	1	1	-0.4	0
chr3:17009326	10	1	10	10	1	1	1	-0.4	0
chr3:17009326	10	1	10	10	1	1	1	-0.4	0
chr3:17178122	10	1	10	10	1	1	1	-0.4	0
chr3:17178122	10	1	10	10	1	1	1	-0.4	0
chr3:17248710	10	1	10	10	1	1	1	-0.4	0
chr3:17362388	10	1	10	10	1	1	1	-0.4	0
chr3:17395481	10	1	10	10	1	1	1	-0.4	0
chr3:17395481	10	1	10	10	1	1	1	-0.4	0
chr3:17478564	10	1	10	10	1	1	1	-0.4	0
chr3:17509377	10	1	10	10	1	1	1	-0.4	0
chr3:17509377	10	1	10	10	1	1	1	-0.4	0
chr3:17509842	10	1	10	10	1	1	1	-0.4	0
chr3:17541548	10	1	10	10	1	1	1	-0.4	0
chr3:17558153	10	1	10	10	1	1	1	-0.4	0
chr3:17758699	10	1	10	10	1	1	1	-0.4	0
chr3:17997656	10	1	10	10	1	1	1	-0.4	0
chr3:18137142	10	1	10	10	1	1	1	-0.4	0
chr3:18158742	10	1	10	10	1	1	1	-0.4	0
chr3:18158742	10	1	10	10	1	1	1	-0.4	0
chr3:18301476	10	1	10	10	1	1	1	-0.4	0
chr3:18302663	10	1	10	10	1	1	1	-0.4	0
chr3:18373119	10	1	10	10	1	1	1	-0.4	0
chr3:18374282	10	1	10	10	1	1	1	-0.4	0
chr3:18375819	10	1	10	10	1	1	1	-0.4	0
chr3:18377268	10	1	10	10	1	1	1	-0.4	0
chr3:18469733	10	1	10	10	1	1	1	-0.4	0
chr3:18529994	10	1	10	10	1	1	1	-0.4	0
chr3:18651803	10	1	10	10	1	1	1	-0.4	0
chr3:18658567	10	1	10	10	1	1	1	-0.4	0
chr3:18658567	10	1	10	10	1	1	1	-0.4	0
chr3:18658926	10	1	10	10	1	1	1	-0.4	0
chr3:18658926	10	1	10	10	1	1	1	-0.4	0
chr3:18661293	10	1	10	10	1	1	1	-0.4	0
chr3:18662114	10	1	10	10	1	1	1	-0.4	0
chr3:18662114	10	1	10	10	1	1	1	-0.4	0
chr3:18663980	10	1	10	10	1	1	1	-0.4	0
chr3:18668990	10	1	10	10	1	1	1	-0.4	0
chr3:18753173	10	1	10	10	1	1	1	-0.4	0
chr3:18796804	10	1	10	10	1	1	1	-0.4	0
chr3:18822050	10	1	10	10	1	1	1	-0.4	0
chr3:18883438	10	1	10	10	1	1	1	-0.4	0
chr3:18960621	10	1	10	10	1	1	1	-0.4	0
chr3:19079543	10	1	10	10	1	1	1	-0.4	0
chr3:19082316	10	1	10	10	1	1	1	-0.4	0
chr3:19083727	10	1	10	10	1	1	1	-0.4	0
chr3:19251121	10	1	10	10	1	1	1	-0.4	0
chr3:19264411	10	1	10	10	1	1	1	-0.4	0
chr3:19393446	10	1	10	10	1	1	1	-0.4	0
chr3:19393446	10	1	10	10	1	1	1	-0.4	0
chr3:19406918	10	1	10	10	1	1	1	-0.4	0
chr3:19406918	10	1	10	10	1	1	1	-0.4	0
chr3:19413266	10	1	10	10	1	1	1	-0.4	0
chr3:19414970	10	1	10	10	1	1	1	-0.4	0
chr3:19449068	10	1	10	10	1	1	1	-0.4	0
chr3:19717845	10	1	10	10	1	1	1	-0.4	0
chr3:19719604	10	1	10	10	1	1	1	-0.4	0
chr3:19742051	10	1	10	10	1	1	1	-0.4	0
chr3:19742051	10	1	10	10	1	1	1	-0.4	0
chr3:19742562	10	1	10	10	1	1	1	-0.4	0
chr3:19845034	10	1	10	10	1	1	1	-0.4	0
chr3:19845034	10	1	10	10	1	1	1	-0.4	0
chr3:19855486	10	1	10	10	1	1	1	-0.4	0
chr3:19855486	10	1	10	10	1	1	1	-0.4	0
chr3:20015869	10	1	10	10	1	1	1	-0.4	0
chr3:20143210	10	1	10	10	1	1	1	-0.4	0
chr3:20143210	10	1	10	10	1	1	1	-0.4	0
chr3:20478659	10	1	10	10	1	1	1	-0.4	0
chr3:20478659	10	1	10	10	1	1	1	-0.4	0
chr3:20607160	10	1	10	10	1	1	1	-0.4	0
chr3:20913801	10	1	10	10	1	1	1	-0.4	0
chr3:21010101	10	1	10	10	1	1	1	-0.4	0
chr3:21059889	10	1	10	10	1	1	1	-0.4	0
chr3:21106119	10	1	10	10	1	1	1	-0.4	0
chr3:21252087	10	1	10	10	1	1	1	-0.4	0
chr3:21252087	10	1	10	10	1	1	1	-0.4	0
chr3:21262718	10	1	10	10	1	1	1	-0.4	0
chr3:21305128	10	1	10	10	1	1	1	-0.4	0
chr3:21309833	10	1	10	10	1	1	1	-0.4	0
chr3:21374980	10	1	10	10	1	1	1	-0.4	0
chr3:21737122	10	1	10	10	1	1	1	-0.4	0
chr3:21737122	10	1	10	10	1	1	1	-0.4	0
chr3:21761272	10	1	10	10	1	1	1	-0.4	0
chr3:21830452	10	1	10	10	1	1	1	-0.4	0
chr3:21860457	10	1	10	10	1	1	1	-0.4	0
chr3:21894068	10	1	10	10	1	1	1	-0.4	0
chr3:22097003	10	1	10	10	1	1	1	-0.4	0
chr3:22126988	10	1	10	10	1	1	1	-0.4	0
chr3:22127948	10	1	10	10	1	1	1	-0.4	0
chr3:22129520	10	1	10	10	1	1	1	-0.4	0
chr3:22129520	10	1	10	10	1	1	1	-0.4	0
chr3:22186526	10	1	10	10	1	1	1	-0.4	0
chr3:22249136	10	1	10	10	1	1	1	-0.4	0
chr3:22249136	10	1	10	10	1	1	1	-0.4	0
chr3:22281976	10	1	10	10	1	1	1	-0.4	0
chr3:22281976	10	1	10	10	1	1	1	-0.4	0
chr3:22291463	10	1	10	10	1	1	1	-0.4	0
chr3:22323973	10	1	10	10	1	1	1	-0.4	0
chr3:22362769	10	1	10	10	1	1	1	-0.4	0
chr3:22364676	10	1	10	10	1	1	1	-0.4	0
chr3:22364676	10	1	10	10	1	1	1	-0.4	0
chr3:22371338	10	1	10	10	1	1	1	-0.4	0
chr3:22371338	10	1	10	10	1	1	1	-0.4	0
chr3:22381284	10	1	10	10	1	1	1	-0.4	0
chr3:22381284	10	1	10	10	1	1	1	-0.4	0
chr3:22634108	10	1	10	10	1	1	1	-0.4	0
chr3:22732303	10	1	10	10	1	1	1	-0.4	0
chr3:22733128	10	1	10	10	1	1	1	-0.4	0
chr3:22735716	10	1	10	10	1	1	1	-0.4	0
chr3:22735716	10	1	10	10	1	1	1	-0.4	0
chr3:22741052	10	1	10	10	1	1	1	-0.4	0
chr3:22744544	10	1	10	10	1	1	1	-0.4	0
chr3:22823546	10	1	10	10	1	1	1	-0.4	0
chr3:22948062	10	1	10	10	1	1	1	-0.4	0
chr3:22991132	10	1	10	10	1	1	1	-0.4	0
chr3:22991132	10	1	10	10	1	1	1	-0.4	0
chr3:22991262	10	1	10	10	1	1	1	-0.4	0
chr3:22991262	10	1	10	10	1	1	1	-0.4	0
chr3:23143410	10	1	10	10	1	1	1	-0.4	0
chr3:23168338	10	1	10	10	1	1	1	-0.4	0
chr3:23232193	10	1	10	10	1	1	1	-0.4	0
chr3:23287508	10	1	10	10	1	1	1	-0.4	0
chr3:23287508	10	1	10	10	1	1	1	-0.4	0
chr3:23291961	10	1	10	10	1	1	1	-0.4	0
chr3:23292725	10	1	10	10	1	1	1	-0.4	0
chr3:23341973	10	1	10	10	1	1	1	-0.4	0
chr3:23348668	10	1	10	10	1	1	1	-0.4	0
chr3:23348668	10	1	10	10	1	1	1	-0.4	0
chr3:23348875	10	1	10	10	1	1	1	-0.4	0
chr3:23348875	10	1	10	10	1	1	1	-0.4	0
chr3:23350010	10	1	10	10	1	1	1	-0.4	0
chr4:56941	10	1	10	10	1	1	1	-0.4	0
chr4:268731	10	1	10	10	1	1	1	-0.4	0
chr4:299269	10	1	10	10	1	1	1	-0.4	0
chr4:299269	10	1	10	10	1	1	1	-0.4	0
chr4:307603	10	1	10	10	1	1	1	-0.4	0
chr4:525373	10	1	10	10	1	1	1	-0.4	0
chr4:553218	10	1	10	10	1	1	1	-0.4	0
chr4:558318	10	1	10	10	1	1	1	-0.4	0
chr4:707352	10	1	10	10	1	1	1	-0.4	0
chr4:728116	10	1	10	10	1	1	1	-0.4	0
chr4:728116	10	1	10	10	1	1	1	-0.4	0
chr4:741389	10	1	10	10	1	1	1	-0.4	0
chr4:744092	10	1	10	10	1	1	1	-0.4	0
chr4:810607	10	1	10	10	1	1	1	-0.4	0
chr4:1044236	10	1	10	10	1	1	1	-0.4	0
chr4:1045028	10	1	10	10	1	1	1	-0.4	0
chr4:1045028	10	1	10	10	1	1	1	-0.4	0
chr4:1072368	10	1	10	10	1	1	1	-0.4	0
chr4:1203829	10	1	10	10	1	1	1	-0.4	0
chr4:1203829	10	1	10	10	1	1	1	-0.4	0
chr4:1391657	10	1	10	10	1	1	1	-0.4	0
chr4:1415297	10	1	10	10	1	1	1	-0.4	0
chr4:1444450	10	1	10	10	1	1	1	-0.4	0
chr4:1444450	10	1	10	10	1	1	1	-0.4	0
chr4:1494866	10	1	10	10	1	1	1	-0.4	0
chr4:1494866	10	1	10	10	1	1	1	-0.4	0
chr4:1500108	10	1	10	10	1	1	1	-0.4	0
chr4:1500108	10	1	10	10	1	1	1	-0.4	0
chr4:1560211	10	1	10	10	1	1	1	-0.4	0
chr4:1560211	10	1	10	10	1	1	1	-0.4	0
chr4:1561409	10	1	10	10	1	1	1	-0.4	0
chr4:1569573	10	1	10	10	1	1	1	-0.4	0
chr4:2324923	10	1	10	10	1	1	1	-0.4	0
chr4:2572335	10	1	10	10	1	1	1	-0.4	0
chr4:2587892	10	1	10	10	1	1	1	-0.4	0
chr4:2719685	10	1	10	10	1	1	1	-0.4	0
chr4:3054356	10	1	10	10	1	1	1	-0.4	0
chr4:3950835	10	1	10	10	1	1	1	-0.4	0
chr4:3950835	10	1	10	10	1	1	1	-0.4	0
chr4:3951040	10	1	10	10	1	1	1	-0.4	0
chr4:3951040	10	1	10	10	1	1	1	-0.4	0
chr4:3951940	10	1	10	10	1	1	1	-0.4	0
chr4:3952178	10	1	10	10	1	1	1	-0.4	0
chr4:3952976	10	1	10	10	1	1	1	-0.4	0
chr4:3952976	10	1	10	10	1	1	1	-0.4	0
chr4:3953587	10	1	10	10	1	1	1	-0.4	0
chr4:3953587	10	1	10	10	1	1	1	-0.4	0
chr4:3954754	10	1	10	10	1	1	1	-0.4	0
chr4:3955249	10	1	10	10	1	1	1	-0.4	0
chr4:3955249	10	1	10	10	1	1	1	-0.4	0
chr4:3955873	10	1	10	10	1	1	1	-0.4	0
chr4:3965722	10	1	10	10	1	1	1	-0.4	0
chr4:3965722	10	1	10	10	1	1	1	-0.4	0
chr4:3966552	10	1	10	10	1	1	1	-0.4	0
chr4:3966552	10	1	10	10	1	1	1	-0.4	0
chr4:3968374	10	1	10	10	1	1	1	-0.4	0
chr4:3969201	10	1	10	10	1	1	1	-0.4	0
chr4:3972702	10	1	10	10	1	1	1	-0.4	0
chr4:3974760	10	1	10	10	1	1	1	-0.4	0
chr4:3976608	10	1	10	10	1	1	1	-0.4	0
chr4:3977728	10	1	10	10	1	1	1	-0.4	0
chr4:3979436	10	1	10	10	1	1	1	-0.4	0
chr4:3979436	10	1	10	10	1	1	1	-0.4	0
chr4:3982511	10	1	10	10	1	1	1	-0.4	0
chr4:3985473	10	1	10	10	1	1	1	-0.4	0
chr4:3986111	10	1	10	10	1	1	1	-0.4	0
chr4:3987520	10	1	10	10	1	1	1	-0.4	0
chr4:3987520	10	1	10	10	1	1	1	-0.4	0
chr4:3999809	10	1	10	10	1	1	1	-0.4	0
chr4:4000715	10	1	10	10	1	1	1	-0.4	0
chr4:4001205	10	1	10	10	1	1	1	-0.4	0
chr4:4002275	10	1	10	10	1	1	1	-0.4	0
chr4:4004060	10	1	10	10	1	1	1	-0.4	0
chr4:4005978	10	1	10	10	1	1	1	-0.4	0
chr4:4006259	10	1	10	10	1	1	1	-0.4	0
chr4:4007326	10	1	10	10	1	1	1	-0.4	0
chr4:4009814	10	1	10	10	1	1	1	-0.4	0
chr4:4009814	10	1	10	10	1	1	1	-0.4	0
chr4:4010256	10	1	10	10	1	1	1	-0.4	0
chr4:4011181	10	1	10	10	1	1	1	-0.4	0
chr4:4011654	10	1	10	10	1	1	1	-0.4	0
chr4:4011654	10	1	10	10	1	1	1	-0.4	0
chr4:4070138	10	1	10	10	1	1	1	-0.4	0
chr4:4070138	10	1	10	10	1	1	1	-0.4	0
chr4:4808071	10	1	10	10	1	1	1	-0.4	0
chr4:5497925	10	1	10	10	1	1	1	-0.4	0
chr4:5498430	10	1	10	10	1	1	1	-0.4	0
chr4:5498430	10	1	10	10	1	1	1	-0.4	0
chr4:5717861	10	1	10	10	1	1	1	-0.4	0
chr4:5736674	10	1	10	10	1	1	1	-0.4	0
chr4:5736674	10	1	10	10	1	1	1	-0.4	0
chr4:5739023	10	1	10	10	1	1	1	-0.4	0
chr4:5740156	10	1	10	10	1	1	1	-0.4	0
chr4:5740156	10	1	10	10	1	1	1	-0.4	0
chr4:5833587	10	1	10	10	1	1	1	-0.4	0
chr4:5833587	10	1	10	10	1	1	1	-0.4	0
chr4:6030744	10	1	10	10	1	1	1	-0.4	0
chr4:6217652	10	1	10	10	1	1	1	-0.4	0
chr4:6302786	10	1	10	10	1	1	1	-0.4	0
chr4:6370034	10	1	10	10	1	1	1	-0.4	0
chr4:6435134	10	1	10	10	1	1	1	-0.4	0
chr4:6909986	10	1	10	10	1	1	1	-0.4	0
chr4:6909986	10	1	10	10	1	1	1	-0.4	0
chr4:6999884	10	1	10	10	1	1	1	-0.4	0
chr4:7018424	10	1	10	10	1	1	1	-0.4	0
chr4:7018424	10	1	10	10	1	1	1	-0.4	0
chr4:7245427	10	1	10	10	1	1	1	-0.4	0
chr4:7291155	10	1	10	10	1	1	1	-0.4	0
chr4:7402064	10	1	10	10	1	1	1	-0.4	0
chr4:7403406	10	1	10	10	1	1	1	-0.4	0
chr4:7436709	10	1	10	10	1	1	1	-0.4	0
chr4:7613318	10	1	10	10	1	1	1	-0.4	0
chr4:7613318	10	1	10	10	1	1	1	-0.4	0
chr4:7787594	10	1	10	10	1	1	1	-0.4	0
chr4:7787594	10	1	10	10	1	1	1	-0.4	0
chr4:7869535	10	1	10	10	1	1	1	-0.4	0
chr4:7946823	10	1	10	10	1	1	1	-0.4	0
chr4:7946823	10	1	10	10	1	1	1	-0.4	0
chr4:8100478	10	1	10	10	1	1	1	-0.4	0
chr4:8100478	10	1	10	10	1	1	1	-0.4	0
chr4:8140130	10	1	10	10	1	1	1	-0.4	0
chr4:8140130	10	1	10	10	1	1	1	-0.4	0
chr4:8141116	10	1	10	10	1	1	1	-0.4	0
chr4:8141116	10	1	10	10	1	1	1	-0.4	0
chr4:8307333	10	1	10	10	1	1	1	-0.4	0
chr4:8358128	10	1	10	10	1	1	1	-0.4	0
chr4:8492517	10	1	10	10	1	1	1	-0.4	0
chr4:8538302	10	1	10	10	1	1	1	-0.4	0
chr4:8538302	10	1	10	10	1	1	1	-0.4	0
chr4:8541802	10	1	10	10	1	1	1	-0.4	0
chr4:8541802	10	1	10	10	1	1	1	-0.4	0
chr4:8596048	10	1	10	10	1	1	1	-0.4	0
chr4:8875543	10	1	10	10	1	1	1	-0.4	0
chr4:8875543	10	1	10	10	1	1	1	-0.4	0
chr4:8879536	10	1	10	10	1	1	1	-0.4	0
chr4:8879536	10	1	10	10	1	1	1	-0.4	0
chr4:8907858	10	1	10	10	1	1	1	-0.4	0
chr4:8935969	10	1	10	10	1	1	1	-0.4	0
chr4:8935969	10	1	10	10	1	1	1	-0.4	0
chr4:8984427	10	1	10	10	1	1	1	-0.4	0
chr4:9143503	10	1	10	10	1	1	1	-0.4	0
chr4:9147443	10	1	10	10	1	1	1	-0.4	0
chr4:9147443	10	1	10	10	1	1	1	-0.4	0
chr4:9251497	10	1	10	10	1	1	1	-0.4	0
chr4:9273779	10	1	10	10	1	1	1	-0.4	0
chr4:9297264	10	1	10	10	1	1	1	-0.4	0
chr4:9297264	10	1	10	10	1	1	1	-0.4	0
chr4:9299192	10	1	10	10	1	1	1	-0.4	0
chr4:9299839	10	1	10	10	1	1	1	-0.4	0
chr4:9302054	10	1	10	10	1	1	1	-0.4	0
chr4:9391827	10	1	10	10	1	1	1	-0.4	0
chr4:9429332	10	1	10	10	1	1	1	-0.4	0
chr4:9669206	10	1	10	10	1	1	1	-0.4	0
chr4:9679504	10	1	10	10	1	1	1	-0.4	0
chr4:9738611	10	1	10	10	1	1	1	-0.4	0
chr4:9759222	10	1	10	10	1	1	1	-0.4	0
chr4:9759222	10	1	10	10	1	1	1	-0.4	0
chr4:9760507	10	1	10	10	1	1	1	-0.4	0
chr4:9816253	10	1	10	10	1	1	1	-0.4	0
chr4:9817865	10	1	10	10	1	1	1	-0.4	0
chr4:9817865	10	1	10	10	1	1	1	-0.4	0
chr4:9874144	10	1	10	10	1	1	1	-0.4	0
chr4:9914647	10	1	10	10	1	1	1	-0.4	0
chr4:10141118	10	1	10	10	1	1	1	-0.4	0
chr4:10141118	10	1	10	10	1	1	1	-0.4	0
chr4:10145043	10	1	10	10	1	1	1	-0.4	0
chr4:10191524	10	1	10	10	1	1	1	-0.4	0
chr4:10191524	10	1	10	10	1	1	1	-0.4	0
chr4:10192093	10	1	10	10	1	1	1	-0.4	0
chr4:10265516	10	1	10	10	1	1	1	-0.4	0
chr4:10275326	10	1	10	10	1	1	1	-0.4	0
chr4:10275326	10	1	10	10	1	1	1	-0.4	0
chr4:10291515	10	1	10	10	1	1	1	-0.4	0
chr4:10291810	10	1	10	10	1	1	1	-0.4	0
chr4:10294857	10	1	10	10	1	1	1	-0.4	0
chr4:10296328	10	1	10	10	1	1	1	-0.4	0
chr4:10391584	10	1	10	10	1	1	1	-0.4	0
chr4:10463424	10	1	10	10	1	1	1	-0.4	0
chr4:10463424	10	1	10	10	1	1	1	-0.4	0
chr4:10498465	10	1	10	10	1	1	1	-0.4	0
chr4:10508417	10	1	10	10	1	1	1	-0.4	0
chr4:10509717	10	1	10	10	1	1	1	-0.4	0
chr4:10512001	10	1	10	10	1	1	1	-0.4	0
chr4:10512391	10	1	10	10	1	1	1	-0.4	0
chr4:10519178	10	1	10	10	1	1	1	-0.4	0
chr4:10591383	10	1	10	10	1	1	1	-0.4	0
chr4:10698922	10	1	10	10	1	1	1	-0.4	0
chr4:10706095	10	1	10	10	1	1	1	-0.4	0
chr4:10712956	10	1	10	10	1	1	1	-0.4	0
chr4:10716035	10	1	10	10	1	1	1	-0.4	0
chr4:10718006	10	1	10	10	1	1	1	-0.4	0
chr4:10718006	10	1	10	10	1	1	1	-0.4	0
chr4:10766069	10	1	10	10	1	1	1	-0.4	0
chr4:10813006	10	1	10	10	1	1	1	-0.4	0
chr4:10971045	10	1	10	10	1	1	1	-0.4	0
chr4:11154496	10	1	10	10	1	1	1	-0.4	0
chr4:11171639	10	1	10	10	1	1	1	-0.4	0
chr4:11405259	10	1	10	10	1	1	1	-0.4	0
chr4:11553787	10	1	10	10	1	1	1	-0.4	0
chr4:11596422	10	1	10	10	1	1	1	-0.4	0
chr4:11659154	10	1	10	10	1	1	1	-0.4	0
chr4:11842049	10	1	10	10	1	1	1	-0.4	0
chr4:11842049	10	1	10	10	1	1	1	-0.4	0
chr4:11866377	10	1	10	10	1	1	1	-0.4	0
chr4:11906472	10	1	10	10	1	1	1	-0.4	0
chr4:11993778	10	1	10	10	1	1	1	-0.4	0
chr4:12086789	10	1	10	10	1	1	1	-0.4	0
chr4:12092208	10	1	10	10	1	1	1	-0.4	0
chr4:12144012	10	1	10	10	1	1	1	-0.4	0
chr4:12144012	10	1	10	10	1	1	1	-0.4	0
chr4:12270867	10	1	10	10	1	1	1	-0.4	0
chr4:12270867	10	1	10	10	1	1	1	-0.4	0
chr4:12345187	10	1	10	10	1	1	1	-0.4	0
chr4:12396089	10	1	10	10	1	1	1	-0.4	0
chr4:12412815	10	1	10	10	1	1	1	-0.4	0
chr4:12491327	10	1	10	10	1	1	1	-0.4	0
chr4:12563268	10	1	10	10	1	1	1	-0.4	0
chr4:12648596	10	1	10	10	1	1	1	-0.4	0
chr4:12702923	10	1	10	10	1	1	1	-0.4	0
chr4:12828857	10	1	10	10	1	1	1	-0.4	0
chr4:12828857	10	1	10	10	1	1	1	-0.4	0
chr4:12936798	10	1	10	10	1	1	1	-0.4	0
chr4:12936798	10	1	10	10	1	1	1	-0.4	0
chr4:13073040	10	1	10	10	1	1	1	-0.4	0
chr4:13073040	10	1	10	10	1	1	1	-0.4	0
chr4:13080477	10	1	10	10	1	1	1	-0.4	0
chr4:13222362	10	1	10	10	1	1	1	-0.4	0
chr4:13223744	10	1	10	10	1	1	1	-0.4	0
chr4:13223744	10	1	10	10	1	1	1	-0.4	0
chr4:13510999	10	1	10	10	1	1	1	-0.4	0
chr4:13620165	10	1	10	10	1	1	1	-0.4	0
chr4:13620165	10	1	10	10	1	1	1	-0.4	0
chr4:13658006	10	1	10	10	1	1	1	-0.4	0
chr4:13658006	10	1	10	10	1	1	1	-0.4	0
chr4:13674345	10	1	10	10	1	1	1	-0.4	0
chr4:13674345	10	1	10	10	1	1	1	-0.4	0
chr4:13677166	10	1	10	10	1	1	1	-0.4	0
chr4:13677166	10	1	10	10	1	1	1	-0.4	0
chr4:13709627	10	1	10	10	1	1	1	-0.4	0
chr4:13710418	10	1	10	10	1	1	1	-0.4	0
chr4:13725219	10	1	10	10	1	1	1	-0.4	0
chr4:13729257	10	1	10	10	1	1	1	-0.4	0
chr4:13812889	10	1	10	10	1	1	1	-0.4	0
chr4:13890675	10	1	10	10	1	1	1	-0.4	0
chr4:13939712	10	1	10	10	1	1	1	-0.4	0
chr4:13998548	10	1	10	10	1	1	1	-0.4	0
chr4:13998548	10	1	10	10	1	1	1	-0.4	0
chr4:14010459	10	1	10	10	1	1	1	-0.4	0
chr4:14026453	10	1	10	10	1	1	1	-0.4	0
chr4:14055474	10	1	10	10	1	1	1	-0.4	0
chr4:14055727	10	1	10	10	1	1	1	-0.4	0
chr4:14091535	10	1	10	10	1	1	1	-0.4	0
chr4:14095847	10	1	10	10	1	1	1	-0.4	0
chr4:14097390	10	1	10	10	1	1	1	-0.4	0
chr4:14097390	10	1	10	10	1	1	1	-0.4	0
chr4:14197868	10	1	10	10	1	1	1	-0.4	0
chr4:14197868	10	1	10	10	1	1	1	-0.4	0
chr4:14198495	10	1	10	10	1	1	1	-0.4	0
chr4:14221193	10	1	10	10	1	1	1	-0.4	0
chr4:14238191	10	1	10	10	1	1	1	-0.4	0
chr4:14266816	10	1	10	10	1	1	1	-0.4	0
chr4:14363619	10	1	10	10	1	1	1	-0.4	0
chr4:14364064	10	1	10	10	1	1	1	-0.4	0
chr4:14374265	10	1	10	10	1	1	1	-0.4	0
chr4:14393588	10	1	10	10	1	1	1	-0.4	0
chr4:14545832	10	1	10	10	1	1	1	-0.4	0
chr4:14655440	10	1	10	10	1	1	1	-0.4	0
chr4:14692890	10	1	10	10	1	1	1	-0.4	0
chr4:14694531	10	1	10	10	1	1	1	-0.4	0
chr4:14696382	10	1	10	10	1	1	1	-0.4	0
chr4:14768477	10	1	10	10	1	1	1	-0.4	0
chr4:14780276	10	1	10	10	1	1	1	-0.4	0
chr4:14780276	10	1	10	10	1	1	1	-0.4	0
chr4:14781190	10	1	10	10	1	1	1	-0.4	0
chr4:14785584	10	1	10	10	1	1	1	-0.4	0
chr4:14792413	10	1	10	10	1	1	1	-0.4	0
chr4:14827218	10	1	10	10	1	1	1	-0.4	0
chr4:14854095	10	1	10	10	1	1	1	-0.4	0
chr4:14872233	10	1	10	10	1	1	1	-0.4	0
chr4:14873607	10	1	10	10	1	1	1	-0.4	0
chr4:14895268	10	1	10	10	1	1	1	-0.4	0
chr4:14902600	10	1	10	10	1	1	1	-0.4	0
chr4:14946122	10	1	10	10	1	1	1	-0.4	0
chr4:14970714	10	1	10	10	1	1	1	-0.4	0
chr4:14970714	10	1	10	10	1	1	1	-0.4	0
chr4:15063776	10	1	10	10	1	1	1	-0.4	0
chr4:15065683	10	1	10	10	1	1	1	-0.4	0
chr4:15103100	10	1	10	10	1	1	1	-0.4	0
chr4:15292008	10	1	10	10	1	1	1	-0.4	0
chr4:15415990	10	1	10	10	1	1	1	-0.4	0
chr4:15417668	10	1	10	10	1	1	1	-0.4	0
chr4:15417668	10	1	10	10	1	1	1	-0.4	0
chr4:15487115	10	1	10	10	1	1	1	-0.4	0
chr4:15507265	10	1	10	10	1	1	1	-0.4	0
chr4:15939729	10	1	10	10	1	1	1	-0.4	0
chr4:15947163	10	1	10	10	1	1	1	-0.4	0
chr4:16136309	10	1	10	10	1	1	1	-0.4	0
chr4:16139340	10	1	10	10	1	1	1	-0.4	0
chr4:16278307	10	1	10	10	1	1	1	-0.4	0
chr4:16310814	10	1	10	10	1	1	1	-0.4	0
chr4:16344898	10	1	10	10	1	1	1	-0.4	0
chr4:16377529	10	1	10	10	1	1	1	-0.4	0
chr4:16394604	10	1	10	10	1	1	1	-0.4	0
chr4:16455183	10	1	10	10	1	1	1	-0.4	0
chr4:16455183	10	1	10	10	1	1	1	-0.4	0
chr4:16497777	10	1	10	10	1	1	1	-0.4	0
chr4:16497777	10	1	10	10	1	1	1	-0.4	0
chr4:16498030	10	1	10	10	1	1	1	-0.4	0
chr4:16498030	10	1	10	10	1	1	1	-0.4	0
chr4:16498336	10	1	10	10	1	1	1	-0.4	0
chr4:16498336	10	1	10	10	1	1	1	-0.4	0
chr4:16559862	10	1	10	10	1	1	1	-0.4	0
chr4:16559862	10	1	10	10	1	1	1	-0.4	0
chr4:16576783	10	1	10	10	1	1	1	-0.4	0
chr4:16582982	10	1	10	10	1	1	1	-0.4	0
chr4:16582982	10	1	10	10	1	1	1	-0.4	0
chr4:16587861	10	1	10	10	1	1	1	-0.4	0
chr4:16590055	10	1	10	10	1	1	1	-0.4	0
chr4:16732915	10	1	10	10	1	1	1	-0.4	0
chr4:16746098	10	1	10	10	1	1	1	-0.4	0
chr4:16801900	10	1	10	10	1	1	1	-0.4	0
chr4:16927776	10	1	10	10	1	1	1	-0.4	0
chr4:16927776	10	1	10	10	1	1	1	-0.4	0
chr4:16960313	10	1	10	10	1	1	1	-0.4	0
chr4:17039605	10	1	10	10	1	1	1	-0.4	0
chr4:17049002	10	1	10	10	1	1	1	-0.4	0
chr4:17135020	10	1	10	10	1	1	1	-0.4	0
chr4:17150682	10	1	10	10	1	1	1	-0.4	0
chr4:17282926	10	1	10	10	1	1	1	-0.4	0
chr4:17313501	10	1	10	10	1	1	1	-0.4	0
chr4:17319233	10	1	10	10	1	1	1	-0.4	0
chr4:17334502	10	1	10	10	1	1	1	-0.4	0
chr4:17334502	10	1	10	10	1	1	1	-0.4	0
chr4:17355936	10	1	10	10	1	1	1	-0.4	0
chr4:17364253	10	1	10	10	1	1	1	-0.4	0
chr4:17397802	10	1	10	10	1	1	1	-0.4	0
chr4:17432985	10	1	10	10	1	1	1	-0.4	0
chr4:17469181	10	1	10	10	1	1	1	-0.4	0
chr4:17469181	10	1	10	10	1	1	1	-0.4	0
chr4:17520344	10	1	10	10	1	1	1	-0.4	0
chr4:17520344	10	1	10	10	1	1	1	-0.4	0
chr4:17520738	10	1	10	10	1	1	1	-0.4	0
chr4:17618542	10	1	10	10	1	1	1	-0.4	0
chr4:17642022	10	1	10	10	1	1	1	-0.4	0
chr4:17643314	10	1	10	10	1	1	1	-0.4	0
chr4:17650441	10	1	10	10	1	1	1	-0.4	0
chr4:17652249	10	1	10	10	1	1	1	-0.4	0
chr4:17652249	10	1	10	10	1	1	1	-0.4	0
chr4:17657783	10	1	10	10	1	1	1	-0.4	0
chr4:17657783	10	1	10	10	1	1	1	-0.4	0
chr4:17666504	10	1	10	10	1	1	1	-0.4	0
chr4:17732374	10	1	10	10	1	1	1	-0.4	0
chr4:17732374	10	1	10	10	1	1	1	-0.4	0
chr4:17754964	10	1	10	10	1	1	1	-0.4	0
chr4:17772799	10	1	10	10	1	1	1	-0.4	0
chr4:17778147	10	1	10	10	1	1	1	-0.4	0
chr4:17816856	10	1	10	10	1	1	1	-0.4	0
chr4:17986339	10	1	10	10	1	1	1	-0.4	0
chr4:17997094	10	1	10	10	1	1	1	-0.4	0
chr4:17997094	10	1	10	10	1	1	1	-0.4	0
chr4:18019033	10	1	10	10	1	1	1	-0.4	0
chr4:18053652	10	1	10	10	1	1	1	-0.4	0
chr4:18055645	10	1	10	10	1	1	1	-0.4	0
chr4:18055645	10	1	10	10	1	1	1	-0.4	0
chr4:18063198	10	1	10	10	1	1	1	-0.4	0
chr4:18125794	10	1	10	10	1	1	1	-0.4	0
chr4:18206537	10	1	10	10	1	1	1	-0.4	0
chr4:18217597	10	1	10	10	1	1	1	-0.4	0
chr4:18296634	10	1	10	10	1	1	1	-0.4	0
chr4:18318268	10	1	10	10	1	1	1	-0.4	0
chr4:18320114	10	1	10	10	1	1	1	-0.4	0
chr4:18460915	10	1	10	10	1	1	1	-0.4	0
chr4:18519260	10	1	10	10	1	1	1	-0.4	0
chr4:18565553	10	1	10	10	1	1	1	-0.4	0
chr4:18569836	10	1	10	10	1	1	1	-0.4	0
chr4:18573672	10	1	10	10	1	1	1	-0.4	0
chr4:18573672	10	1	10	10	1	1	1	-0.4	0
chr4:18579118	10	1	10	10	1	1	1	-0.4	0
chr5:64310	10	1	10	10	1	1	1	-0.4	0
chr5:80408	10	1	10	10	1	1	1	-0.4	0
chr5:81230	10	1	10	10	1	1	1	-0.4	0
chr5:81230	10	1	10	10	1	1	1	-0.4	0
chr5:82688	10	1	10	10	1	1	1	-0.4	0
chr5:84432	10	1	10	10	1	1	1	-0.4	0
chr5:84432	10	1	10	10	1	1	1	-0.4	0
chr5:210729	10	1	10	10	1	1	1	-0.4	0
chr5:270730	10	1	10	10	1	1	1	-0.4	0
chr5:309140	10	1	10	10	1	1	1	-0.4	0
chr5:389036	10	1	10	10	1	1	1	-0.4	0
chr5:389036	10	1	10	10	1	1	1	-0.4	0
chr5:448834	10	1	10	10	1	1	1	-0.4	0
chr5:448834	10	1	10	10	1	1	1	-0.4	0
chr5:523371	10	1	10	10	1	1	1	-0.4	0
chr5:530467	10	1	10	10	1	1	1	-0.4	0
chr5:535123	10	1	10	10	1	1	1	-0.4	0
chr5:545215	10	1	10	10	1	1	1	-0.4	0
chr5:545215	10	1	10	10	1	1	1	-0.4	0
chr5:547451	10	1	10	10	1	1	1	-0.4	0
chr5:620001	10	1	10	10	1	1	1	-0.4	0
chr5:623246	10	1	10	10	1	1	1	-0.4	0
chr5:623246	10	1	10	10	1	1	1	-0.4	0
chr5:624676	10	1	10	10	1	1	1	-0.4	0
chr5:624676	10	1	10	10	1	1	1	-0.4	0
chr5:713859	10	1	10	10	1	1	1	-0.4	0
chr5:765778	10	1	10	10	1	1	1	-0.4	0
chr5:785504	10	1	10	10	1	1	1	-0.4	0
chr5:785504	10	1	10	10	1	1	1	-0.4	0
chr5:787351	10	1	10	10	1	1	1	-0.4	0
chr5:799913	10	1	10	10	1	1	1	-0.4	0
chr5:799913	10	1	10	10	1	1	1	-0.4	0
chr5:800998	10	1	10	10	1	1	1	-0.4	0
chr5:800998	10	1	10	10	1	1	1	-0.4	0
chr5:828884	10	1	10	10	1	1	1	-0.4	0
chr5:829863	10	1	10	10	1	1	1	-0.4	0
chr5:887791	10	1	10	10	1	1	1	-0.4	0
chr5:940518	10	1	10	10	1	1	1	-0.4	0
chr5:940518	10	1	10	10	1	1	1	-0.4	0
chr5:941544	10	1	10	10	1	1	1	-0.4	0
chr5:941544	10	1	10	10	1	1	1	-0.4	0
chr5:944225	10	1	10	10	1	1	1	-0.4	0
chr5:952883	10	1	10	10	1	1	1	-0.4	0
chr5:968796	10	1	10	10	1	1	1	-0.4	0
chr5:968796	10	1	10	10	1	1	1	-0.4	0
chr5:974148	10	1	10	10	1	1	1	-0.4	0
chr5:980968	10	1	10	10	1	1	1	-0.4	0
chr5:980968	10	1	10	10	1	1	1	-0.4	0
chr5:981654	10	1	10	10	1	1	1	-0.4	0
chr5:1046036	10	1	10	10	1	1	1	-0.4	0
chr5:1046927	10	1	10	10	1	1	1	-0.4	0
chr5:1129806	10	1	10	10	1	1	1	-0.4	0
chr5:1150042	10	1	10	10	1	1	1	-0.4	0
chr5:1152820	10	1	10	10	1	1	1	-0.4	0
chr5:1291263	10	1	10	10	1	1	1	-0.4	0
chr5:1294753	10	1	10	10	1	1	1	-0.4	0
chr5:1296266	10	1	10	10	1	1	1	-0.4	0
chr5:1371667	10	1	10	10	1	1	1	-0.4	0
chr5:1376834	10	1	10	10	1	1	1	-0.4	0
chr5:1395017	10	1	10	10	1	1	1	-0.4	0
chr5:1443996	10	1	10	10	1	1	1	-0.4	0
chr5:1505056	10	1	10	10	1	1	1	-0.4	0
chr5:1519596	10	1	10	10	1	1	1	-0.4	0
chr5:1608513	10	1	10	10	1	1	1	-0.4	0
chr5:1608513	10	1	10	10	1	1	1	-0.4	0
chr5:1609058	10	1	10	10	1	1	1	-0.4	0
chr5:1609058	10	1	10	10	1	1	1	-0.4	0
chr5:1611173	10	1	10	10	1	1	1	-0.4	0
chr5:1668993	10	1	10	10	1	1	1	-0.4	0
chr5:1670782	10	1	10	10	1	1	1	-0.4	0
chr5:1734050	10	1	10	10	1	1	1	-0.4	0
chr5:1765408	10	1	10	10	1	1	1	-0.4	0
chr5:1769416	10	1	10	10	1	1	1	-0.4	0
chr5:1769416	10	1	10	10	1	1	1	-0.4	0
chr5:1792017	10	1	10	10	1	1	1	-0.4	0
chr5:1792017	10	1	10	10	1	1	1	-0.4	0
chr5:1922499	10	1	10	10	1	1	1	-0.4	0
chr5:1927217	10	1	10	10	1	1	1	-0.4	0
chr5:2007196	10	1	10	10	1	1	1	-0.4	0
chr5:2010139	10	1	10	10	1	1	1	-0.4	0
chr5:2011100	10	1	10	10	1	1	1	-0.4	0
chr5:2100948	10	1	10	10	1	1	1	-0.4	0
chr5:2125179	10	1	10	10	1	1	1	-0.4	0
chr5:2171606	10	1	10	10	1	1	1	-0.4	0
chr5:2171606	10	1	10	10	1	1	1	-0.4	0
chr5:2174949	10	1	10	10	1	1	1	-0.4	0
chr5:2174949	10	1	10	10	1	1	1	-0.4	0
chr5:2177434	10	1	10	10	1	1	1	-0.4	0
chr5:2267059	10	1	10	10	1	1	1	-0.4	0
chr5:2366714	10	1	10	10	1	1	1	-0.4	0
chr5:2399424	10	1	10	10	1	1	1	-0.4	0
chr5:2400757	10	1	10	10	1	1	1	-0.4	0
chr5:2400757	10	1	10	10	1	1	1	-0.4	0
chr5:2435560	10	1	10	10	1	1	1	-0.4	0
chr5:2557699	10	1	10	10	1	1	1	-0.4	0
chr5:2557699	10	1	10	10	1	1	1	-0.4	0
chr5:2620641	10	1	10	10	1	1	1	-0.4	0
chr5:2625410	10	1	10	10	1	1	1	-0.4	0
chr5:2658773	10	1	10	10	1	1	1	-0.4	0
chr5:2658773	10	1	10	10	1	1	1	-0.4	0
chr5:2840034	10	1	10	10	1	1	1	-0.4	0
chr5:2860445	10	1	10	10	1	1	1	-0.4	0
chr5:2861814	10	1	10	10	1	1	1	-0.4	0
chr5:2861814	10	1	10	10	1	1	1	-0.4	0
chr5:2935237	10	1	10	10	1	1	1	-0.4	0
chr5:2935773	10	1	10	10	1	1	1	-0.4	0
chr5:3065808	10	1	10	10	1	1	1	-0.4	0
chr5:3065808	10	1	10	10	1	1	1	-0.4	0
chr5:3163142	10	1	10	10	1	1	1	-0.4	0
chr5:3163142	10	1	10	10	1	1	1	-0.4	0
chr5:3164947	10	1	10	10	1	1	1	-0.4	0
chr5:3197434	10	1	10	10	1	1	1	-0.4	0
chr5:3253200	10	1	10	10	1	1	1	-0.4	0
chr5:3253200	10	1	10	10	1	1	1	-0.4	0
chr5:3463190	10	1	10	10	1	1	1	-0.4	0
chr5:3526507	10	1	10	10	1	1	1	-0.4	0
chr5:3527532	10	1	10	10	1	1	1	-0.4	0
chr5:3527532	10	1	10	10	1	1	1	-0.4	0
chr5:3528065	10	1	10	10	1	1	1	-0.4	0
chr5:3531464	10	1	10	10	1	1	1	-0.4	0
chr5:3783082	10	1	10	10	1	1	1	-0.4	0
chr5:3853316	10	1	10	10	1	1	1	-0.4	0
chr5:3857132	10	1	10	10	1	1	1	-0.4	0
chr5:3932593	10	1	10	10	1	1	1	-0.4	0
chr5:3932593	10	1	10	10	1	1	1	-0.4	0
chr5:3994036	10	1	10	10	1	1	1	-0.4	0
chr5:4151591	10	1	10	10	1	1	1	-0.4	0
chr5:4180004	10	1	10	10	1	1	1	-0.4	0
chr5:4188772	10	1	10	10	1	1	1	-0.4	0
chr5:4188772	10	1	10	10	1	1	1	-0.4	0
chr5:4193701	10	1	10	10	1	1	1	-0.4	0
chr5:4193701	10	1	10	10	1	1	1	-0.4	0
chr5:4194803	10	1	10	10	1	1	1	-0.4	0
chr5:4240252	10	1	10	10	1	1	1	-0.4	0
chr5:4272676	10	1	10	10	1	1	1	-0.4	0
chr5:4272676	10	1	10	10	1	1	1	-0.4	0
chr5:4275862	10	1	10	10	1	1	1	-0.4	0
chr5:4283412	10	1	10	10	1	1	1	-0.4	0
chr5:4337748	10	1	10	10	1	1	1	-0.4	0
chr5:4337748	10	1	10	10	1	1	1	-0.4	0
chr5:4441501	10	1	10	10	1	1	1	-0.4	0
chr5:4450836	10	1	10	10	1	1	1	-0.4	0
chr5:4484588	10	1	10	10	1	1	1	-0.4	0
chr5:4484952	10	1	10	10	1	1	1	-0.4	0
chr5:4484952	10	1	10	10	1	1	1	-0.4	0
chr5:4517145	10	1	10	10	1	1	1	-0.4	0
chr5:4554993	10	1	10	10	1	1	1	-0.4	0
chr5:4629592	10	1	10	10	1	1	1	-0.4	0
chr5:4629592	10	1	10	10	1	1	1	-0.4	0
chr5:4776912	10	1	10	10	1	1	1	-0.4	0
chr5:4825458	10	1	10	10	1	1	1	-0.4	0
chr5:4825458	10	1	10	10	1	1	1	-0.4	0
chr5:4940248	10	1	10	10	1	1	1	-0.4	0
chr5:5074284	10	1	10	10	1	1	1	-0.4	0
chr5:5074284	10	1	10	10	1	1	1	-0.4	0
chr5:5077372	10	1	10	10	1	1	1	-0.4	0
chr5:5181653	10	1	10	10	1	1	1	-0.4	0
chr5:5205356	10	1	10	10	1	1	1	-0.4	0
chr5:5205356	10	1	10	10	1	1	1	-0.4	0
chr5:5216030	10	1	10	10	1	1	1	-0.4	0
chr5:5253643	10	1	10	10	1	1	1	-0.4	0
chr5:5382751	10	1	10	10	1	1	1	-0.4	0
chr5:5411542	10	1	10	10	1	1	1	-0.4	0
chr5:5418956	10	1	10	10	1	1	1	-0.4	0
chr5:5418956	10	1	10	10	1	1	1	-0.4	0
chr5:5420082	10	1	10	10	1	1	1	-0.4	0
chr5:5459929	10	1	10	10	1	1	1	-0.4	0
chr5:5687453	10	1	10	10	1	1	1	-0.4	0
chr5:5712858	10	1	10	10	1	1	1	-0.4	0
chr5:5747657	10	1	10	10	1	1	1	-0.4	0
chr5:5814262	10	1	10	10	1	1	1	-0.4	0
chr5:5814786	10	1	10	10	1	1	1	-0.4	0
chr5:5814786	10	1	10	10	1	1	1	-0.4	0
chr5:5837542	10	1	10	10	1	1	1	-0.4	0
chr5:5862573	10	1	10	10	1	1	1	-0.4	0
chr5:5869042	10	1	10	10	1	1	1	-0.4	0
chr5:5873948	10	1	10	10	1	1	1	-0.4	0
chr5:5875065	10	1	10	10	1	1	1	-0.4	0
chr5:5875065	10	1	10	10	1	1	1	-0.4	0
chr5:5902444	10	1	10	10	1	1	1	-0.4	0
chr5:5902444	10	1	10	10	1	1	1	-0.4	0
chr5:6061606	10	1	10	10	1	1	1	-0.4	0
chr5:6127124	10	1	10	10	1	1	1	-0.4	0
chr5:6127124	10	1	10	10	1	1	1	-0.4	0
chr5:6216769	10	1	10	10	1	1	1	-0.4	0
chr5:6216769	10	1	10	10	1	1	1	-0.4	0
chr5:6217855	10	1	10	10	1	1	1	-0.4	0
chr5:6225332	10	1	10	10	1	1	1	-0.4	0
chr5:6225332	10	1	10	10	1	1	1	-0.4	0
chr5:6395280	10	1	10	10	1	1	1	-0.4	0
chr5:6414427	10	1	10	10	1	1	1	-0.4	0
chr5:6424862	10	1	10	10	1	1	1	-0.4	0
chr5:6430286	10	1	10	10	1	1	1	-0.4	0
chr5:6458292	10	1	10	10	1	1	1	-0.4	0
chr5:6475994	10	1	10	10	1	1	1	-0.4	0
chr5:6514925	10	1	10	10	1	1	1	-0.4	0
chr5:6791910	10	1	10	10	1	1	1	-0.4	0
chr5:6791910	10	1	10	10	1	1	1	-0.4	0
chr5:6812389	10	1	10	10	1	1	1	-0.4	0
chr5:6977943	10	1	10	10	1	1	1	-0.4	0
chr5:7008132	10	1	10	10	1	1	1	-0.4	0
chr5:7049070	10	1	10	10	1	1	1	-0.4	0
chr5:7167296	10	1	10	10	1	1	1	-0.4	0
chr5:7172185	10	1	10	10	1	1	1	-0.4	0
chr5:7179539	10	1	10	10	1	1	1	-0.4	0
chr5:7179539	10	1	10	10	1	1	1	-0.4	0
chr5:7251906	10	1	10	10	1	1	1	-0.4	0
chr5:7267260	10	1	10	10	1	1	1	-0.4	0
chr5:7267260	10	1	10	10	1	1	1	-0.4	0
chr5:7372083	10	1	10	10	1	1	1	-0.4	0
chr5:7372083	10	1	10	10	1	1	1	-0.4	0
chr5:7373910	10	1	10	10	1	1	1	-0.4	0
chr5:7382526	10	1	10	10	1	1	1	-0.4	0
chr5:7382526	10	1	10	10	1	1	1	-0.4	0
chr5:7385800	10	1	10	10	1	1	1	-0.4	0
chr5:7445802	10	1	10	10	1	1	1	-0.4	0
chr5:7445802	10	1	10	10	1	1	1	-0.4	0
chr5:7464398	10	1	10	10	1	1	1	-0.4	0
chr5:7464398	10	1	10	10	1	1	1	-0.4	0
chr5:7465013	10	1	10	10	1	1	1	-0.4	0
chr5:7468845	10	1	10	10	1	1	1	-0.4	0
chr5:7497011	10	1	10	10	1	1	1	-0.4	0
chr5:7655866	10	1	10	10	1	1	1	-0.4	0
chr5:7655866	10	1	10	10	1	1	1	-0.4	0
chr5:7810151	10	1	10	10	1	1	1	-0.4	0
chr5:7859899	10	1	10	10	1	1	1	-0.4	0
chr5:7860635	10	1	10	10	1	1	1	-0.4	0
chr5:8042029	10	1	10	10	1	1	1	-0.4	0
chr5:8051047	10	1	10	10	1	1	1	-0.4	0
chr5:8077836	10	1	10	10	1	1	1	-0.4	0
chr5:8122923	10	1	10	10	1	1	1	-0.4	0
chr5:8124784	10	1	10	10	1	1	1	-0.4	0
chr5:8124784	10	1	10	10	1	1	1	-0.4	0
chr5:8216226	10	1	10	10	1	1	1	-0.4	0
chr5:8359699	10	1	10	10	1	1	1	-0.4	0
chr5:8408291	10	1	10	10	1	1	1	-0.4	0
chr5:8443926	10	1	10	10	1	1	1	-0.4	0
chr5:8498516	10	1	10	10	1	1	1	-0.4	0
chr5:8498516	10	1	10	10	1	1	1	-0.4	0
chr5:8660021	10	1	10	10	1	1	1	-0.4	0
chr5:8697344	10	1	10	10	1	1	1	-0.4	0
chr5:8698624	10	1	10	10	1	1	1	-0.4	0
chr5:8698624	10	1	10	10	1	1	1	-0.4	0
chr5:8706028	10	1	10	10	1	1	1	-0.4	0
chr5:8706028	10	1	10	10	1	1	1	-0.4	0
chr5:8710357	10	1	10	10	1	1	1	-0.4	0
chr5:8711236	10	1	10	10	1	1	1	-0.4	0
chr5:8711236	10	1	10	10	1	1	1	-0.4	0
chr5:8776530	10	1	10	10	1	1	1	-0.4	0
chr5:8777503	10	1	10	10	1	1	1	-0.4	0
chr5:8777503	10	1	10	10	1	1	1	-0.4	0
chr5:8793993	10	1	10	10	1	1	1	-0.4	0
chr5:8795763	10	1	10	10	1	1	1	-0.4	0
chr5:8797138	10	1	10	10	1	1	1	-0.4	0
chr5:8797138	10	1	10	10	1	1	1	-0.4	0
chr5:8797744	10	1	10	10	1	1	1	-0.4	0
chr5:8797744	10	1	10	10	1	1	1	-0.4	0
chr5:8798264	10	1	10	10	1	1	1	-0.4	0
chr5:8798264	10	1	10	10	1	1	1	-0.4	0
chr5:8861237	10	1	10	10	1	1	1	-0.4	0
chr5:9001003	10	1	10	10	1	1	1	-0.4	0
chr5:9033229	10	1	10	10	1	1	1	-0.4	0
chr5:9087568	10	1	10	10	1	1	1	-0.4	0
chr5:9135802	10	1	10	10	1	1	1	-0.4	0
chr5:9138130	10	1	10	10	1	1	1	-0.4	0
chr5:9164916	10	1	10	10	1	1	1	-0.4	0
chr5:9164916	10	1	10	10	1	1	1	-0.4	0
chr5:9496110	10	1	10	10	1	1	1	-0.4	0
chr5:9496110	10	1	10	10	1	1	1	-0.4	0
chr5:9515746	10	1	10	10	1	1	1	-0.4	0
chr5:9631384	10	1	10	10	1	1	1	-0.4	0
chr5:9631384	10	1	10	10	1	1	1	-0.4	0
chr5:9638753	10	1	10	10	1	1	1	-0.4	0
chr5:9644948	10	1	10	10	1	1	1	-0.4	0
chr5:9644948	10	1	10	10	1	1	1	-0.4	0
chr5:9966787	10	1	10	10	1	1	1	-0.4	0
chr5:9987895	10	1	10	10	1	1	1	-0.4	0
chr5:10047311	10	1	10	10	1	1	1	-0.4	0
chr5:10295889	10	1	10	10	1	1	1	-0.4	0
chr5:10295889	10	1	10	10	1	1	1	-0.4	0
chr5:10297074	10	1	10	10	1	1	1	-0.4	0
chr5:10297074	10	1	10	10	1	1	1	-0.4	0
chr5:10656589	10	1	10	10	1	1	1	-0.4	0
chr5:10656589	10	1	10	10	1	1	1	-0.4	0
chr5:11185058	10	1	10	10	1	1	1	-0.4	0
chr5:11185058	10	1	10	10	1	1	1	-0.4	0
chr5:11702397	10	1	10	10	1	1	1	-0.4	0
chr5:11703044	10	1	10	10	1	1	1	-0.4	0
chr5:11704158	10	1	10	10	1	1	1	-0.4	0
chr5:11705344	10	1	10	10	1	1	1	-0.4	0
chr5:11705344	10	1	10	10	1	1	1	-0.4	0
chr5:11708377	10	1	10	10	1	1	1	-0.4	0
chr5:11723695	10	1	10	10	1	1	1	-0.4	0
chr5:11724475	10	1	10	10	1	1	1	-0.4	0
chr5:11726537	10	1	10	10	1	1	1	-0.4	0
chr5:11726882	10	1	10	10	1	1	1	-0.4	0
chr5:11727155	10	1	10	10	1	1	1	-0.4	0
chr5:11727797	10	1	10	10	1	1	1	-0.4	0
chr5:11727797	10	1	10	10	1	1	1	-0.4	0
chr5:11728648	10	1	10	10	1	1	1	-0.4	0
chr5:11729132	10	1	10	10	1	1	1	-0.4	0
chr5:11730482	10	1	10	10	1	1	1	-0.4	0
chr5:11730482	10	1	10	10	1	1	1	-0.4	0
chr5:11731532	10	1	10	10	1	1	1	-0.4	0
chr5:11731532	10	1	10	10	1	1	1	-0.4	0
chr5:11732266	10	1	10	10	1	1	1	-0.4	0
chr5:11732266	10	1	10	10	1	1	1	-0.4	0
chr5:11733141	10	1	10	10	1	1	1	-0.4	0
chr5:11733758	10	1	10	10	1	1	1	-0.4	0
chr5:11733758	10	1	10	10	1	1	1	-0.4	0
chr5:11734877	10	1	10	10	1	1	1	-0.4	0
chr5:11735227	10	1	10	10	1	1	1	-0.4	0
chr5:11736047	10	1	10	10	1	1	1	-0.4	0
chr5:13424409	10	1	10	10	1	1	1	-0.4	0
chr5:13612658	10	1	10	10	1	1	1	-0.4	0
chr5:14227380	10	1	10	10	1	1	1	-0.4	0
chr5:14755451	10	1	10	10	1	1	1	-0.4	0
chr5:15017297	10	1	10	10	1	1	1	-0.4	0
chr5:15170356	10	1	10	10	1	1	1	-0.4	0
chr5:15276580	10	1	10	10	1	1	1	-0.4	0
chr5:15276580	10	1	10	10	1	1	1	-0.4	0
chr5:15409633	10	1	10	10	1	1	1	-0.4	0
chr5:15487954	10	1	10	10	1	1	1	-0.4	0
chr5:15602388	10	1	10	10	1	1	1	-0.4	0
chr5:15602388	10	1	10	10	1	1	1	-0.4	0
chr5:15631303	10	1	10	10	1	1	1	-0.4	0
chr5:15748774	10	1	10	10	1	1	1	-0.4	0
chr5:15849360	10	1	10	10	1	1	1	-0.4	0
chr5:15860752	10	1	10	10	1	1	1	-0.4	0
chr5:16043768	10	1	10	10	1	1	1	-0.4	0
chr5:16252696	10	1	10	10	1	1	1	-0.4	0
chr5:16323150	10	1	10	10	1	1	1	-0.4	0
chr5:16385239	10	1	10	10	1	1	1	-0.4	0
chr5:16385239	10	1	10	10	1	1	1	-0.4	0
chr5:16389264	10	1	10	10	1	1	1	-0.4	0
chr5:16389712	10	1	10	10	1	1	1	-0.4	0
chr5:16638286	10	1	10	10	1	1	1	-0.4	0
chr5:17141483	10	1	10	10	1	1	1	-0.4	0
chr5:17257825	10	1	10	10	1	1	1	-0.4	0
chr5:17272250	10	1	10	10	1	1	1	-0.4	0
chr5:17458977	10	1	10	10	1	1	1	-0.4	0
chr5:17550091	10	1	10	10	1	1	1	-0.4	0
chr5:17550091	10	1	10	10	1	1	1	-0.4	0
chr5:17551987	10	1	10	10	1	1	1	-0.4	0
chr5:17551987	10	1	10	10	1	1	1	-0.4	0
chr5:17653494	10	1	10	10	1	1	1	-0.4	0
chr5:17711731	10	1	10	10	1	1	1	-0.4	0
chr5:17760271	10	1	10	10	1	1	1	-0.4	0
chr5:17807624	10	1	10	10	1	1	1	-0.4	0
chr5:17828932	10	1	10	10	1	1	1	-0.4	0
chr5:17828932	10	1	10	10	1	1	1	-0.4	0
chr5:17843758	10	1	10	10	1	1	1	-0.4	0
chr5:17885097	10	1	10	10	1	1	1	-0.4	0
chr5:17913533	10	1	10	10	1	1	1	-0.4	0
chr5:17913533	10	1	10	10	1	1	1	-0.4	0
chr5:17979108	10	1	10	10	1	1	1	-0.4	0
chr5:18080796	10	1	10	10	1	1	1	-0.4	0
chr5:18080796	10	1	10	10	1	1	1	-0.4	0
chr5:18137163	10	1	10	10	1	1	1	-0.4	0
chr5:18189787	10	1	10	10	1	1	1	-0.4	0
chr5:18213559	10	1	10	10	1	1	1	-0.4	0
chr5:18215757	10	1	10	10	1	1	1	-0.4	0
chr5:18215757	10	1	10	10	1	1	1	-0.4	0
chr5:18221420	10	1	10	10	1	1	1	-0.4	0
chr5:18221420	10	1	10	10	1	1	1	-0.4	0
chr5:18228964	10	1	10	10	1	1	1	-0.4	0
chr5:18376983	10	1	10	10	1	1	1	-0.4	0
chr5:18378723	10	1	10	10	1	1	1	-0.4	0
chr5:18589710	10	1	10	10	1	1	1	-0.4	0
chr5:18589710	10	1	10	10	1	1	1	-0.4	0
chr5:18635267	10	1	10	10	1	1	1	-0.4	0
chr5:18692388	10	1	10	10	1	1	1	-0.4	0
chr5:18692388	10	1	10	10	1	1	1	-0.4	0
chr5:18790531	10	1	10	10	1	1	1	-0.4	0
chr5:18791051	10	1	10	10	1	1	1	-0.4	0
chr5:18791533	10	1	10	10	1	1	1	-0.4	0
chr5:18791533	10	1	10	10	1	1	1	-0.4	0
chr5:18802762	10	1	10	10	1	1	1	-0.4	0
chr5:18811943	10	1	10	10	1	1	1	-0.4	0
chr5:18954748	10	1	10	10	1	1	1	-0.4	0
chr5:18957755	10	1	10	10	1	1	1	-0.4	0
chr5:19000062	10	1	10	10	1	1	1	-0.4	0
chr5:19111204	10	1	10	10	1	1	1	-0.4	0
chr5:19111928	10	1	10	10	1	1	1	-0.4	0
chr5:19111928	10	1	10	10	1	1	1	-0.4	0
chr5:19131043	10	1	10	10	1	1	1	-0.4	0
chr5:19173429	10	1	10	10	1	1	1	-0.4	0
chr5:19173429	10	1	10	10	1	1	1	-0.4	0
chr5:19181465	10	1	10	10	1	1	1	-0.4	0
chr5:19218778	10	1	10	10	1	1	1	-0.4	0
chr5:19338527	10	1	10	10	1	1	1	-0.4	0
chr5:19524778	10	1	10	10	1	1	1	-0.4	0
chr5:19539056	10	1	10	10	1	1	1	-0.4	0
chr5:19539056	10	1	10	10	1	1	1	-0.4	0
chr5:19545274	10	1	10	10	1	1	1	-0.4	0
chr5:19545274	10	1	10	10	1	1	1	-0.4	0
chr5:19681399	10	1	10	10	1	1	1	-0.4	0
chr5:19681399	10	1	10	10	1	1	1	-0.4	0
chr5:19689808	10	1	10	10	1	1	1	-0.4	0
chr5:19785277	10	1	10	10	1	1	1	-0.4	0
chr5:19810581	10	1	10	10	1	1	1	-0.4	0
chr5:19820043	10	1	10	10	1	1	1	-0.4	0
chr5:19907158	10	1	10	10	1	1	1	-0.4	0
chr5:19907158	10	1	10	10	1	1	1	-0.4	0
chr5:19939849	10	1	10	10	1	1	1	-0.4	0
chr5:20049748	10	1	10	10	1	1	1	-0.4	0
chr5:20051757	10	1	10	10	1	1	1	-0.4	0
chr5:20084300	10	1	10	10	1	1	1	-0.4	0
chr5:20135247	10	1	10	10	1	1	1	-0.4	0
chr5:20136938	10	1	10	10	1	1	1	-0.4	0
chr5:20169670	10	1	10	10	1	1	1	-0.4	0
chr5:20169670	10	1	10	10	1	1	1	-0.4	0
chr5:20190186	10	1	10	10	1	1	1	-0.4	0
chr5:20191901	10	1	10	10	1	1	1	-0.4	0
chr5:20191901	10	1	10	10	1	1	1	-0.4	0
chr5:20194199	10	1	10	10	1	1	1	-0.4	0
chr5:20490159	10	1	10	10	1	1	1	-0.4	0
chr5:20490159	10	1	10	10	1	1	1	-0.4	0
chr5:20490843	10	1	10	10	1	1	1	-0.4	0
chr5:20490843	10	1	10	10	1	1	1	-0.4	0
chr5:20548791	10	1	10	10	1	1	1	-0.4	0
chr5:20643460	10	1	10	10	1	1	1	-0.4	0
chr5:20643911	10	1	10	10	1	1	1	-0.4	0
chr5:20644467	10	1	10	10	1	1	1	-0.4	0
chr5:20706869	10	1	10	10	1	1	1	-0.4	0
chr5:21118069	10	1	10	10	1	1	1	-0.4	0
chr5:21118530	10	1	10	10	1	1	1	-0.4	0
chr5:21118530	10	1	10	10	1	1	1	-0.4	0
chr5:21154320	10	1	10	10	1	1	1	-0.4	0
chr5:21226224	10	1	10	10	1	1	1	-0.4	0
chr5:21449883	10	1	10	10	1	1	1	-0.4	0
chr5:21485442	10	1	10	10	1	1	1	-0.4	0
chr5:21485442	10	1	10	10	1	1	1	-0.4	0
chr5:21542773	10	1	10	10	1	1	1	-0.4	0
chr5:21558286	10	1	10	10	1	1	1	-0.4	0
chr5:21594783	10	1	10	10	1	1	1	-0.4	0
chr5:21594783	10	1	10	10	1	1	1	-0.4	0
chr5:21603362	10	1	10	10	1	1	1	-0.4	0
chr5:21603362	10	1	10	10	1	1	1	-0.4	0
chr5:21607228	10	1	10	10	1	1	1	-0.4	0
chr5:21612487	10	1	10	10	1	1	1	-0.4	0
chr5:21663769	10	1	10	10	1	1	1	-0.4	0
chr5:21665792	10	1	10	10	1	1	1	-0.4	0
chr5:21665792	10	1	10	10	1	1	1	-0.4	0
chr5:21668795	10	1	10	10	1	1	1	-0.4	0
chr5:21694089	10	1	10	10	1	1	1	-0.4	0
chr5:21731623	10	1	10	10	1	1	1	-0.4	0
chr5:21733795	10	1	10	10	1	1	1	-0.4	0
chr5:21752103	10	1	10	10	1	1	1	-0.4	0
chr5:21753059	10	1	10	10	1	1	1	-0.4	0
chr5:21793772	10	1	10	10	1	1	1	-0.4	0
chr5:21794340	10	1	10	10	1	1	1	-0.4	0
chr5:21794340	10	1	10	10	1	1	1	-0.4	0
chr5:21819588	10	1	10	10	1	1	1	-0.4	0
chr5:21819588	10	1	10	10	1	1	1	-0.4	0
chr5:21855847	10	1	10	10	1	1	1	-0.4	0
chr5:21858780	10	1	10	10	1	1	1	-0.4	0
chr5:21875553	10	1	10	10	1	1	1	-0.4	0
chr5:21886966	10	1	10	10	1	1	1	-0.4	0
chr5:21913194	10	1	10	10	1	1	1	-0.4	0
chr5:21913194	10	1	10	10	1	1	1	-0.4	0
chr5:21968257	10	1	10	10	1	1	1	-0.4	0
chr5:21969940	10	1	10	10	1	1	1	-0.4	0
chr5:21972023	10	1	10	10	1	1	1	-0.4	0
chr5:21980393	10	1	10	10	1	1	1	-0.4	0
chr5:22015353	10	1	10	10	1	1	1	-0.4	0
chr5:22015353	10	1	10	10	1	1	1	-0.4	0
chr5:22048684	10	1	10	10	1	1	1	-0.4	0
chr5:22120616	10	1	10	10	1	1	1	-0.4	0
chr5:22202596	10	1	10	10	1	1	1	-0.4	0
chr5:22233350	10	1	10	10	1	1	1	-0.4	0
chr5:22355515	10	1	10	10	1	1	1	-0.4	0
chr5:22358407	10	1	10	10	1	1	1	-0.4	0
chr5:22529883	10	1	10	10	1	1	1	-0.4	0
chr5:22529883	10	1	10	10	1	1	1	-0.4	0
chr5:22667119	10	1	10	10	1	1	1	-0.4	0
chr5:22691697	10	1	10	10	1	1	1	-0.4	0
chr5:22692328	10	1	10	10	1	1	1	-0.4	0
chr5:22692328	10	1	10	10	1	1	1	-0.4	0
chr5:22693065	10	1	10	10	1	1	1	-0.4	0
chr5:22699654	10	1	10	10	1	1	1	-0.4	0
chr5:22754682	10	1	10	10	1	1	1	-0.4	0
chr5:22754682	10	1	10	10	1	1	1	-0.4	0
chr5:22758482	10	1	10	10	1	1	1	-0.4	0
chr5:22758482	10	1	10	10	1	1	1	-0.4	0
chr5:22764511	10	1	10	10	1	1	1	-0.4	0
chr5:22792282	10	1	10	10	1	1	1	-0.4	0
chr5:22792282	10	1	10	10	1	1	1	-0.4	0
chr5:22972615	10	1	10	10	1	1	1	-0.4	0
chr5:22998549	10	1	10	10	1	1	1	-0.4	0
chr5:23018217	10	1	10	10	1	1	1	-0.4	0
chr5:23055221	10	1	10	10	1	1	1	-0.4	0
chr5:23060033	10	1	10	10	1	1	1	-0.4	0
chr5:23086152	10	1	10	10	1	1	1	-0.4	0
chr5:23086152	10	1	10	10	1	1	1	-0.4	0
chr5:23145780	10	1	10	10	1	1	1	-0.4	0
chr5:23192346	10	1	10	10	1	1	1	-0.4	0
chr5:23192346	10	1	10	10	1	1	1	-0.4	0
chr5:23221734	10	1	10	10	1	1	1	-0.4	0
chr5:23221734	10	1	10	10	1	1	1	-0.4	0
chr5:23225525	10	1	10	10	1	1	1	-0.4	0
chr5:23313012	10	1	10	10	1	1	1	-0.4	0
chr5:23357639	10	1	10	10	1	1	1	-0.4	0
chr5:23359514	10	1	10	10	1	1	1	-0.4	0
chr5:23377299	10	1	10	10	1	1	1	-0.4	0
chr5:23377976	10	1	10	10	1	1	1	-0.4	0
chr5:23377976	10	1	10	10	1	1	1	-0.4	0
chr5:23379011	10	1	10	10	1	1	1	-0.4	0
chr5:23388652	10	1	10	10	1	1	1	-0.4	0
chr5:23388652	10	1	10	10	1	1	1	-0.4	0
chr5:23400542	10	1	10	10	1	1	1	-0.4	0
chr5:23400542	10	1	10	10	1	1	1	-0.4	0
chr5:23453020	10	1	10	10	1	1	1	-0.4	0
chr5:23584669	10	1	10	10	1	1	1	-0.4	0
chr5:23692061	10	1	10	10	1	1	1	-0.4	0
chr5:23692541	10	1	10	10	1	1	1	-0.4	0
chr5:23786474	10	1	10	10	1	1	1	-0.4	0
chr5:23786474	10	1	10	10	1	1	1	-0.4	0
chr5:23798354	10	1	10	10	1	1	1	-0.4	0
chr5:23849027	10	1	10	10	1	1	1	-0.4	0
chr5:23898757	10	1	10	10	1	1	1	-0.4	0
chr5:23943472	10	1	10	10	1	1	1	-0.4	0
chr5:23965321	10	1	10	10	1	1	1	-0.4	0
chr5:23973793	10	1	10	10	1	1	1	-0.4	0
chr5:23997760	10	1	10	10	1	1	1	-0.4	0
chr5:23997760	10	1	10	10	1	1	1	-0.4	0
chr5:24145642	10	1	10	10	1	1	1	-0.4	0
chr5:24351403	10	1	10	10	1	1	1	-0.4	0
chr5:24379138	10	1	10	10	1	1	1	-0.4	0
chr5:24382723	10	1	10	10	1	1	1	-0.4	0
chr5:24382723	10	1	10	10	1	1	1	-0.4	0
chr5:24383679	10	1	10	10	1	1	1	-0.4	0
chr5:24384320	10	1	10	10	1	1	1	-0.4	0
chr5:24384320	10	1	10	10	1	1	1	-0.4	0
chr5:24436840	10	1	10	10	1	1	1	-0.4	0
chr5:24480344	10	1	10	10	1	1	1	-0.4	0
chr5:24481981	10	1	10	10	1	1	1	-0.4	0
chr5:24540623	10	1	10	10	1	1	1	-0.4	0
chr5:24709988	10	1	10	10	1	1	1	-0.4	0
chr5:24709988	10	1	10	10	1	1	1	-0.4	0
chr5:24903529	10	1	10	10	1	1	1	-0.4	0
chr5:24903529	10	1	10	10	1	1	1	-0.4	0
chr5:24908437	10	1	10	10	1	1	1	-0.4	0
chr5:25009594	10	1	10	10	1	1	1	-0.4	0
chr5:25014863	10	1	10	10	1	1	1	-0.4	0
chr5:25014863	10	1	10	10	1	1	1	-0.4	0
chr5:25015614	10	1	10	10	1	1	1	-0.4	0
chr5:25015614	10	1	10	10	1	1	1	-0.4	0
chr5:25016920	10	1	10	10	1	1	1	-0.4	0
chr5:25018411	10	1	10	10	1	1	1	-0.4	0
chr5:25019166	10	1	10	10	1	1	1	-0.4	0
chr5:25038626	10	1	10	10	1	1	1	-0.4	0
chr5:25077992	10	1	10	10	1	1	1	-0.4	0
chr5:25087181	10	1	10	10	1	1	1	-0.4	0
chr5:25089745	10	1	10	10	1	1	1	-0.4	0
chr5:25266359	10	1	10	10	1	1	1	-0.4	0
chr5:25305814	10	1	10	10	1	1	1	-0.4	0
chr5:25399482	10	1	10	10	1	1	1	-0.4	0
chr5:25483713	10	1	10	10	1	1	1	-0.4	0
chr5:25484558	10	1	10	10	1	1	1	-0.4	0
chr5:25484558	10	1	10	10	1	1	1	-0.4	0
chr5:25528089	10	1	10	10	1	1	1	-0.4	0
chr5:25528089	10	1	10	10	1	1	1	-0.4	0
chr5:25653707	10	1	10	10	1	1	1	-0.4	0
chr5:25658679	10	1	10	10	1	1	1	-0.4	0
chr5:25659065	10	1	10	10	1	1	1	-0.4	0
chr5:25702989	10	1	10	10	1	1	1	-0.4	0
chr5:25730806	10	1	10	10	1	1	1	-0.4	0
chr5:25730806	10	1	10	10	1	1	1	-0.4	0
chr5:25733639	10	1	10	10	1	1	1	-0.4	0
chr5:25753393	10	1	10	10	1	1	1	-0.4	0
chr5:25755342	10	1	10	10	1	1	1	-0.4	0
chr5:25761797	10	1	10	10	1	1	1	-0.4	0
chr5:25765733	10	1	10	10	1	1	1	-0.4	0
chr5:25814965	10	1	10	10	1	1	1	-0.4	0
chr5:25841330	10	1	10	10	1	1	1	-0.4	0
chr5:25841330	10	1	10	10	1	1	1	-0.4	0
chr5:25845543	10	1	10	10	1	1	1	-0.4	0
chr5:25887366	10	1	10	10	1	1	1	-0.4	0
chr5:25888697	10	1	10	10	1	1	1	-0.4	0
chr5:25934386	10	1	10	10	1	1	1	-0.4	0
chr5:26018816	10	1	10	10	1	1	1	-0.4	0
chr5:26100570	10	1	10	10	1	1	1	-0.4	0
chr5:26100570	10	1	10	10	1	1	1	-0.4	0
chr5:26105729	10	1	10	10	1	1	1	-0.4	0
chr5:26107424	10	1	10	10	1	1	1	-0.4	0
chr5:26107424	10	1	10	10	1	1	1	-0.4	0
chr5:26130308	10	1	10	10	1	1	1	-0.4	0
chr5:26171939	10	1	10	10	1	1	1	-0.4	0
chr5:26213850	10	1	10	10	1	1	1	-0.4	0
chr5:26234667	10	1	10	10	1	1	1	-0.4	0
chr5:26236581	10	1	10	10	1	1	1	-0.4	0
chr5:26237227	10	1	10	10	1	1	1	-0.4	0
chr5:26251160	10	1	10	10	1	1	1	-0.4	0
chr5:26363713	10	1	10	10	1	1	1	-0.4	0
chr5:26369038	10	1	10	10	1	1	1	-0.4	0
chr5:26411750	10	1	10	10	1	1	1	-0.4	0
chr5:26447350	10	1	10	10	1	1	1	-0.4	0
chr5:26447350	10	1	10	10	1	1	1	-0.4	0
chr5:26456190	10	1	10	10	1	1	1	-0.4	0
chr5:26492373	10	1	10	10	1	1	1	-0.4	0
chr5:26532595	10	1	10	10	1	1	1	-0.4	0
chr5:26602914	10	1	10	10	1	1	1	-0.4	0
chr5:26606581	10	1	10	10	1	1	1	-0.4	0
chr5:26752476	10	1	10	10	1	1	1	-0.4	0
chr5:26762798	10	1	10	10	1	1	1	-0.4	0
chr5:26762798	10	1	10	10	1	1	1	-0.4	0
chr5:26763572	10	1	10	10	1	1	1	-0.4	0
chr5:26765408	10	1	10	10	1	1	1	-0.4	0
chr5:26765408	10	1	10	10	1	1	1	-0.4	0
chr5:26765936	10	1	10	10	1	1	1	-0.4	0
chr5:26769588	10	1	10	10	1	1	1	-0.4	0
chr5:26809862	10	1	10	10	1	1	1	-0.4	0
chr5:26850329	10	1	10	10	1	1	1	-0.4	0
chr5:26852885	10	1	10	10	1	1	1	-0.4	0
chr5:26887324	10	1	10	10	1	1	1	-0.4	0
chr5:26890287	10	1	10	10	1	1	1	-0.4	0
chr5:26901756	10	1	10	10	1	1	1	-0.4	0
chr5:26907692	10	1	10	10	1	1	1	-0.4	0
