Position	IP	Control	Fold	Expectd	Q_-lg10	P_-lg10	P_poiss	IPvsEMP	Noise
chr2:16051738	10	1	10	10	-1	72.76	1	-0.4	0
chr5:1608465	10	1	10	10	-1	68.46	1	-0.4	0
chr2:17269208	10	1	10	10	-1	63.08	1	-0.4	0
chr1:18927768	10	1	10	10	-1	62.74	1	-0.4	0
chr3:3923493	10	1	10	10	-1	57.69	1	-0.4	0
chr5:6684651	10	1	10	10	-1	55.71	1	-0.4	0
chr4:9930484	10	1	10	10	-1	53.24	1	-0.4	0
chr2:254066	10	1	10	10	-1	52.13	1	-0.4	0
chr5:18982496	10	1	10	10	-1	52.13	1	-0.4	0
chr4:7355247	10	1	10	10	-1	50.71	1	-0.4	0
chr1:18946226	10	1	10	10	-1	49.34	1	-0.4	0
chr2:8164124	10	1	10	10	-1	49.07	1	-0.4	0
chr1:18886390	10	1	10	10	-1	47.18	1	-0.4	0
chr5:817628	10	1	10	10	-1	46.09	1	-0.4	0
chr4:15877380	10	1	10	10	-1	45.29	1	-0.4	0
chr1:21030763	10	1	10	10	-1	44.79	1	-0.4	0
chr1:21364736	10	1	10	10	-1	44.02	1	-0.4	0
chr3:17182775	10	1	10	10	-1	43.42	1	-0.4	0
chr3:6565281	10	1	10	10	-1	43.36	1	-0.4	0
chr4:11604800	10	1	10	10	-1	43.04	1	-0.4	0
chr2:16843603	10	1	10	10	-1	42.95	1	-0.4	0
chr5:24066244	10	1	10	10	-1	42.95	1	-0.4	0
chr4:525351	10	1	10	10	-1	42.71	1	-0.4	0
chr3:21009009	10	1	10	10	-1	42.64	1	-0.4	0
chr2:17934517	10	1	10	10	-1	42.63	1	-0.4	0
chr3:387504	10	1	10	10	-1	41.6	1	-0.4	0
chr5:24908368	10	1	10	10	-1	41.52	1	-0.4	0
chr5:2167388	10	1	10	10	-1	40.37	1	-0.4	0
chr2:18981461	10	1	10	10	-1	39.92	1	-0.4	0
chr4:2717722	10	1	10	10	-1	39.9	1	-0.4	0
chr1:20670629	10	1	10	10	-1	39.82	1	-0.4	0
chr5:3051939	10	1	10	10	-1	39.24	1	-0.4	0
chr4:11405217	10	1	10	10	-1	39.07	1	-0.4	0
chr2:10043924	10	1	10	10	-1	38.06	1	-0.4	0
chr3:8623283	10	1	10	10	-1	38.04	1	-0.4	0
chr2:17163690	10	1	10	10	-1	37.89	1	-0.4	0
chr1:27647135	10	1	10	10	-1	37.72	1	-0.4	0
chr5:19173824	10	1	10	10	-1	37.27	1	-0.4	0
chr1:25752499	10	1	10	10	-1	37.07	1	-0.4	0
chr3:9866095	10	1	10	10	-1	37.01	1	-0.4	0
chr3:19265933	10	1	10	10	-1	36.88	1	-0.4	0
chr1:25879095	10	1	10	10	-1	36.49	1	-0.4	0
chr3:3725788	10	1	10	10	-1	36.28	1	-0.4	0
chr3:9143792	10	1	10	10	-1	36.28	1	-0.4	0
chr5:5509564	10	1	10	10	-1	36.21	1	-0.4	0
chr1:1028435	10	1	10	10	-1	35.89	1	-0.4	0
chr1:21519063	10	1	10	10	-1	35.83	1	-0.4	0
chr4:6649706	10	1	10	10	-1	35.81	1	-0.4	0
chr1:18895833	10	1	10	10	-1	35.8	1	-0.4	0
chr5:25437035	10	1	10	10	-1	35.67	1	-0.4	0
chr1:984142	10	1	10	10	-1	35.66	1	-0.4	0
chr5:22331872	10	1	10	10	-1	35.63	1	-0.4	0
chr5:25291707	10	1	10	10	-1	35.56	1	-0.4	0
chr1:26657756	10	1	10	10	-1	35.49	1	-0.4	0
chr1:28147805	10	1	10	10	-1	35.4	1	-0.4	0
chr2:19065453	10	1	10	10	-1	35.36	1	-0.4	0
chr3:3582897	10	1	10	10	-1	34.93	1	-0.4	0
chr3:22328193	10	1	10	10	-1	33.99	1	-0.4	0
chr1:18456609	10	1	10	10	-1	33.69	1	-0.4	0
chr2:11754780	10	1	10	10	-1	33.69	1	-0.4	0
chr5:17711673	10	1	10	10	-1	33.61	1	-0.4	0
chr1:11612047	10	1	10	10	-1	33.35	1	-0.4	0
chr5:13897820	10	1	10	10	-1	33.31	1	-0.4	0
chr2:509863	10	1	10	10	-1	33.3	1	-0.4	0
chr5:16135243	10	1	10	10	-1	33.29	1	-0.4	0
chr3:21309764	10	1	10	10	-1	33.2	1	-0.4	0
chr2:10373572	10	1	10	10	-1	33.14	1	-0.4	0
chr4:18055656	10	1	10	10	-1	33.13	1	-0.4	0
chr1:4526171	10	1	10	10	-1	33.03	1	-0.4	0
chr4:17119713	10	1	10	10	-1	32.79	1	-0.4	0
chr3:3826119	10	1	10	10	-1	32.68	1	-0.4	0
chr5:23008400	10	1	10	10	-1	32.41	1	-0.4	0
chr1:4533006	10	1	10	10	-1	32.2	1	-0.4	0
chr3:2113609	10	1	10	10	-1	31.94	1	-0.4	0
chr3:17478748	10	1	10	10	-1	31.91	1	-0.4	0
chr3:21262660	10	1	10	10	-1	31.85	1	-0.4	0
chr1:12138669	10	1	10	10	-1	31.84	1	-0.4	0
chr5:2985532	10	1	10	10	-1	31.84	1	-0.4	0
chr3:23014107	10	1	10	10	-1	31.5	1	-0.4	0
chr3:23092971	10	1	10	10	-1	31.46	1	-0.4	0
chr4:17605330	10	1	10	10	-1	31.43	1	-0.4	0
chr4:17397815	10	1	10	10	-1	31.3	1	-0.4	0
chr2:7223744	10	1	10	10	-1	31.23	1	-0.4	0
chr3:5719138	10	1	10	10	-1	31.23	1	-0.4	0
chr3:538446	10	1	10	10	-1	31.17	1	-0.4	0
chr5:308939	10	1	10	10	-1	31.15	1	-0.4	0
chr3:3698711	10	1	10	10	-1	31.07	1	-0.4	0
chr4:10474221	10	1	10	10	-1	30.97	1	-0.4	0
chr4:15120693	10	1	10	10	-1	30.97	1	-0.4	0
chr4:17092421	10	1	10	10	-1	30.97	1	-0.4	0
chr3:1739111	10	1	10	10	-1	30.75	1	-0.4	0
chr5:23700437	10	1	10	10	-1	30.66	1	-0.4	0
chr4:13998495	10	1	10	10	-1	30.57	1	-0.4	0
chr1:18198013	10	1	10	10	-1	30.54	1	-0.4	0
chr1:471648	10	1	10	10	-1	30.44	1	-0.4	0
chr5:17731593	10	1	10	10	-1	30.42	1	-0.4	0
chr4:17986359	10	1	10	10	-1	30.38	1	-0.4	0
chr1:24487902	10	1	10	10	-1	30.36	1	-0.4	0
chr5:3857184	10	1	10	10	-1	30.29	1	-0.4	0
chr3:8531210	10	1	10	10	-1	30.27	1	-0.4	0
chr3:8213914	10	1	10	10	-1	30.25	1	-0.4	0
chr1:19600599	10	1	10	10	-1	30.12	1	-0.4	0
chr1:8060931	10	1	10	10	-1	30.1	1	-0.4	0
chr5:18378790	10	1	10	10	-1	30.09	1	-0.4	0
chr4:1382639	10	1	10	10	-1	30.06	1	-0.4	0
chr3:4660884	10	1	10	10	-1	29.97	1	-0.4	0
chr2:7899322	10	1	10	10	-1	29.82	1	-0.4	0
chr5:5915122	10	1	10	10	-1	29.8	1	-0.4	0
chr4:12573066	10	1	10	10	-1	29.43	1	-0.4	0
chr2:16485732	10	1	10	10	-1	29.4	1	-0.4	0
chr1:29762851	10	1	10	10	-1	29.37	1	-0.4	0
chr1:25941118	10	1	10	10	-1	29.13	1	-0.4	0
chr2:9258357	10	1	10	10	-1	29.1	1	-0.4	0
chr5:4825465	10	1	10	10	-1	29.04	1	-0.4	0
chr1:25781277	10	1	10	10	-1	29.03	1	-0.4	0
chr4:15273339	10	1	10	10	-1	28.89	1	-0.4	0
chr1:199584	10	1	10	10	-1	28.88	1	-0.4	0
chr5:23999824	10	1	10	10	-1	28.85	1	-0.4	0
chr4:8334106	10	1	10	10	-1	28.81	1	-0.4	0
chr2:7919494	10	1	10	10	-1	28.75	1	-0.4	0
chr5:20707165	10	1	10	10	-1	28.74	1	-0.4	0
chr1:183444	10	1	10	10	-1	28.72	1	-0.4	0
chr1:8598654	10	1	10	10	-1	28.71	1	-0.4	0
chr5:26150649	10	1	10	10	-1	28.62	1	-0.4	0
chr5:8747342	10	1	10	10	-1	28.57	1	-0.4	0
chr5:442350	10	1	10	10	-1	28.5	1	-0.4	0
chr3:5483563	10	1	10	10	-1	28.42	1	-0.4	0
chr4:9293416	10	1	10	10	-1	28.24	1	-0.4	0
chr1:4850070	10	1	10	10	-1	28.23	1	-0.4	0
chr5:22691718	10	1	10	10	-1	28.12	1	-0.4	0
chr1:10959898	10	1	10	10	-1	27.96	1	-0.4	0
chr5:3336156	10	1	10	10	-1	27.96	1	-0.4	0
chr3:17739856	10	1	10	10	-1	27.94	1	-0.4	0
chr1:5421522	10	1	10	10	-1	27.91	1	-0.4	0
chr4:744158	10	1	10	10	-1	27.87	1	-0.4	0
chr4:7491451	10	1	10	10	-1	27.8	1	-0.4	0
chr5:4555031	10	1	10	10	-1	27.75	1	-0.4	0
chr1:3995302	10	1	10	10	-1	27.72	1	-0.4	0
chr3:5644605	10	1	10	10	-1	27.71	1	-0.4	0
chr1:12050797	10	1	10	10	-1	27.44	1	-0.4	0
chr5:24887055	10	1	10	10	-1	27.44	1	-0.4	0
chr3:11384409	10	1	10	10	-1	27.38	1	-0.4	0
chr3:21252068	10	1	10	10	-1	27.29	1	-0.4	0
chr1:10001211	10	1	10	10	-1	27.28	1	-0.4	0
chr4:7349366	10	1	10	10	-1	27.21	1	-0.4	0
chr3:18883386	10	1	10	10	-1	27.16	1	-0.4	0
chr2:14065820	10	1	10	10	-1	27.1	1	-0.4	0
chr4:10030159	10	1	10	10	-1	27.05	1	-0.4	0
chr1:6103286	10	1	10	10	-1	26.87	1	-0.4	0
chr3:2349078	10	1	10	10	-1	26.81	1	-0.4	0
chr1:26256551	10	1	10	10	-1	26.79	1	-0.4	0
chr1:16765892	10	1	10	10	-1	26.71	1	-0.4	0
chr5:23786586	10	1	10	10	-1	26.65	1	-0.4	0
chr1:18905729	10	1	10	10	-1	26.63	1	-0.4	0
chr3:16758989	10	1	10	10	-1	26.57	1	-0.4	0
chr4:12571628	10	1	10	10	-1	26.53	1	-0.4	0
chr5:7678989	10	1	10	10	-1	26.53	1	-0.4	0
chr2:8139652	10	1	10	10	-1	26.51	1	-0.4	0
chr1:26164549	10	1	10	10	-1	26.5	1	-0.4	0
chr5:17585271	10	1	10	10	-1	26.49	1	-0.4	0
chr4:17189509	10	1	10	10	-1	26.44	1	-0.4	0
chr1:26587650	10	1	10	10	-1	26.42	1	-0.4	0
chr3:17362355	10	1	10	10	-1	26.42	1	-0.4	0
chr4:9302128	10	1	10	10	-1	26.41	1	-0.4	0
chr1:30242981	10	1	10	10	-1	26.4	1	-0.4	0
chr2:18423500	10	1	10	10	-1	26.39	1	-0.4	0
chr5:5473570	10	1	10	10	-1	26.36	1	-0.4	0
chr4:9253968	10	1	10	10	-1	26.31	1	-0.4	0
chr1:24848117	10	1	10	10	-1	26.28	1	-0.4	0
chr1:5070708	10	1	10	10	-1	26.28	1	-0.4	0
chr1:8728535	10	1	10	10	-1	26.28	1	-0.4	0
chr3:6720038	10	1	10	10	-1	26.28	1	-0.4	0
chr5:16722144	10	1	10	10	-1	26.28	1	-0.4	0
chr4:1415285	10	1	10	10	-1	26.25	1	-0.4	0
chr1:364316	10	1	10	10	-1	26.12	1	-0.4	0
chr5:21452716	10	1	10	10	-1	26.05	1	-0.4	0
chr1:7038251	10	1	10	10	-1	25.92	1	-0.4	0
chr5:18215782	10	1	10	10	-1	25.92	1	-0.4	0
chr3:5252827	10	1	10	10	-1	25.89	1	-0.4	0
chr4:290017	10	1	10	10	-1	25.89	1	-0.4	0
chr1:1953925	10	1	10	10	-1	25.88	1	-0.4	0
chr1:29389071	10	1	10	10	-1	25.86	1	-0.4	0
chr5:4156333	10	1	10	10	-1	25.74	1	-0.4	0
chr1:3075579	10	1	10	10	-1	25.71	1	-0.4	0
chr3:20801359	10	1	10	10	-1	25.67	1	-0.4	0
chr1:11738096	10	1	10	10	-1	25.65	1	-0.4	0
chr3:20148247	10	1	10	10	-1	25.55	1	-0.4	0
chr3:22742555	10	1	10	10	-1	25.55	1	-0.4	0
chr1:8098157	10	1	10	10	-1	25.52	1	-0.4	0
chr1:4882167	10	1	10	10	-1	25.51	1	-0.4	0
chr1:3272580	10	1	10	10	-1	25.48	1	-0.4	0
chr2:9517459	10	1	10	10	-1	25.45	1	-0.4	0
chr3:2209287	10	1	10	10	-1	25.43	1	-0.4	0
chr1:6333509	10	1	10	10	-1	25.39	1	-0.4	0
chr5:18213869	10	1	10	10	-1	25.36	1	-0.4	0
chr3:17136140	10	1	10	10	-1	25.35	1	-0.4	0
chr5:20943402	10	1	10	10	-1	25.35	1	-0.4	0
chr5:22312991	10	1	10	10	-1	25.24	1	-0.4	0
chr4:8907836	10	1	10	10	-1	25.22	1	-0.4	0
chr5:1360430	10	1	10	10	-1	25.09	1	-0.4	0
chr2:7864168	10	1	10	10	-1	25.07	1	-0.4	0
chr1:22200326	10	1	10	10	-1	25.06	1	-0.4	0
chr2:16820848	10	1	10	10	-1	25.04	1	-0.4	0
chr5:16440647	10	1	10	10	-1	25	1	-0.4	0
chr2:15284263	10	1	10	10	-1	24.98	1	-0.4	0
chr2:17616660	10	1	10	10	-1	24.98	1	-0.4	0
chr5:18558862	10	1	10	10	-1	24.98	1	-0.4	0
chr1:29625312	10	1	10	10	-1	24.94	1	-0.4	0
chr1:6463657	10	1	10	10	-1	24.94	1	-0.4	0
chr1:4713164	10	1	10	10	-1	24.93	1	-0.4	0
chr5:19308970	10	1	10	10	-1	24.82	1	-0.4	0
chr1:3072582	10	1	10	10	-1	24.81	1	-0.4	0
chr4:526697	10	1	10	10	-1	24.77	1	-0.4	0
chr1:30310926	10	1	10	10	-1	24.75	1	-0.4	0
chr4:17332237	10	1	10	10	-1	24.75	1	-0.4	0
chr2:13266691	10	1	10	10	-1	24.74	1	-0.4	0
chr5:1318982	10	1	10	10	-1	24.69	1	-0.4	0
chr1:38102	10	1	10	10	-1	24.63	1	-0.4	0
chr5:26710085	10	1	10	10	-1	24.63	1	-0.4	0
chr4:7761126	10	1	10	10	-1	24.62	1	-0.4	0
chr3:22602885	10	1	10	10	-1	24.6	1	-0.4	0
chr5:1952559	10	1	10	10	-1	24.56	1	-0.4	0
chr5:23118960	10	1	10	10	-1	24.55	1	-0.4	0
chr1:27261196	10	1	10	10	-1	24.53	1	-0.4	0
chr3:17778217	10	1	10	10	-1	24.53	1	-0.4	0
chr5:19563896	10	1	10	10	-1	24.53	1	-0.4	0
chr2:7693545	10	1	10	10	-1	24.48	1	-0.4	0
chr2:8899936	10	1	10	10	-1	24.47	1	-0.4	0
chr5:21764782	10	1	10	10	-1	24.45	1	-0.4	0
chr3:17384061	10	1	10	10	-1	24.42	1	-0.4	0
chr4:6444950	10	1	10	10	-1	24.42	1	-0.4	0
chr5:26096638	10	1	10	10	-1	24.39	1	-0.4	0
chr3:17523391	10	1	10	10	-1	24.36	1	-0.4	0
chr4:15959709	10	1	10	10	-1	24.36	1	-0.4	0
chr5:26572253	10	1	10	10	-1	24.36	1	-0.4	0
chr5:3784113	10	1	10	10	-1	24.3	1	-0.4	0
chr2:16365970	10	1	10	10	-1	24.22	1	-0.4	0
chr5:23388800	10	1	10	10	-1	24.22	1	-0.4	0
chr3:21415231	10	1	10	10	-1	24.21	1	-0.4	0
chr3:17976758	10	1	10	10	-1	24.18	1	-0.4	0
chr5:23359550	10	1	10	10	-1	24.1	1	-0.4	0
chr3:23276527	10	1	10	10	-1	24.09	1	-0.4	0
chr5:26688228	10	1	10	10	-1	24.09	1	-0.4	0
chr2:428734	10	1	10	10	-1	24.02	1	-0.4	0
chr2:13488741	10	1	10	10	-1	24	1	-0.4	0
chr5:5864233	10	1	10	10	-1	24	1	-0.4	0
chr3:2232447	10	1	10	10	-1	23.97	1	-0.4	0
chr2:10825267	10	1	10	10	-1	23.96	1	-0.4	0
chr5:24476849	10	1	10	10	-1	23.91	1	-0.4	0
chr3:9737582	10	1	10	10	-1	23.9	1	-0.4	0
chr1:25988979	10	1	10	10	-1	23.89	1	-0.4	0
chr1:29143181	10	1	10	10	-1	23.89	1	-0.4	0
chr5:22080266	10	1	10	10	-1	23.89	1	-0.4	0
chr2:17901078	10	1	10	10	-1	23.87	1	-0.4	0
chr2:18950091	10	1	10	10	-1	23.86	1	-0.4	0
chr2:10072099	10	1	10	10	-1	23.79	1	-0.4	0
chr5:23357477	10	1	10	10	-1	23.79	1	-0.4	0
chr1:29385332	10	1	10	10	-1	23.78	1	-0.4	0
chr3:1483966	10	1	10	10	-1	23.75	1	-0.4	0
chr5:16163285	10	1	10	10	-1	23.75	1	-0.4	0
chr3:23345236	10	1	10	10	-1	23.7	1	-0.4	0
chr5:26100606	10	1	10	10	-1	23.68	1	-0.4	0
chr5:24764183	10	1	10	10	-1	23.64	1	-0.4	0
chr4:15591209	10	1	10	10	-1	23.62	1	-0.4	0
chr5:26890028	10	1	10	10	-1	23.62	1	-0.4	0
chr2:12107375	10	1	10	10	-1	23.61	1	-0.4	0
chr5:22603308	10	1	10	10	-1	23.61	1	-0.4	0
chr1:29336601	10	1	10	10	-1	23.55	1	-0.4	0
chr4:11993860	10	1	10	10	-1	23.55	1	-0.4	0
chr1:22802345	10	1	10	10	-1	23.53	1	-0.4	0
chr2:6946601	10	1	10	10	-1	23.52	1	-0.4	0
chr5:21401163	10	1	10	10	-1	23.52	1	-0.4	0
chr1:23126745	10	1	10	10	-1	23.51	1	-0.4	0
chr1:24974823	10	1	10	10	-1	23.51	1	-0.4	0
chr3:22991183	10	1	10	10	-1	23.51	1	-0.4	0
chr4:13461034	10	1	10	10	-1	23.45	1	-0.4	0
chr2:9326528	10	1	10	10	-1	23.41	1	-0.4	0
chr3:5865071	10	1	10	10	-1	23.41	1	-0.4	0
chr3:20738548	10	1	10	10	-1	23.39	1	-0.4	0
chr5:9275937	10	1	10	10	-1	23.38	1	-0.4	0
chr2:10244681	10	1	10	10	-1	23.37	1	-0.4	0
chr5:566098	10	1	10	10	-1	23.32	1	-0.4	0
chr1:9241100	10	1	10	10	-1	23.31	1	-0.4	0
chr5:24264549	10	1	10	10	-1	23.31	1	-0.4	0
chr4:13023721	10	1	10	10	-1	23.28	1	-0.4	0
chr5:26822271	10	1	10	10	-1	23.28	1	-0.4	0
chr4:17643413	10	1	10	10	-1	23.27	1	-0.4	0
chr5:16725701	10	1	10	10	-1	23.27	1	-0.4	0
chr4:15039385	10	1	10	10	-1	23.26	1	-0.4	0
chr4:8203368	10	1	10	10	-1	23.26	1	-0.4	0
chr3:649344	10	1	10	10	-1	23.21	1	-0.4	0
chr4:7773706	10	1	10	10	-1	23.21	1	-0.4	0
chr2:977609	10	1	10	10	-1	23.17	1	-0.4	0
chr1:5202630	10	1	10	10	-1	23.16	1	-0.4	0
chr1:8559126	10	1	10	10	-1	23.16	1	-0.4	0
chr1:6308618	10	1	10	10	-1	23.12	1	-0.4	0
chr5:23343556	10	1	10	10	-1	23.09	1	-0.4	0
chr5:21413024	10	1	10	10	-1	23.08	1	-0.4	0
chr2:18839411	10	1	10	10	-1	23.07	1	-0.4	0
chr3:23450388	10	1	10	10	-1	23.07	1	-0.4	0
chr2:15481624	10	1	10	10	-1	23.03	1	-0.4	0
chr3:5731061	10	1	10	10	-1	23.03	1	-0.4	0
chr1:1766445	10	1	10	10	-1	23.02	1	-0.4	0
chr1:5237019	10	1	10	10	-1	23.01	1	-0.4	0
chr5:86310	10	1	10	10	-1	23	1	-0.4	0
chr2:18236965	10	1	10	10	-1	22.99	1	-0.4	0
chr5:26901214	10	1	10	10	-1	22.98	1	-0.4	0
chr3:22999659	10	1	10	10	-1	22.97	1	-0.4	0
chr3:22794564	10	1	10	10	-1	22.92	1	-0.4	0
chr2:7955884	10	1	10	10	-1	22.91	1	-0.4	0
chr1:10046534	10	1	10	10	-1	22.89	1	-0.4	0
chr3:18501938	10	1	10	10	-1	22.89	1	-0.4	0
chr3:18764823	10	1	10	10	-1	22.83	1	-0.4	0
chr1:9481302	10	1	10	10	-1	22.73	1	-0.4	0
chr4:16587887	10	1	10	10	-1	22.73	1	-0.4	0
chr4:2388138	10	1	10	10	-1	22.73	1	-0.4	0
chr2:18373383	10	1	10	10	-1	22.71	1	-0.4	0
chr5:21607474	10	1	10	10	-1	22.69	1	-0.4	0
chr4:8387979	10	1	10	10	-1	22.66	1	-0.4	0
chr5:3065774	10	1	10	10	-1	22.63	1	-0.4	0
chr2:13141262	10	1	10	10	-1	22.62	1	-0.4	0
chr1:7488915	10	1	10	10	-1	22.61	1	-0.4	0
chr1:6062052	10	1	10	10	-1	22.6	1	-0.4	0
chr1:11545804	10	1	10	10	-1	22.57	1	-0.4	0
chr5:642172	10	1	10	10	-1	22.53	1	-0.4	0
chr1:10581373	10	1	10	10	-1	22.52	1	-0.4	0
chr3:5747491	10	1	10	10	-1	22.52	1	-0.4	0
chr1:4230072	10	1	10	10	-1	22.5	1	-0.4	0
chr1:2025143	10	1	10	10	-1	22.49	1	-0.4	0
chr1:26400532	10	1	10	10	-1	22.49	1	-0.4	0
chr2:19245389	10	1	10	10	-1	22.47	1	-0.4	0
chr5:5359088	10	1	10	10	-1	22.45	1	-0.4	0
chr5:864170	10	1	10	10	-1	22.45	1	-0.4	0
chr1:4894862	10	1	10	10	-1	22.43	1	-0.4	0
chr5:22777304	10	1	10	10	-1	22.42	1	-0.4	0
chr5:4471077	10	1	10	10	-1	22.39	1	-0.4	0
chr1:7968731	10	1	10	10	-1	22.35	1	-0.4	0
chr4:18025426	10	1	10	10	-1	22.35	1	-0.4	0
chr3:18837425	10	1	10	10	-1	22.33	1	-0.4	0
chr5:2398543	10	1	10	10	-1	22.33	1	-0.4	0
chr1:3963884	10	1	10	10	-1	22.29	1	-0.4	0
chr3:22677116	10	1	10	10	-1	22.29	1	-0.4	0
chr4:15988286	10	1	10	10	-1	22.29	1	-0.4	0
chr2:16165815	10	1	10	10	-1	22.28	1	-0.4	0
chr3:6473331	10	1	10	10	-1	22.26	1	-0.4	0
chr5:25876701	10	1	10	10	-1	22.25	1	-0.4	0
chr3:4049362	10	1	10	10	-1	22.22	1	-0.4	0
chr5:16385262	10	1	10	10	-1	22.22	1	-0.4	0
chr5:20200541	10	1	10	10	-1	22.22	1	-0.4	0
chr4:1579930	10	1	10	10	-1	22.19	1	-0.4	0
chr2:15278541	10	1	10	10	-1	22.18	1	-0.4	0
chr2:11374534	10	1	10	10	-1	22.17	1	-0.4	0
chr4:18472371	10	1	10	10	-1	22.17	1	-0.4	0
chr5:26849984	10	1	10	10	-1	22.17	1	-0.4	0
chr2:18681657	10	1	10	10	-1	22.14	1	-0.4	0
chr1:11927927	10	1	10	10	-1	22.13	1	-0.4	0
chr3:1457139	10	1	10	10	-1	22.06	1	-0.4	0
chr5:25253226	10	1	10	10	-1	22.06	1	-0.4	0
chr1:21007997	10	1	10	10	-1	22.05	1	-0.4	0
chr1:27153518	10	1	10	10	-1	22.05	1	-0.4	0
chr5:4898639	10	1	10	10	-1	21.97	1	-0.4	0
chr1:7888918	10	1	10	10	-1	21.94	1	-0.4	0
chr1:1236511	10	1	10	10	-1	21.92	1	-0.4	0
chr2:11946892	10	1	10	10	-1	21.92	1	-0.4	0
chr3:8958032	10	1	10	10	-1	21.92	1	-0.4	0
chr4:12255848	10	1	10	10	-1	21.92	1	-0.4	0
chr5:2399412	10	1	10	10	-1	21.92	1	-0.4	0
chr3:3331149	10	1	10	10	-1	21.91	1	-0.4	0
chr2:18007559	10	1	10	10	-1	21.89	1	-0.4	0
chr3:3271422	10	1	10	10	-1	21.89	1	-0.4	0
chr4:18215615	10	1	10	10	-1	21.89	1	-0.4	0
chr2:12706567	10	1	10	10	-1	21.88	1	-0.4	0
chr3:1478740	10	1	10	10	-1	21.88	1	-0.4	0
chr2:259098	10	1	10	10	-1	21.85	1	-0.4	0
chr5:25398353	10	1	10	10	-1	21.84	1	-0.4	0
chr1:27088325	10	1	10	10	-1	21.83	1	-0.4	0
chr3:4119555	10	1	10	10	-1	21.8	1	-0.4	0
chr5:828849	10	1	10	10	-1	21.8	1	-0.4	0
chr5:17963203	10	1	10	10	-1	21.79	1	-0.4	0
chr1:29461338	10	1	10	10	-1	21.78	1	-0.4	0
chr1:8697335	10	1	10	10	-1	21.77	1	-0.4	0
chr5:16290595	10	1	10	10	-1	21.76	1	-0.4	0
chr5:24356959	10	1	10	10	-1	21.75	1	-0.4	0
chr5:24384355	10	1	10	10	-1	21.71	1	-0.4	0
chr3:21931641	10	1	10	10	-1	21.68	1	-0.4	0
chr3:8156769	10	1	10	10	-1	21.67	1	-0.4	0
chr5:9515621	10	1	10	10	-1	21.66	1	-0.4	0
chr2:16706102	10	1	10	10	-1	21.64	1	-0.4	0
chr3:17551365	10	1	10	10	-1	21.64	1	-0.4	0
chr1:24743973	10	1	10	10	-1	21.63	1	-0.4	0
chr1:26038578	10	1	10	10	-1	21.63	1	-0.4	0
chr5:4986581	10	1	10	10	-1	21.61	1	-0.4	0
chr5:17829218	10	1	10	10	-1	21.6	1	-0.4	0
chr3:22150771	10	1	10	10	-1	21.59	1	-0.4	0
chr2:18641069	10	1	10	10	-1	21.58	1	-0.4	0
chr3:3919248	10	1	10	10	-1	21.58	1	-0.4	0
chr1:18902226	10	1	10	10	-1	21.57	1	-0.4	0
chr1:26592880	10	1	10	10	-1	21.55	1	-0.4	0
chr2:16642461	10	1	10	10	-1	21.55	1	-0.4	0
chr5:882872	10	1	10	10	-1	21.55	1	-0.4	0
chr1:1139761	10	1	10	10	-1	21.54	1	-0.4	0
chr2:9696737	10	1	10	10	-1	21.54	1	-0.4	0
chr5:17670395	10	1	10	10	-1	21.53	1	-0.4	0
chr5:21034720	10	1	10	10	-1	21.53	1	-0.4	0
chr2:10074615	10	1	10	10	-1	21.51	1	-0.4	0
chr3:15357338	10	1	10	10	-1	21.51	1	-0.4	0
chr1:2175103	10	1	10	10	-1	21.5	1	-0.4	0
chr1:29744712	10	1	10	10	-1	21.5	1	-0.4	0
chr5:19163849	10	1	10	10	-1	21.5	1	-0.4	0
chr5:21038232	10	1	10	10	-1	21.49	1	-0.4	0
chr5:17843795	10	1	10	10	-1	21.46	1	-0.4	0
chr5:22581400	10	1	10	10	-1	21.46	1	-0.4	0
chr5:6836585	10	1	10	10	-1	21.46	1	-0.4	0
chr3:21523473	10	1	10	10	-1	21.45	1	-0.4	0
chr2:15103289	10	1	10	10	-1	21.44	1	-0.4	0
chr4:9031200	10	1	10	10	-1	21.44	1	-0.4	0
chr4:12399161	10	1	10	10	-1	21.43	1	-0.4	0
chr2:10427696	10	1	10	10	-1	21.4	1	-0.4	0
chr5:21095066	10	1	10	10	-1	21.4	1	-0.4	0
chr5:23943388	10	1	10	10	-1	21.38	1	-0.4	0
chr2:17796133	10	1	10	10	-1	21.37	1	-0.4	0
chr5:4431984	10	1	10	10	-1	21.37	1	-0.4	0
chr1:29949351	10	1	10	10	-1	21.32	1	-0.4	0
chr4:10275326	10	1	10	10	-1	21.32	1	-0.4	0
chr1:7216972	10	1	10	10	-1	21.31	1	-0.4	0
chr4:10003475	10	1	10	10	-1	21.31	1	-0.4	0
chr1:30217192	10	1	10	10	-1	21.28	1	-0.4	0
chr2:18965172	10	1	10	10	-1	21.28	1	-0.4	0
chr1:426620	10	1	10	10	-1	21.26	1	-0.4	0
chr3:6714029	10	1	10	10	-1	21.26	1	-0.4	0
chr5:24063955	10	1	10	10	-1	21.22	1	-0.4	0
chr1:5078365	10	1	10	10	-1	21.21	1	-0.4	0
chr2:8518751	10	1	10	10	-1	21.21	1	-0.4	0
chr3:9025552	10	1	10	10	-1	21.21	1	-0.4	0
chr4:10899176	10	1	10	10	-1	21.21	1	-0.4	0
chr5:499099	10	1	10	10	-1	21.21	1	-0.4	0
chr1:26477533	10	1	10	10	-1	21.15	1	-0.4	0
chr1:29644360	10	1	10	10	-1	21.15	1	-0.4	0
chr2:12224315	10	1	10	10	-1	21.15	1	-0.4	0
chr1:25156494	10	1	10	10	-1	21.13	1	-0.4	0
chr1:8843160	10	1	10	10	-1	21.12	1	-0.4	0
chr5:25609385	10	1	10	10	-1	21.12	1	-0.4	0
chr5:14755558	10	1	10	10	-1	21.11	1	-0.4	0
chr3:4012493	10	1	10	10	-1	21.1	1	-0.4	0
chr3:17180154	10	1	10	10	-1	21.09	1	-0.4	0
chr3:21932511	10	1	10	10	-1	21.09	1	-0.4	0
chr4:15798471	10	1	10	10	-1	21.09	1	-0.4	0
chr3:23352450	10	1	10	10	-1	21.08	1	-0.4	0
chr3:4970311	10	1	10	10	-1	21.08	1	-0.4	0
chr1:4676706	10	1	10	10	-1	21.03	1	-0.4	0
chr2:6881139	10	1	10	10	-1	21	1	-0.4	0
chr5:2615568	10	1	10	10	-1	20.92	1	-0.4	0
chr1:11197090	10	1	10	10	-1	20.91	1	-0.4	0
chr1:23899124	10	1	10	10	-1	20.9	1	-0.4	0
chr5:4359825	10	1	10	10	-1	20.9	1	-0.4	0
chr5:17861276	10	1	10	10	-1	20.89	1	-0.4	0
chr1:22034295	10	1	10	10	-1	20.87	1	-0.4	0
chr3:8708276	10	1	10	10	-1	20.87	1	-0.4	0
chr5:26935064	10	1	10	10	-1	20.86	1	-0.4	0
chr4:8985410	10	1	10	10	-1	20.84	1	-0.4	0
chr1:5498020	10	1	10	10	-1	20.83	1	-0.4	0
chr4:14990137	10	1	10	10	-1	20.82	1	-0.4	0
chr5:1270849	10	1	10	10	-1	20.82	1	-0.4	0
chr1:7897751	10	1	10	10	-1	20.8	1	-0.4	0
chr2:17503643	10	1	10	10	-1	20.8	1	-0.4	0
chr3:22881786	10	1	10	10	-1	20.8	1	-0.4	0
chr1:8181520	10	1	10	10	-1	20.76	1	-0.4	0
chr5:17839637	10	1	10	10	-1	20.76	1	-0.4	0
chr3:3090723	10	1	10	10	-1	20.74	1	-0.4	0
chr1:4266881	10	1	10	10	-1	20.72	1	-0.4	0
chr1:6633130	10	1	10	10	-1	20.71	1	-0.4	0
chr1:10353929	10	1	10	10	-1	20.7	1	-0.4	0
chr2:18580302	10	1	10	10	-1	20.67	1	-0.4	0
chr2:15750567	10	1	10	10	-1	20.64	1	-0.4	0
chr3:3942045	10	1	10	10	-1	20.64	1	-0.4	0
chr1:10542327	10	1	10	10	-1	20.6	1	-0.4	0
chr1:29549006	10	1	10	10	-1	20.58	1	-0.4	0
chr5:23966369	10	1	10	10	-1	20.56	1	-0.4	0
chr5:7981423	10	1	10	10	-1	20.56	1	-0.4	0
chr1:17192987	10	1	10	10	-1	20.55	1	-0.4	0
chr4:14851473	10	1	10	10	-1	20.55	1	-0.4	0
chr1:7958524	10	1	10	10	-1	20.53	1	-0.4	0
chr2:8534314	10	1	10	10	-1	20.53	1	-0.4	0
chr2:14740007	10	1	10	10	-1	20.51	1	-0.4	0
chr2:18786513	10	1	10	10	-1	20.5	1	-0.4	0
chr5:25444530	10	1	10	10	-1	20.5	1	-0.4	0
chr2:17473177	10	1	10	10	-1	20.48	1	-0.4	0
chr3:20896183	10	1	10	10	-1	20.48	1	-0.4	0
chr1:29191018	10	1	10	10	-1	20.46	1	-0.4	0
chr5:3527376	10	1	10	10	-1	20.45	1	-0.4	0
chr4:16594194	10	1	10	10	-1	20.44	1	-0.4	0
chr3:22138779	10	1	10	10	-1	20.42	1	-0.4	0
chr3:7543889	10	1	10	10	-1	20.42	1	-0.4	0
chr5:16503583	10	1	10	10	-1	20.42	1	-0.4	0
chr5:4423812	10	1	10	10	-1	20.42	1	-0.4	0
chr2:15066359	10	1	10	10	-1	20.41	1	-0.4	0
chr3:21525725	10	1	10	10	-1	20.39	1	-0.4	0
chr5:24480310	10	1	10	10	-1	20.38	1	-0.4	0
chr2:19101024	10	1	10	10	-1	20.37	1	-0.4	0
chr1:25203174	10	1	10	10	-1	20.35	1	-0.4	0
chr4:15507470	10	1	10	10	-1	20.35	1	-0.4	0
chr3:23089395	10	1	10	10	-1	20.34	1	-0.4	0
chr1:5489023	10	1	10	10	-1	20.33	1	-0.4	0
chr5:1742700	10	1	10	10	-1	20.33	1	-0.4	0
chr1:22645391	10	1	10	10	-1	20.31	1	-0.4	0
chr3:8254647	10	1	10	10	-1	20.31	1	-0.4	0
chr1:6939690	10	1	10	10	-1	20.3	1	-0.4	0
chr1:8911496	10	1	10	10	-1	20.3	1	-0.4	0
chr3:10384226	10	1	10	10	-1	20.3	1	-0.4	0
chr2:18000739	10	1	10	10	-1	20.29	1	-0.4	0
chr5:24940092	10	1	10	10	-1	20.29	1	-0.4	0
chr1:27638564	10	1	10	10	-1	20.26	1	-0.4	0
chr3:15660701	10	1	10	10	-1	20.26	1	-0.4	0
chr5:17760226	10	1	10	10	-1	20.26	1	-0.4	0
chr5:20900549	10	1	10	10	-1	20.26	1	-0.4	0
chr3:22787912	10	1	10	10	-1	20.25	1	-0.4	0
chr1:23895839	10	1	10	10	-1	20.22	1	-0.4	0
chr1:26043063	10	1	10	10	-1	20.21	1	-0.4	0
chr3:10318285	10	1	10	10	-1	20.21	1	-0.4	0
chr1:29566866	10	1	10	10	-1	20.18	1	-0.4	0
chr1:17834891	10	1	10	10	-1	20.16	1	-0.4	0
chr5:6309856	10	1	10	10	-1	20.16	1	-0.4	0
chr4:553121	10	1	10	10	-1	20.12	1	-0.4	0
chr3:19930772	10	1	10	10	-1	20.11	1	-0.4	0
chr3:20763246	10	1	10	10	-1	20.09	1	-0.4	0
chr2:18725752	10	1	10	10	-1	20.08	1	-0.4	0
chr4:14198465	10	1	10	10	-1	20.08	1	-0.4	0
chr5:9046604	10	1	10	10	-1	20.08	1	-0.4	0
chr3:18478723	10	1	10	10	-1	20.03	1	-0.4	0
chr5:3595223	10	1	10	10	-1	20.03	1	-0.4	0
chr3:7111847	10	1	10	10	-1	20.02	1	-0.4	0
chr5:2935805	10	1	10	10	-1	20.01	1	-0.4	0
chr3:20244336	10	1	10	10	-1	20	1	-0.4	0
chr4:17390184	10	1	10	10	-1	20	1	-0.4	0
chr4:14141263	10	1	10	10	-1	19.99	1	-0.4	0
chr3:5297434	10	1	10	10	-1	19.98	1	-0.4	0
chr4:12317558	10	1	10	10	-1	19.98	1	-0.4	0
chr5:22645039	10	1	10	10	-1	19.98	1	-0.4	0
chr5:17550043	10	1	10	10	-1	19.95	1	-0.4	0
chr5:556660	10	1	10	10	-1	19.95	1	-0.4	0
chr2:17542046	10	1	10	10	-1	19.93	1	-0.4	0
chr3:19880441	10	1	10	10	-1	19.93	1	-0.4	0
chr3:22917417	10	1	10	10	-1	19.93	1	-0.4	0
chr4:13836636	10	1	10	10	-1	19.91	1	-0.4	0
chr3:2385725	10	1	10	10	-1	19.9	1	-0.4	0
chr5:22958529	10	1	10	10	-1	19.9	1	-0.4	0
chr1:30267230	10	1	10	10	-1	19.87	1	-0.4	0
chr3:23291971	10	1	10	10	-1	19.87	1	-0.4	0
chr5:974120	10	1	10	10	-1	19.87	1	-0.4	0
chr3:22735682	10	1	10	10	-1	19.86	1	-0.4	0
chr2:16743900	10	1	10	10	-1	19.83	1	-0.4	0
chr5:1518135	10	1	10	10	-1	19.82	1	-0.4	0
chr4:1151510	10	1	10	10	-1	19.81	1	-0.4	0
chr3:4506364	10	1	10	10	-1	19.8	1	-0.4	0
chr3:22934176	10	1	10	10	-1	19.77	1	-0.4	0
chr5:694880	10	1	10	10	-1	19.77	1	-0.4	0
chr1:6244171	10	1	10	10	-1	19.76	1	-0.4	0
chr5:2354679	10	1	10	10	-1	19.75	1	-0.4	0
chr1:12685132	10	1	10	10	-1	19.74	1	-0.4	0
chr3:12457264	10	1	10	10	-1	19.74	1	-0.4	0
chr3:9148547	10	1	10	10	-1	19.74	1	-0.4	0
chr4:18125844	10	1	10	10	-1	19.74	1	-0.4	0
chr5:10128294	10	1	10	10	-1	19.74	1	-0.4	0
chr1:30188038	10	1	10	10	-1	19.73	1	-0.4	0
chr5:1205570	10	1	10	10	-1	19.71	1	-0.4	0
chr5:3864651	10	1	10	10	-1	19.71	1	-0.4	0
chr2:9995395	10	1	10	10	-1	19.69	1	-0.4	0
chr5:6495309	10	1	10	10	-1	19.69	1	-0.4	0
chr3:18560785	10	1	10	10	-1	19.68	1	-0.4	0
chr4:16154851	10	1	10	10	-1	19.68	1	-0.4	0
chr1:27664667	10	1	10	10	-1	19.65	1	-0.4	0
chr3:22248749	10	1	10	10	-1	19.61	1	-0.4	0
chr4:6435247	10	1	10	10	-1	19.6	1	-0.4	0
chr4:15528665	10	1	10	10	-1	19.59	1	-0.4	0
chr1:28145914	10	1	10	10	-1	19.58	1	-0.4	0
chr4:17433024	10	1	10	10	-1	19.56	1	-0.4	0
chr1:17295469	10	1	10	10	-1	19.55	1	-0.4	0
chr5:25764336	10	1	10	10	-1	19.54	1	-0.4	0
chr2:18820058	10	1	10	10	-1	19.52	1	-0.4	0
chr4:12936866	10	1	10	10	-1	19.52	1	-0.4	0
chr2:380938	10	1	10	10	-1	19.48	1	-0.4	0
chr3:18324587	10	1	10	10	-1	19.47	1	-0.4	0
chr5:1378074	10	1	10	10	-1	19.45	1	-0.4	0
chr3:17158031	10	1	10	10	-1	19.43	1	-0.4	0
chr3:17987220	10	1	10	10	-1	19.42	1	-0.4	0
chr3:2011639	10	1	10	10	-1	19.41	1	-0.4	0
chr1:18951979	10	1	10	10	-1	19.4	1	-0.4	0
chr2:13824501	10	1	10	10	-1	19.38	1	-0.4	0
chr1:9351952	10	1	10	10	-1	19.37	1	-0.4	0
chr2:15228839	10	1	10	10	-1	19.37	1	-0.4	0
chr1:27114544	10	1	10	10	-1	19.36	1	-0.4	0
chr3:2212681	10	1	10	10	-1	19.36	1	-0.4	0
chr3:9132174	10	1	10	10	-1	19.34	1	-0.4	0
chr4:728118	10	1	10	10	-1	19.33	1	-0.4	0
chr4:10249685	10	1	10	10	-1	19.31	1	-0.4	0
chr5:22924032	10	1	10	10	-1	19.31	1	-0.4	0
chr2:18622538	10	1	10	10	-1	19.3	1	-0.4	0
chr1:7734537	10	1	10	10	-1	19.29	1	-0.4	0
chr2:8913663	10	1	10	10	-1	19.28	1	-0.4	0
chr3:5263839	10	1	10	10	-1	19.27	1	-0.4	0
chr3:19740615	10	1	10	10	-1	19.26	1	-0.4	0
chr4:6839808	10	1	10	10	-1	19.26	1	-0.4	0
chr1:3348547	10	1	10	10	-1	19.25	1	-0.4	0
chr2:9675874	10	1	10	10	-1	19.21	1	-0.4	0
chr5:23669895	10	1	10	10	-1	19.21	1	-0.4	0
chr2:11277768	10	1	10	10	-1	19.18	1	-0.4	0
chr3:20378951	10	1	10	10	-1	19.18	1	-0.4	0
chr2:10561551	10	1	10	10	-1	19.16	1	-0.4	0
chr1:3849267	10	1	10	10	-1	19.13	1	-0.4	0
chr2:387825	10	1	10	10	-1	19.13	1	-0.4	0
chr2:9521028	10	1	10	10	-1	19.11	1	-0.4	0
chr5:19526123	10	1	10	10	-1	19.1	1	-0.4	0
chr3:21827678	10	1	10	10	-1	19.09	1	-0.4	0
chr1:6528514	10	1	10	10	-1	19.08	1	-0.4	0
chr3:22378930	10	1	10	10	-1	19.07	1	-0.4	0
chr1:20204448	10	1	10	10	-1	19.01	1	-0.4	0
chr1:6621056	10	1	10	10	-1	19.01	1	-0.4	0
chr2:15100334	10	1	10	10	-1	19.01	1	-0.4	0
chr5:21752461	10	1	10	10	-1	19.01	1	-0.4	0
chr1:29833147	10	1	10	10	-1	19	1	-0.4	0
chr1:537793	10	1	10	10	-1	19	1	-0.4	0
chr4:17187713	10	1	10	10	-1	19	1	-0.4	0
chr5:7557924	10	1	10	10	-1	18.99	1	-0.4	0
chr1:22768620	10	1	10	10	-1	18.93	1	-0.4	0
chr1:27571866	10	1	10	10	-1	18.91	1	-0.4	0
chr2:18724358	10	1	10	10	-1	18.89	1	-0.4	0
chr5:266736	10	1	10	10	-1	18.89	1	-0.4	0
chr4:18542490	10	1	10	10	-1	18.88	1	-0.4	0
chr5:4977276	10	1	10	10	-1	18.88	1	-0.4	0
chr5:7208545	10	1	10	10	-1	18.88	1	-0.4	0
chr2:18060599	10	1	10	10	-1	18.87	1	-0.4	0
chr3:21141633	10	1	10	10	-1	18.87	1	-0.4	0
chr1:5602229	10	1	10	10	-1	18.84	1	-0.4	0
chr2:16391579	10	1	10	10	-1	18.84	1	-0.4	0
chr3:138864	10	1	10	10	-1	18.84	1	-0.4	0
chr3:15517635	10	1	10	10	-1	18.84	1	-0.4	0
chr5:5122161	10	1	10	10	-1	18.84	1	-0.4	0
chr5:21913220	10	1	10	10	-1	18.83	1	-0.4	0
chr2:13971797	10	1	10	10	-1	18.82	1	-0.4	0
chr4:14696381	10	1	10	10	-1	18.82	1	-0.4	0
chr3:1358290	10	1	10	10	-1	18.81	1	-0.4	0
chr3:21409671	10	1	10	10	-1	18.81	1	-0.4	0
chr4:18053568	10	1	10	10	-1	18.8	1	-0.4	0
chr5:437304	10	1	10	10	-1	18.8	1	-0.4	0
chr1:10073561	10	1	10	10	-1	18.76	1	-0.4	0
chr1:20860562	10	1	10	10	-1	18.76	1	-0.4	0
chr1:28580266	10	1	10	10	-1	18.76	1	-0.4	0
chr5:24478936	10	1	10	10	-1	18.76	1	-0.4	0
chr5:4722532	10	1	10	10	-1	18.73	1	-0.4	0
chr2:17219052	10	1	10	10	-1	18.72	1	-0.4	0
chr3:11510348	10	1	10	10	-1	18.71	1	-0.4	0
chr1:2177787	10	1	10	10	-1	18.68	1	-0.4	0
chr1:29593641	10	1	10	10	-1	18.68	1	-0.4	0
chr3:256256	10	1	10	10	-1	18.67	1	-0.4	0
chr1:13999687	10	1	10	10	-1	18.66	1	-0.4	0
chr1:17816472	10	1	10	10	-1	18.66	1	-0.4	0
chr1:21256138	10	1	10	10	-1	18.66	1	-0.4	0
chr2:1123427	10	1	10	10	-1	18.66	1	-0.4	0
chr3:4254443	10	1	10	10	-1	18.66	1	-0.4	0
chr3:5175601	10	1	10	10	-1	18.66	1	-0.4	0
chr4:16330367	10	1	10	10	-1	18.66	1	-0.4	0
chr5:97282	10	1	10	10	-1	18.66	1	-0.4	0
chr2:11683713	10	1	10	10	-1	18.65	1	-0.4	0
chr5:22992119	10	1	10	10	-1	18.64	1	-0.4	0
chr5:26250908	10	1	10	10	-1	18.64	1	-0.4	0
chr5:579353	10	1	10	10	-1	18.63	1	-0.4	0
chr5:21735042	10	1	10	10	-1	18.62	1	-0.4	0
chr1:21443645	10	1	10	10	-1	18.6	1	-0.4	0
chr3:6119584	10	1	10	10	-1	18.6	1	-0.4	0
chr3:545754	10	1	10	10	-1	18.59	1	-0.4	0
chr4:16940310	10	1	10	10	-1	18.58	1	-0.4	0
chr1:27483979	10	1	10	10	-1	18.57	1	-0.4	0
chr2:13523916	10	1	10	10	-1	18.57	1	-0.4	0
chr2:16952372	10	1	10	10	-1	18.57	1	-0.4	0
chr4:1117116	10	1	10	10	-1	18.56	1	-0.4	0
chr1:28461041	10	1	10	10	-1	18.51	1	-0.4	0
chr3:18516917	10	1	10	10	-1	18.51	1	-0.4	0
chr5:17684046	10	1	10	10	-1	18.51	1	-0.4	0
chr5:332163	10	1	10	10	-1	18.5	1	-0.4	0
chr5:25336987	10	1	10	10	-1	18.49	1	-0.4	0
chr3:10023863	10	1	10	10	-1	18.48	1	-0.4	0
chr1:20763958	10	1	10	10	-1	18.47	1	-0.4	0
chr3:4672732	10	1	10	10	-1	18.47	1	-0.4	0
chr5:25234774	10	1	10	10	-1	18.46	1	-0.4	0
chr5:26316229	10	1	10	10	-1	18.45	1	-0.4	0
chr2:8544118	10	1	10	10	-1	18.44	1	-0.4	0
chr3:4751664	10	1	10	10	-1	18.43	1	-0.4	0
chr4:189150	10	1	10	10	-1	18.43	1	-0.4	0
chr4:13120787	10	1	10	10	-1	18.41	1	-0.4	0
chr5:79732	10	1	10	10	-1	18.41	1	-0.4	0
chr1:28740564	10	1	10	10	-1	18.4	1	-0.4	0
chr3:4425086	10	1	10	10	-1	18.4	1	-0.4	0
chr5:721764	10	1	10	10	-1	18.4	1	-0.4	0
chr3:6780405	10	1	10	10	-1	18.39	1	-0.4	0
chr1:6311333	10	1	10	10	-1	18.36	1	-0.4	0
chr3:2636931	10	1	10	10	-1	18.36	1	-0.4	0
chr3:16446151	10	1	10	10	-1	18.32	1	-0.4	0
chr4:299234	10	1	10	10	-1	18.32	1	-0.4	0
chr1:26049516	10	1	10	10	-1	18.31	1	-0.4	0
chr3:21678963	10	1	10	10	-1	18.31	1	-0.4	0
chr3:3758325	10	1	10	10	-1	18.31	1	-0.4	0
chr5:3771616	10	1	10	10	-1	18.31	1	-0.4	0
chr3:11148869	10	1	10	10	-1	18.3	1	-0.4	0
chr3:19620408	10	1	10	10	-1	18.28	1	-0.4	0
chr1:27018007	10	1	10	10	-1	18.24	1	-0.4	0
chr5:5287991	10	1	10	10	-1	18.23	1	-0.4	0
chr1:29965879	10	1	10	10	-1	18.22	1	-0.4	0
chr3:17204093	10	1	10	10	-1	18.22	1	-0.4	0
chr4:12977076	10	1	10	10	-1	18.22	1	-0.4	0
chr4:297453	10	1	10	10	-1	18.22	1	-0.4	0
chr5:24906337	10	1	10	10	-1	18.22	1	-0.4	0
chr5:7512984	10	1	10	10	-1	18.22	1	-0.4	0
chr2:15565741	10	1	10	10	-1	18.21	1	-0.4	0
chr2:14309410	10	1	10	10	-1	18.2	1	-0.4	0
chr3:1830948	10	1	10	10	-1	18.2	1	-0.4	0
chr3:9823509	10	1	10	10	-1	18.2	1	-0.4	0
chr5:23456629	10	1	10	10	-1	18.2	1	-0.4	0
chr1:2348868	10	1	10	10	-1	18.17	1	-0.4	0
chr3:1291932	10	1	10	10	-1	18.17	1	-0.4	0
chr2:18867140	10	1	10	10	-1	18.16	1	-0.4	0
chr5:5047040	10	1	10	10	-1	18.14	1	-0.4	0
chr3:17246011	10	1	10	10	-1	18.13	1	-0.4	0
chr4:15804641	10	1	10	10	-1	18.13	1	-0.4	0
chr2:11548790	10	1	10	10	-1	18.11	1	-0.4	0
chr4:7607180	10	1	10	10	-1	18.11	1	-0.4	0
chr1:2755783	10	1	10	10	-1	18.1	1	-0.4	0
chr1:8983767	10	1	10	10	-1	18.1	1	-0.4	0
chr2:8088343	10	1	10	10	-1	18.1	1	-0.4	0
chr5:2267045	10	1	10	10	-1	18.1	1	-0.4	0
chr4:18077664	10	1	10	10	-1	18.08	1	-0.4	0
chr2:14217070	10	1	10	10	-1	18.07	1	-0.4	0
chr3:3639328	10	1	10	10	-1	18.07	1	-0.4	0
chr1:7369059	10	1	10	10	-1	18.05	1	-0.4	0
chr3:23353417	10	1	10	10	-1	18.03	1	-0.4	0
chr1:28877575	10	1	10	10	-1	18.01	1	-0.4	0
chr5:1711638	10	1	10	10	-1	17.99	1	-0.4	0
chr5:8038451	10	1	10	10	-1	17.99	1	-0.4	0
chr2:19336247	10	1	10	10	-1	17.98	1	-0.4	0
chr1:28213772	10	1	10	10	-1	17.96	1	-0.4	0
chr2:15885890	10	1	10	10	-1	17.95	1	-0.4	0
chr3:9103640	10	1	10	10	-1	17.95	1	-0.4	0
chr4:5151087	10	1	10	10	-1	17.95	1	-0.4	0
chr5:15320258	10	1	10	10	-1	17.95	1	-0.4	0
chr3:22326248	10	1	10	10	-1	17.94	1	-0.4	0
chr4:12299341	10	1	10	10	-1	17.94	1	-0.4	0
chr3:19251027	10	1	10	10	-1	17.93	1	-0.4	0
chr3:3417946	10	1	10	10	-1	17.93	1	-0.4	0
chr3:9912045	10	1	10	10	-1	17.92	1	-0.4	0
chr2:15237826	10	1	10	10	-1	17.91	1	-0.4	0
chr1:6560927	10	1	10	10	-1	17.9	1	-0.4	0
chr4:10296439	10	1	10	10	-1	17.9	1	-0.4	0
chr4:18395078	10	1	10	10	-1	17.9	1	-0.4	0
chr3:1960093	10	1	10	10	-1	17.89	1	-0.4	0
chr5:9205958	10	1	10	10	-1	17.89	1	-0.4	0
chr1:2395397	10	1	10	10	-1	17.88	1	-0.4	0
chr1:29318976	10	1	10	10	-1	17.88	1	-0.4	0
chr3:21760368	10	1	10	10	-1	17.88	1	-0.4	0
chr2:18579194	10	1	10	10	-1	17.86	1	-0.4	0
chr2:13037052	10	1	10	10	-1	17.85	1	-0.4	0
chr3:6173890	10	1	10	10	-1	17.85	1	-0.4	0
chr4:17052054	10	1	10	10	-1	17.85	1	-0.4	0
chr1:25690169	10	1	10	10	-1	17.84	1	-0.4	0
chr4:386897	10	1	10	10	-1	17.84	1	-0.4	0
chr1:7979486	10	1	10	10	-1	17.81	1	-0.4	0
chr3:5504716	10	1	10	10	-1	17.79	1	-0.4	0
chr5:26242164	10	1	10	10	-1	17.79	1	-0.4	0
chr1:979195	10	1	10	10	-1	17.78	1	-0.4	0
chr2:17538741	10	1	10	10	-1	17.78	1	-0.4	0
chr1:8385061	10	1	10	10	-1	17.77	1	-0.4	0
chr2:13162087	10	1	10	10	-1	17.75	1	-0.4	0
chr2:8118688	10	1	10	10	-1	17.75	1	-0.4	0
chr1:25464244	10	1	10	10	-1	17.73	1	-0.4	0
chr2:12411894	10	1	10	10	-1	17.73	1	-0.4	0
chr3:1760449	10	1	10	10	-1	17.73	1	-0.4	0
chr4:16606164	10	1	10	10	-1	17.72	1	-0.4	0
chr1:27160292	10	1	10	10	-1	17.71	1	-0.4	0
chr1:28917049	10	1	10	10	-1	17.7	1	-0.4	0
chr3:6805064	10	1	10	10	-1	17.7	1	-0.4	0
chr5:4990371	10	1	10	10	-1	17.7	1	-0.4	0
chr5:766805	10	1	10	10	-1	17.69	1	-0.4	0
chr3:3238382	10	1	10	10	-1	17.67	1	-0.4	0
chr1:11816406	10	1	10	10	-1	17.66	1	-0.4	0
chr1:19300119	10	1	10	10	-1	17.66	1	-0.4	0
chr1:201866	10	1	10	10	-1	17.66	1	-0.4	0
chr5:3669057	10	1	10	10	-1	17.65	1	-0.4	0
chr1:26399333	10	1	10	10	-1	17.61	1	-0.4	0
chr1:1745791	10	1	10	10	-1	17.6	1	-0.4	0
chr3:15953299	10	1	10	10	-1	17.6	1	-0.4	0
chr3:19121144	10	1	10	10	-1	17.6	1	-0.4	0
chr4:85003	10	1	10	10	-1	17.6	1	-0.4	0
chr5:24173232	10	1	10	10	-1	17.6	1	-0.4	0
chr1:6497142	10	1	10	10	-1	17.59	1	-0.4	0
chr5:941592	10	1	10	10	-1	17.59	1	-0.4	0
chr3:19791554	10	1	10	10	-1	17.56	1	-0.4	0
chr4:15487179	10	1	10	10	-1	17.53	1	-0.4	0
chr5:22699079	10	1	10	10	-1	17.53	1	-0.4	0
chr5:19180923	10	1	10	10	-1	17.51	1	-0.4	0
chr5:5497470	10	1	10	10	-1	17.51	1	-0.4	0
chr5:21071806	10	1	10	10	-1	17.5	1	-0.4	0
chr2:12646244	10	1	10	10	-1	17.49	1	-0.4	0
chr3:1567477	10	1	10	10	-1	17.49	1	-0.4	0
chr3:10910824	10	1	10	10	-1	17.48	1	-0.4	0
chr3:22186861	10	1	10	10	-1	17.48	1	-0.4	0
chr5:6457066	10	1	10	10	-1	17.47	1	-0.4	0
chr1:10076512	10	1	10	10	-1	17.46	1	-0.4	0
chr1:17623439	10	1	10	10	-1	17.45	1	-0.4	0
chr1:6015231	10	1	10	10	-1	17.45	1	-0.4	0
chr1:68647	10	1	10	10	-1	17.45	1	-0.4	0
chr2:13172205	10	1	10	10	-1	17.45	1	-0.4	0
chr3:1970909	10	1	10	10	-1	17.45	1	-0.4	0
chr4:17398826	10	1	10	10	-1	17.45	1	-0.4	0
chr5:6686956	10	1	10	10	-1	17.45	1	-0.4	0
chr5:4262693	10	1	10	10	-1	17.44	1	-0.4	0
chr3:1768516	10	1	10	10	-1	17.43	1	-0.4	0
chr3:4441395	10	1	10	10	-1	17.43	1	-0.4	0
chr4:14881679	10	1	10	10	-1	17.43	1	-0.4	0
chr5:24482607	10	1	10	10	-1	17.43	1	-0.4	0
chr5:993523	10	1	10	10	-1	17.43	1	-0.4	0
chr2:17099309	10	1	10	10	-1	17.42	1	-0.4	0
chr4:17539953	10	1	10	10	-1	17.42	1	-0.4	0
chr5:16828573	10	1	10	10	-1	17.42	1	-0.4	0
chr4:7480497	10	1	10	10	-1	17.39	1	-0.4	0
chr1:9499547	10	1	10	10	-1	17.37	1	-0.4	0
chr5:26253320	10	1	10	10	-1	17.37	1	-0.4	0
chr1:8975794	10	1	10	10	-1	17.35	1	-0.4	0
chr5:25879602	10	1	10	10	-1	17.35	1	-0.4	0
chr1:3422836	10	1	10	10	-1	17.34	1	-0.4	0
chr1:29765696	10	1	10	10	-1	17.33	1	-0.4	0
chr5:4673125	10	1	10	10	-1	17.33	1	-0.4	0
chr1:27302311	10	1	10	10	-1	17.32	1	-0.4	0
chr1:30383452	10	1	10	10	-1	17.32	1	-0.4	0
chr1:4593848	10	1	10	10	-1	17.3	1	-0.4	0
chr3:8404740	10	1	10	10	-1	17.3	1	-0.4	0
chr2:2025956	10	1	10	10	-1	17.29	1	-0.4	0
chr3:18468223	10	1	10	10	-1	17.29	1	-0.4	0
chr4:16080626	10	1	10	10	-1	17.29	1	-0.4	0
chr4:756250	10	1	10	10	-1	17.29	1	-0.4	0
chr2:18864789	10	1	10	10	-1	17.27	1	-0.4	0
chr3:4359733	10	1	10	10	-1	17.27	1	-0.4	0
chr4:15646696	10	1	10	10	-1	17.27	1	-0.4	0
chr1:2013611	10	1	10	10	-1	17.26	1	-0.4	0
chr3:6839037	10	1	10	10	-1	17.26	1	-0.4	0
chr4:11560956	10	1	10	10	-1	17.26	1	-0.4	0
chr5:1308435	10	1	10	10	-1	17.26	1	-0.4	0
chr5:15515065	10	1	10	10	-1	17.26	1	-0.4	0
chr1:2335833	10	1	10	10	-1	17.24	1	-0.4	0
chr1:3981147	10	1	10	10	-1	17.21	1	-0.4	0
chr5:20862065	10	1	10	10	-1	17.21	1	-0.4	0
chr5:21562225	10	1	10	10	-1	17.21	1	-0.4	0
chr5:16085552	10	1	10	10	-1	17.2	1	-0.4	0
chr1:13453270	10	1	10	10	-1	17.19	1	-0.4	0
chr4:2572471	10	1	10	10	-1	17.19	1	-0.4	0
chr5:26228860	10	1	10	10	-1	17.19	1	-0.4	0
chr1:7146502	10	1	10	10	-1	17.18	1	-0.4	0
chr5:14629410	10	1	10	10	-1	17.18	1	-0.4	0
chr3:1086293	10	1	10	10	-1	17.15	1	-0.4	0
chr5:22129633	10	1	10	10	-1	17.15	1	-0.4	0
chr1:26983597	10	1	10	10	-1	17.14	1	-0.4	0
chr4:13539624	10	1	10	10	-1	17.14	1	-0.4	0
chr4:5742228	10	1	10	10	-1	17.14	1	-0.4	0
chr3:1491514	10	1	10	10	-1	17.13	1	-0.4	0
chr4:12375292	10	1	10	10	-1	17.13	1	-0.4	0
chr5:25528349	10	1	10	10	-1	17.13	1	-0.4	0
chr4:18569790	10	1	10	10	-1	17.12	1	-0.4	0
chr4:17555647	10	1	10	10	-1	17.11	1	-0.4	0
chr5:5011961	10	1	10	10	-1	17.11	1	-0.4	0
chr4:13017910	10	1	10	10	-1	17.09	1	-0.4	0
chr1:22095293	10	1	10	10	-1	17.08	1	-0.4	0
chr2:17976036	10	1	10	10	-1	17.05	1	-0.4	0
chr2:8230466	10	1	10	10	-1	17.05	1	-0.4	0
chr3:2388692	10	1	10	10	-1	17.03	1	-0.4	0
chr2:17907161	10	1	10	10	-1	17.02	1	-0.4	0
chr1:29101496	10	1	10	10	-1	17.01	1	-0.4	0
chr1:13115749	10	1	10	10	-1	17	1	-0.4	0
chr1:28805024	10	1	10	10	-1	17	1	-0.4	0
chr5:1371716	10	1	10	10	-1	17	1	-0.4	0
chr5:20191949	10	1	10	10	-1	17	1	-0.4	0
chr5:25815636	10	1	10	10	-1	17	1	-0.4	0
chr1:27699870	10	1	10	10	-1	16.99	1	-0.4	0
chr2:19440648	10	1	10	10	-1	16.98	1	-0.4	0
chr5:6531436	10	1	10	10	-1	16.97	1	-0.4	0
chr2:221128	10	1	10	10	-1	16.96	1	-0.4	0
chr3:5003649	10	1	10	10	-1	16.96	1	-0.4	0
chr4:13677152	10	1	10	10	-1	16.96	1	-0.4	0
chr5:2239880	10	1	10	10	-1	16.96	1	-0.4	0
chr5:5137804	10	1	10	10	-1	16.96	1	-0.4	0
chr3:19448996	10	1	10	10	-1	16.95	1	-0.4	0
chr4:4070256	10	1	10	10	-1	16.95	1	-0.4	0
chr2:12680192	10	1	10	10	-1	16.94	1	-0.4	0
chr3:5124595	10	1	10	10	-1	16.94	1	-0.4	0
chr2:7260422	10	1	10	10	-1	16.93	1	-0.4	0
chr5:2680682	10	1	10	10	-1	16.93	1	-0.4	0
chr5:6287882	10	1	10	10	-1	16.92	1	-0.4	0
chr3:21448775	10	1	10	10	-1	16.91	1	-0.4	0
chr3:23116373	10	1	10	10	-1	16.91	1	-0.4	0
chr3:23201014	10	1	10	10	-1	16.91	1	-0.4	0
chr4:12757883	10	1	10	10	-1	16.91	1	-0.4	0
chr5:26499203	10	1	10	10	-1	16.91	1	-0.4	0
chr3:7280289	10	1	10	10	-1	16.88	1	-0.4	0
chr5:25343183	10	1	10	10	-1	16.87	1	-0.4	0
chr3:2441502	10	1	10	10	-1	16.84	1	-0.4	0
chr4:15525831	10	1	10	10	-1	16.83	1	-0.4	0
chr4:18573195	10	1	10	10	-1	16.83	1	-0.4	0
chr4:9759071	10	1	10	10	-1	16.83	1	-0.4	0
chr1:11978826	10	1	10	10	-1	16.82	1	-0.4	0
chr3:182929	10	1	10	10	-1	16.82	1	-0.4	0
chr4:12594018	10	1	10	10	-1	16.81	1	-0.4	0
chr3:3098171	10	1	10	10	-1	16.8	1	-0.4	0
chr1:29430001	10	1	10	10	-1	16.79	1	-0.4	0
chr1:27741872	10	1	10	10	-1	16.78	1	-0.4	0
chr1:18691585	10	1	10	10	-1	16.77	1	-0.4	0
chr1:26303002	10	1	10	10	-1	16.77	1	-0.4	0
chr3:1684795	10	1	10	10	-1	16.77	1	-0.4	0
chr3:3535138	10	1	10	10	-1	16.77	1	-0.4	0
chr3:3985888	10	1	10	10	-1	16.77	1	-0.4	0
chr4:11134480	10	1	10	10	-1	16.77	1	-0.4	0
chr4:18073151	10	1	10	10	-1	16.76	1	-0.4	0
chr5:2939550	10	1	10	10	-1	16.76	1	-0.4	0
chr1:11249506	10	1	10	10	-1	16.75	1	-0.4	0
chr2:11752370	10	1	10	10	-1	16.75	1	-0.4	0
chr5:22597804	10	1	10	10	-1	16.75	1	-0.4	0
chr4:8323900	10	1	10	10	-1	16.74	1	-0.4	0
chr1:6075870	10	1	10	10	-1	16.73	1	-0.4	0
chr2:16747333	10	1	10	10	-1	16.73	1	-0.4	0
chr1:20850318	10	1	10	10	-1	16.72	1	-0.4	0
chr3:6704384	10	1	10	10	-1	16.69	1	-0.4	0
chr5:26363739	10	1	10	10	-1	16.69	1	-0.4	0
chr1:159593	10	1	10	10	-1	16.68	1	-0.4	0
chr2:19027657	10	1	10	10	-1	16.68	1	-0.4	0
chr3:5273031	10	1	10	10	-1	16.68	1	-0.4	0
chr4:11745400	10	1	10	10	-1	16.68	1	-0.4	0
chr1:17865443	10	1	10	10	-1	16.67	1	-0.4	0
chr1:220061	10	1	10	10	-1	16.67	1	-0.4	0
chr1:27982336	10	1	10	10	-1	16.67	1	-0.4	0
chr2:8215390	10	1	10	10	-1	16.66	1	-0.4	0
chr1:194927	10	1	10	10	-1	16.65	1	-0.4	0
chr1:3296349	10	1	10	10	-1	16.65	1	-0.4	0
chr1:7267871	10	1	10	10	-1	16.65	1	-0.4	0
chr2:18998841	10	1	10	10	-1	16.65	1	-0.4	0
chr5:6399538	10	1	10	10	-1	16.65	1	-0.4	0
chr2:19299014	10	1	10	10	-1	16.64	1	-0.4	0
chr3:1679488	10	1	10	10	-1	16.64	1	-0.4	0
chr4:901236	10	1	10	10	-1	16.64	1	-0.4	0
chr1:10690872	10	1	10	10	-1	16.63	1	-0.4	0
chr2:7153291	10	1	10	10	-1	16.62	1	-0.4	0
chr3:18809906	10	1	10	10	-1	16.62	1	-0.4	0
chr1:19641114	10	1	10	10	-1	16.61	1	-0.4	0
chr1:23637858	10	1	10	10	-1	16.61	1	-0.4	0
chr2:15725710	10	1	10	10	-1	16.6	1	-0.4	0
chr4:7787509	10	1	10	10	-1	16.6	1	-0.4	0
chr5:793454	10	1	10	10	-1	16.6	1	-0.4	0
chr1:23335509	10	1	10	10	-1	16.58	1	-0.4	0
chr2:12123550	10	1	10	10	-1	16.58	1	-0.4	0
chr5:7901845	10	1	10	10	-1	16.58	1	-0.4	0
chr1:10305465	10	1	10	10	-1	16.57	1	-0.4	0
chr3:1515733	10	1	10	10	-1	16.57	1	-0.4	0
chr3:950168	10	1	10	10	-1	16.57	1	-0.4	0
chr4:13073196	10	1	10	10	-1	16.57	1	-0.4	0
chr5:20833858	10	1	10	10	-1	16.57	1	-0.4	0
chr5:23431109	10	1	10	10	-1	16.57	1	-0.4	0
chr1:30011644	10	1	10	10	-1	16.56	1	-0.4	0
chr5:22955959	10	1	10	10	-1	16.56	1	-0.4	0
chr1:30371992	10	1	10	10	-1	16.55	1	-0.4	0
chr3:10872330	10	1	10	10	-1	16.55	1	-0.4	0
chr5:6415807	10	1	10	10	-1	16.54	1	-0.4	0
chr4:10698812	10	1	10	10	-1	16.52	1	-0.4	0
chr5:7667575	10	1	10	10	-1	16.52	1	-0.4	0
chr1:552719	10	1	10	10	-1	16.51	1	-0.4	0
chr1:23830192	10	1	10	10	-1	16.5	1	-0.4	0
chr1:28728158	10	1	10	10	-1	16.5	1	-0.4	0
chr1:4467104	10	1	10	10	-1	16.5	1	-0.4	0
chr2:10267568	10	1	10	10	-1	16.5	1	-0.4	0
chr2:16149955	10	1	10	10	-1	16.5	1	-0.4	0
chr3:10324644	10	1	10	10	-1	16.5	1	-0.4	0
chr4:16655357	10	1	10	10	-1	16.5	1	-0.4	0
chr5:15602348	10	1	10	10	-1	16.5	1	-0.4	0
chr3:6099759	10	1	10	10	-1	16.49	1	-0.4	0
chr5:1606455	10	1	10	10	-1	16.49	1	-0.4	0
chr1:29992880	10	1	10	10	-1	16.48	1	-0.4	0
chr1:5727568	10	1	10	10	-1	16.48	1	-0.4	0
chr1:7966415	10	1	10	10	-1	16.47	1	-0.4	0
chr2:7056306	10	1	10	10	-1	16.46	1	-0.4	0
chr3:1634571	10	1	10	10	-1	16.46	1	-0.4	0
chr3:20988344	10	1	10	10	-1	16.43	1	-0.4	0
chr3:3731072	10	1	10	10	-1	16.43	1	-0.4	0
chr5:16831463	10	1	10	10	-1	16.43	1	-0.4	0
chr5:8042088	10	1	10	10	-1	16.43	1	-0.4	0
chr5:8569591	10	1	10	10	-1	16.43	1	-0.4	0
chr5:872339	10	1	10	10	-1	16.43	1	-0.4	0
chr1:3804219	10	1	10	10	-1	16.41	1	-0.4	0
chr3:4176050	10	1	10	10	-1	16.4	1	-0.4	0
chr3:21430477	10	1	10	10	-1	16.39	1	-0.4	0
chr4:15426991	10	1	10	10	-1	16.39	1	-0.4	0
chr1:28550067	10	1	10	10	-1	16.38	1	-0.4	0
chr4:10940407	10	1	10	10	-1	16.37	1	-0.4	0
chr1:4247095	10	1	10	10	-1	16.36	1	-0.4	0
chr4:14266826	10	1	10	10	-1	16.36	1	-0.4	0
chr5:26157235	10	1	10	10	-1	16.36	1	-0.4	0
chr3:20925881	10	1	10	10	-1	16.35	1	-0.4	0
chr4:16686750	10	1	10	10	-1	16.35	1	-0.4	0
chr5:20084361	10	1	10	10	-1	16.35	1	-0.4	0
chr3:20501972	10	1	10	10	-1	16.34	1	-0.4	0
chr3:22962182	10	1	10	10	-1	16.34	1	-0.4	0
chr3:5119816	10	1	10	10	-1	16.34	1	-0.4	0
chr4:1379449	10	1	10	10	-1	16.34	1	-0.4	0
chr5:22819878	10	1	10	10	-1	16.33	1	-0.4	0
chr1:325131	10	1	10	10	-1	16.32	1	-0.4	0
chr3:6484033	10	1	10	10	-1	16.32	1	-0.4	0
chr4:17282948	10	1	10	10	-1	16.32	1	-0.4	0
chr5:714255	10	1	10	10	-1	16.32	1	-0.4	0
chr1:22040577	10	1	10	10	-1	16.3	1	-0.4	0
chr1:7704246	10	1	10	10	-1	16.3	1	-0.4	0
chr3:6465860	10	1	10	10	-1	16.3	1	-0.4	0
chr4:17500893	10	1	10	10	-1	16.3	1	-0.4	0
chr5:26887439	10	1	10	10	-1	16.29	1	-0.4	0
chr5:7174662	10	1	10	10	-1	16.29	1	-0.4	0
chr1:23072293	10	1	10	10	-1	16.28	1	-0.4	0
chr3:5547290	10	1	10	10	-1	16.28	1	-0.4	0
chr2:12634140	10	1	10	10	-1	16.26	1	-0.4	0
chr5:24767673	10	1	10	10	-1	16.25	1	-0.4	0
chr5:6748706	10	1	10	10	-1	16.25	1	-0.4	0
chr1:4243266	10	1	10	10	-1	16.24	1	-0.4	0
chr1:9381317	10	1	10	10	-1	16.24	1	-0.4	0
chr4:2536836	10	1	10	10	-1	16.24	1	-0.4	0
chr5:24003768	10	1	10	10	-1	16.24	1	-0.4	0
chr3:22553506	10	1	10	10	-1	16.23	1	-0.4	0
chr5:2975285	10	1	10	10	-1	16.23	1	-0.4	0
chr1:5181635	10	1	10	10	-1	16.22	1	-0.4	0
chr1:28601712	10	1	10	10	-1	16.21	1	-0.4	0
chr3:8154144	10	1	10	10	-1	16.21	1	-0.4	0
chr1:2622844	10	1	10	10	-1	16.2	1	-0.4	0
chr3:986767	10	1	10	10	-1	16.2	1	-0.4	0
chr4:12864461	10	1	10	10	-1	16.2	1	-0.4	0
chr3:22634145	10	1	10	10	-1	16.19	1	-0.4	0
chr4:11462783	10	1	10	10	-1	16.19	1	-0.4	0
chr3:1852638	10	1	10	10	-1	16.18	1	-0.4	0
chr3:4124380	10	1	10	10	-1	16.18	1	-0.4	0
chr4:15501274	10	1	10	10	-1	16.18	1	-0.4	0
chr4:9681243	10	1	10	10	-1	16.18	1	-0.4	0
chr5:6682410	10	1	10	10	-1	16.18	1	-0.4	0
chr4:10498596	10	1	10	10	-1	16.17	1	-0.4	0
chr5:26872263	10	1	10	10	-1	16.17	1	-0.4	0
chr1:10127263	10	1	10	10	-1	16.16	1	-0.4	0
chr3:6016764	10	1	10	10	-1	16.16	1	-0.4	0
chr5:26492387	10	1	10	10	-1	16.16	1	-0.4	0
chr4:10295164	10	1	10	10	-1	16.14	1	-0.4	0
chr3:10759371	10	1	10	10	-1	16.13	1	-0.4	0
chr3:22457976	10	1	10	10	-1	16.13	1	-0.4	0
chr3:2562754	10	1	10	10	-1	16.13	1	-0.4	0
chr2:1025830	10	1	10	10	-1	16.12	1	-0.4	0
chr3:3708694	10	1	10	10	-1	16.12	1	-0.4	0
chr1:5955145	10	1	10	10	-1	16.11	1	-0.4	0
chr2:8550187	10	1	10	10	-1	16.11	1	-0.4	0
chr3:23175634	10	1	10	10	-1	16.11	1	-0.4	0
chr4:14734121	10	1	10	10	-1	16.11	1	-0.4	0
chr1:116866	10	1	10	10	-1	16.1	1	-0.4	0
chr2:18790543	10	1	10	10	-1	16.1	1	-0.4	0
chr5:20216270	10	1	10	10	-1	16.1	1	-0.4	0
chr5:25908070	10	1	10	10	-1	16.1	1	-0.4	0
chr2:15917013	10	1	10	10	-1	16.07	1	-0.4	0
chr4:15676253	10	1	10	10	-1	16.07	1	-0.4	0
chr5:1765360	10	1	10	10	-1	16.07	1	-0.4	0
chr2:18536109	10	1	10	10	-1	16.06	1	-0.4	0
chr3:16896096	10	1	10	10	-1	16.06	1	-0.4	0
chr1:6512579	10	1	10	10	-1	16.05	1	-0.4	0
chr1:8938272	10	1	10	10	-1	16.04	1	-0.4	0
chr5:1804684	10	1	10	10	-1	16.04	1	-0.4	0
chr2:16368655	10	1	10	10	-1	16.03	1	-0.4	0
chr2:17627897	10	1	10	10	-1	16.03	1	-0.4	0
chr3:21121211	10	1	10	10	-1	16.03	1	-0.4	0
chr4:9447382	10	1	10	10	-1	16.03	1	-0.4	0
chr5:18040775	10	1	10	10	-1	16.03	1	-0.4	0
chr5:18430030	10	1	10	10	-1	16.03	1	-0.4	0
chr5:19670111	10	1	10	10	-1	16.03	1	-0.4	0
chr5:26394666	10	1	10	10	-1	16.03	1	-0.4	0
chr3:21818146	10	1	10	10	-1	16.02	1	-0.4	0
chr1:24292312	10	1	10	10	-1	16.01	1	-0.4	0
chr1:26260751	10	1	10	10	-1	16.01	1	-0.4	0
chr1:8309323	10	1	10	10	-1	16.01	1	-0.4	0
chr3:3277266	10	1	10	10	-1	16.01	1	-0.4	0
chr3:640150	10	1	10	10	-1	16.01	1	-0.4	0
chr5:1624422	10	1	10	10	-1	16.01	1	-0.4	0
chr5:19289611	10	1	10	10	-1	16.01	1	-0.4	0
chr4:484436	10	1	10	10	-1	16	1	-0.4	0
