Position	IP	Control	Fold	Expectd	Q_-lg10	P_-lg10	P_poiss	IPvsEMP	Noise
chr2:10702150	10	1	10	10	-1	83.77	1	-0.4	0
chr5:13521783	10	1	10	10	-1	82.82	1	-0.4	0
chr3:8918590	10	1	10	10	-1	81.27	1	-0.4	0
chr1:4855281	10	1	10	10	-1	80.98	1	-0.4	0
chr2:11135570	10	1	10	10	-1	80.79	1	-0.4	0
chr5:26394557	10	1	10	10	-1	80.64	1	-0.4	0
chr5:7014594	10	1	10	10	-1	80.14	1	-0.4	0
chr1:6308097	10	1	10	10	-1	79.2	1	-0.4	0
chr4:5828556	10	1	10	10	-1	79.2	1	-0.4	0
chr5:271632	10	1	10	10	-1	78.72	1	-0.4	0
chr5:2975622	10	1	10	10	-1	78.45	1	-0.4	0
chr1:25238242	10	1	10	10	-1	78.34	1	-0.4	0
chr4:12900073	10	1	10	10	-1	78.01	1	-0.4	0
chr1:22449637	10	1	10	10	-1	77.28	1	-0.4	0
chr1:27940256	10	1	10	10	-1	76.82	1	-0.4	0
chr5:25676937	10	1	10	10	-1	76.4	1	-0.4	0
chr3:8640154	10	1	10	10	-1	73.88	1	-0.4	0
chr1:12152558	10	1	10	10	-1	73.7	1	-0.4	0
chr2:19204918	10	1	10	10	-1	73.51	1	-0.4	0
chr5:8856976	10	1	10	10	-1	73.05	1	-0.4	0
chr4:7341346	10	1	10	10	-1	72.89	1	-0.4	0
chr3:5340078	10	1	10	10	-1	72.87	1	-0.4	0
chr3:6632528	10	1	10	10	-1	72.62	1	-0.4	0
chr4:14863080	10	1	10	10	-1	72.34	1	-0.4	0
chr1:29926522	10	1	10	10	-1	72.33	1	-0.4	0
chr1:30062816	10	1	10	10	-1	72.24	1	-0.4	0
chr3:23389026	10	1	10	10	-1	72.24	1	-0.4	0
chr5:24917385	10	1	10	10	-1	72.2	1	-0.4	0
chr5:23501320	10	1	10	10	-1	72.17	1	-0.4	0
chr2:17752303	10	1	10	10	-1	72.14	1	-0.4	0
chr3:17523095	10	1	10	10	-1	72.08	1	-0.4	0
chr3:3091861	10	1	10	10	-1	71.89	1	-0.4	0
chr1:20731259	10	1	10	10	-1	71.85	1	-0.4	0
chr3:15905457	10	1	10	10	-1	71.63	1	-0.4	0
chr4:12257056	10	1	10	10	-1	71.29	1	-0.4	0
chr3:781523	10	1	10	10	-1	70.97	1	-0.4	0
chr2:8370449	10	1	10	10	-1	70.87	1	-0.4	0
chr1:29404797	10	1	10	10	-1	70.82	1	-0.4	0
chr1:2260143	10	1	10	10	-1	70.54	1	-0.4	0
chr5:20891076	10	1	10	10	-1	70.46	1	-0.4	0
chr1:2945945	10	1	10	10	-1	70.07	1	-0.4	0
chr3:9188138	10	1	10	10	-1	69.85	1	-0.4	0
chr4:12589920	10	1	10	10	-1	69.72	1	-0.4	0
chr4:5189703	10	1	10	10	-1	69.61	1	-0.4	0
chr3:4389138	10	1	10	10	-1	69.35	1	-0.4	0
chr1:9286255	10	1	10	10	-1	69.26	1	-0.4	0
chr2:8849989	10	1	10	10	-1	69.22	1	-0.4	0
chr5:23742439	10	1	10	10	-1	69.08	1	-0.4	0
chr4:11340374	10	1	10	10	-1	68.98	1	-0.4	0
chr3:8703193	10	1	10	10	-1	68.31	1	-0.4	0
chr5:21352318	10	1	10	10	-1	67.95	1	-0.4	0
chr4:6839646	10	1	10	10	-1	67.77	1	-0.4	0
chr3:2737470	10	1	10	10	-1	67.28	1	-0.4	0
chr1:19980243	10	1	10	10	-1	67.13	1	-0.4	0
chr5:21984513	10	1	10	10	-1	66.94	1	-0.4	0
chr2:19558178	10	1	10	10	-1	66.91	1	-0.4	0
chr4:12622924	10	1	10	10	-1	66.89	1	-0.4	0
chr5:556574	10	1	10	10	-1	66.89	1	-0.4	0
chr5:7915879	10	1	10	10	-1	66.58	1	-0.4	0
chr5:25748647	10	1	10	10	-1	66.52	1	-0.4	0
chr3:19449067	10	1	10	10	-1	66.51	1	-0.4	0
chr2:19245379	10	1	10	10	-1	66.46	1	-0.4	0
chr5:22686708	10	1	10	10	-1	65.55	1	-0.4	0
chr3:5373727	10	1	10	10	-1	65.51	1	-0.4	0
chr5:24738862	10	1	10	10	-1	65.48	1	-0.4	0
chr3:19723376	10	1	10	10	-1	65.46	1	-0.4	0
chr2:97774	10	1	10	10	-1	65.38	1	-0.4	0
chr3:1278061	10	1	10	10	-1	65.32	1	-0.4	0
chr5:22309719	10	1	10	10	-1	65.32	1	-0.4	0
chr5:23515193	10	1	10	10	-1	65.29	1	-0.4	0
chr5:25436992	10	1	10	10	-1	65.12	1	-0.4	0
chr5:5652033	10	1	10	10	-1	65.1	1	-0.4	0
chr1:21024608	10	1	10	10	-1	65.04	1	-0.4	0
chr2:1184598	10	1	10	10	-1	65.04	1	-0.4	0
chr5:25423347	10	1	10	10	-1	65.02	1	-0.4	0
chr1:2274928	10	1	10	10	-1	64.88	1	-0.4	0
chr3:2244959	10	1	10	10	-1	64.6	1	-0.4	0
chr5:3528644	10	1	10	10	-1	64.47	1	-0.4	0
chr3:3387149	10	1	10	10	-1	64.4	1	-0.4	0
chr3:18764899	10	1	10	10	-1	64.37	1	-0.4	0
chr2:17042676	10	1	10	10	-1	64.22	1	-0.4	0
chr5:3377651	10	1	10	10	-1	64.17	1	-0.4	0
chr3:4835442	10	1	10	10	-1	63.87	1	-0.4	0
chr5:23806357	10	1	10	10	-1	63.87	1	-0.4	0
chr5:3884857	10	1	10	10	-1	63.77	1	-0.4	0
chr5:3532124	10	1	10	10	-1	63.66	1	-0.4	0
chr2:15298500	10	1	10	10	-1	63.55	1	-0.4	0
chr1:11181585	10	1	10	10	-1	63.54	1	-0.4	0
chr2:17158873	10	1	10	10	-1	63.43	1	-0.4	0
chr2:11777570	10	1	10	10	-1	63.34	1	-0.4	0
chr1:5344414	10	1	10	10	-1	63.01	1	-0.4	0
chr3:5837766	10	1	10	10	-1	62.79	1	-0.4	0
chr1:23230969	10	1	10	10	-1	62.73	1	-0.4	0
chr1:19575906	10	1	10	10	-1	62.72	1	-0.4	0
chr1:29573291	10	1	10	10	-1	62.57	1	-0.4	0
chr4:6276988	10	1	10	10	-1	62.54	1	-0.4	0
chr1:10365224	10	1	10	10	-1	62.44	1	-0.4	0
chr1:29566802	10	1	10	10	-1	62.33	1	-0.4	0
chr1:6512387	10	1	10	10	-1	62.22	1	-0.4	0
chr2:15750589	10	1	10	10	-1	62.18	1	-0.4	0
chr3:19265771	10	1	10	10	-1	61.78	1	-0.4	0
chr4:6370273	10	1	10	10	-1	61.76	1	-0.4	0
chr5:4206835	10	1	10	10	-1	61.76	1	-0.4	0
chr5:18716925	10	1	10	10	-1	61.62	1	-0.4	0
chr1:10180529	10	1	10	10	-1	61.49	1	-0.4	0
chr5:25784407	10	1	10	10	-1	61.2	1	-0.4	0
chr5:14792767	10	1	10	10	-1	61.08	1	-0.4	0
chr1:20180353	10	1	10	10	-1	61.06	1	-0.4	0
chr3:6430654	10	1	10	10	-1	60.9	1	-0.4	0
chr3:1515732	10	1	10	10	-1	60.86	1	-0.4	0
chr1:28363383	10	1	10	10	-1	60.64	1	-0.4	0
chr5:1243616	10	1	10	10	-1	60.6	1	-0.4	0
chr1:25599357	10	1	10	10	-1	60.48	1	-0.4	0
chr1:26770289	10	1	10	10	-1	60.44	1	-0.4	0
chr5:1602045	10	1	10	10	-1	60.44	1	-0.4	0
chr5:642110	10	1	10	10	-1	60.41	1	-0.4	0
chr1:26694751	10	1	10	10	-1	60.32	1	-0.4	0
chr1:17892751	10	1	10	10	-1	60.1	1	-0.4	0
chr5:21661441	10	1	10	10	-1	59.79	1	-0.4	0
chr3:2871046	10	1	10	10	-1	59.78	1	-0.4	0
chr3:4012462	10	1	10	10	-1	59.77	1	-0.4	0
chr1:5166758	10	1	10	10	-1	59.75	1	-0.4	0
chr2:11926459	10	1	10	10	-1	59.7	1	-0.4	0
chr2:1515571	10	1	10	10	-1	59.59	1	-0.4	0
chr2:10244751	10	1	10	10	-1	59.55	1	-0.4	0
chr3:18469812	10	1	10	10	-1	59.51	1	-0.4	0
chr2:12633908	10	1	10	10	-1	59.49	1	-0.4	0
chr4:11918065	10	1	10	10	-1	59.43	1	-0.4	0
chr4:16482526	10	1	10	10	-1	59.42	1	-0.4	0
chr5:14968894	10	1	10	10	-1	59.42	1	-0.4	0
chr4:17183875	10	1	10	10	-1	59.39	1	-0.4	0
chr5:24003761	10	1	10	10	-1	59.23	1	-0.4	0
chr5:17626806	10	1	10	10	-1	59.19	1	-0.4	0
chr5:26150324	10	1	10	10	-1	58.98	1	-0.4	0
chr2:1025897	10	1	10	10	-1	58.81	1	-0.4	0
chr1:25473311	10	1	10	10	-1	58.8	1	-0.4	0
chr3:15871257	10	1	10	10	-1	58.75	1	-0.4	0
chr1:4680123	10	1	10	10	-1	58.54	1	-0.4	0
chr2:6881144	10	1	10	10	-1	58.54	1	-0.4	0
chr1:28285573	10	1	10	10	-1	58.46	1	-0.4	0
chr4:14444844	10	1	10	10	-1	58.41	1	-0.4	0
chr5:2315864	10	1	10	10	-1	58.23	1	-0.4	0
chr2:18627211	10	1	10	10	-1	58.12	1	-0.4	0
chr1:27628878	10	1	10	10	-1	58.09	1	-0.4	0
chr4:14902513	10	1	10	10	-1	58.05	1	-0.4	0
chr2:16028917	10	1	10	10	-1	58.01	1	-0.4	0
chr4:11655669	10	1	10	10	-1	57.96	1	-0.4	0
chr2:1281852	10	1	10	10	-1	57.79	1	-0.4	0
chr1:729895	10	1	10	10	-1	57.76	1	-0.4	0
chr1:28420036	10	1	10	10	-1	57.61	1	-0.4	0
chr3:3379290	10	1	10	10	-1	57.52	1	-0.4	0
chr4:7042465	10	1	10	10	-1	57.29	1	-0.4	0
chr1:9092598	10	1	10	10	-1	57.26	1	-0.4	0
chr1:7090862	10	1	10	10	-1	57.23	1	-0.4	0
chr1:26195853	10	1	10	10	-1	56.93	1	-0.4	0
chr5:18507269	10	1	10	10	-1	56.89	1	-0.4	0
chr1:2866293	10	1	10	10	-1	56.81	1	-0.4	0
chr1:6333082	10	1	10	10	-1	56.59	1	-0.4	0
chr3:5445200	10	1	10	10	-1	56.47	1	-0.4	0
chr5:26415901	10	1	10	10	-1	56.2	1	-0.4	0
chr3:6772532	10	1	10	10	-1	56.19	1	-0.4	0
chr4:11424111	10	1	10	10	-1	56.18	1	-0.4	0
chr3:4312434	10	1	10	10	-1	56.15	1	-0.4	0
chr1:25265714	10	1	10	10	-1	56.07	1	-0.4	0
chr3:2905819	10	1	10	10	-1	56.01	1	-0.4	0
chr4:9499259	10	1	10	10	-1	56.01	1	-0.4	0
chr1:11911487	10	1	10	10	-1	56	1	-0.4	0
chr1:5570569	10	1	10	10	-1	56	1	-0.4	0
chr3:10662843	10	1	10	10	-1	55.91	1	-0.4	0
chr5:18952026	10	1	10	10	-1	55.8	1	-0.4	0
chr1:13192627	10	1	10	10	-1	55.75	1	-0.4	0
chr5:19135856	10	1	10	10	-1	55.67	1	-0.4	0
chr2:16068322	10	1	10	10	-1	55.45	1	-0.4	0
chr5:10030257	10	1	10	10	-1	55.44	1	-0.4	0
chr1:9481389	10	1	10	10	-1	55.39	1	-0.4	0
chr5:22681218	10	1	10	10	-1	55.34	1	-0.4	0
chr2:13653913	10	1	10	10	-1	55.18	1	-0.4	0
chr2:16017146	10	1	10	10	-1	55.05	1	-0.4	0
chr4:14645474	10	1	10	10	-1	55.01	1	-0.4	0
chr1:5945477	10	1	10	10	-1	54.99	1	-0.4	0
chr1:8282479	10	1	10	10	-1	54.97	1	-0.4	0
chr3:3228936	10	1	10	10	-1	54.84	1	-0.4	0
chr4:18304594	10	1	10	10	-1	54.78	1	-0.4	0
chr5:793471	10	1	10	10	-1	54.7	1	-0.4	0
chr5:1919230	10	1	10	10	-1	54.64	1	-0.4	0
chr1:10713538	10	1	10	10	-1	54.62	1	-0.4	0
chr4:11945985	10	1	10	10	-1	54.6	1	-0.4	0
chr5:25544848	10	1	10	10	-1	54.56	1	-0.4	0
chr1:981917	10	1	10	10	-1	54.52	1	-0.4	0
chr2:9774665	10	1	10	10	-1	54.51	1	-0.4	0
chr1:2207245	10	1	10	10	-1	54.49	1	-0.4	0
chr1:29489413	10	1	10	10	-1	54.13	1	-0.4	0
chr5:26294597	10	1	10	10	-1	54.07	1	-0.4	0
chr3:1940831	10	1	10	10	-1	54.06	1	-0.4	0
chr1:22875801	10	1	10	10	-1	54.02	1	-0.4	0
chr2:12625747	10	1	10	10	-1	53.97	1	-0.4	0
chr2:14105749	10	1	10	10	-1	53.91	1	-0.4	0
chr4:10291820	10	1	10	10	-1	53.86	1	-0.4	0
chr5:22506183	10	1	10	10	-1	53.86	1	-0.4	0
chr5:25253149	10	1	10	10	-1	53.77	1	-0.4	0
chr3:20764943	10	1	10	10	-1	53.71	1	-0.4	0
chr2:7603287	10	1	10	10	-1	53.53	1	-0.4	0
chr2:10666666	10	1	10	10	-1	53.52	1	-0.4	0
chr5:16316723	10	1	10	10	-1	53.51	1	-0.4	0
chr5:8443970	10	1	10	10	-1	53.43	1	-0.4	0
chr4:10780520	10	1	10	10	-1	53.41	1	-0.4	0
chr5:24205576	10	1	10	10	-1	53.37	1	-0.4	0
chr5:902725	10	1	10	10	-1	53.37	1	-0.4	0
chr1:21080390	10	1	10	10	-1	53.19	1	-0.4	0
chr1:389725	10	1	10	10	-1	53.19	1	-0.4	0
chr3:5929315	10	1	10	10	-1	53.19	1	-0.4	0
chr5:1372076	10	1	10	10	-1	53.08	1	-0.4	0
chr5:4871689	10	1	10	10	-1	53.08	1	-0.4	0
chr1:19833015	10	1	10	10	-1	53.02	1	-0.4	0
chr3:2611574	10	1	10	10	-1	52.98	1	-0.4	0
chr5:23350520	10	1	10	10	-1	52.8	1	-0.4	0
chr1:2305129	10	1	10	10	-1	52.53	1	-0.4	0
chr5:3336252	10	1	10	10	-1	52.47	1	-0.4	0
chr2:19370599	10	1	10	10	-1	52.42	1	-0.4	0
chr1:23087057	10	1	10	10	-1	52.36	1	-0.4	0
chr4:2717757	10	1	10	10	-1	52.31	1	-0.4	0
chr2:12004502	10	1	10	10	-1	52.27	1	-0.4	0
chr2:7043350	10	1	10	10	-1	52.27	1	-0.4	0
chr4:7948512	10	1	10	10	-1	52.27	1	-0.4	0
chr1:21141510	10	1	10	10	-1	52.2	1	-0.4	0
chr1:6627836	10	1	10	10	-1	52.2	1	-0.4	0
chr1:575508	10	1	10	10	-1	52.12	1	-0.4	0
chr5:21533606	10	1	10	10	-1	52.03	1	-0.4	0
chr1:10548200	10	1	10	10	-1	51.81	1	-0.4	0
chr5:25086854	10	1	10	10	-1	51.77	1	-0.4	0
chr4:12419383	10	1	10	10	-1	51.71	1	-0.4	0
chr5:3445246	10	1	10	10	-1	51.63	1	-0.4	0
chr1:7154473	10	1	10	10	-1	51.56	1	-0.4	0
chr4:17875274	10	1	10	10	-1	51.56	1	-0.4	0
chr1:1248838	10	1	10	10	-1	51.53	1	-0.4	0
chr1:22198092	10	1	10	10	-1	51.39	1	-0.4	0
chr1:301034	10	1	10	10	-1	51.27	1	-0.4	0
chr4:1292694	10	1	10	10	-1	51.15	1	-0.4	0
chr5:22597827	10	1	10	10	-1	51.12	1	-0.4	0
chr5:26710615	10	1	10	10	-1	50.94	1	-0.4	0
chr3:3993923	10	1	10	10	-1	50.93	1	-0.4	0
chr1:27260338	10	1	10	10	-1	50.87	1	-0.4	0
chr2:16559608	10	1	10	10	-1	50.78	1	-0.4	0
chr4:12916896	10	1	10	10	-1	50.78	1	-0.4	0
chr1:2437399	10	1	10	10	-1	50.73	1	-0.4	0
chr5:19564137	10	1	10	10	-1	50.73	1	-0.4	0
chr5:21017035	10	1	10	10	-1	50.6	1	-0.4	0
chr3:12450125	10	1	10	10	-1	50.58	1	-0.4	0
chr3:5380932	10	1	10	10	-1	50.38	1	-0.4	0
chr5:15631285	10	1	10	10	-1	50.37	1	-0.4	0
chr1:1139761	10	1	10	10	-1	50.19	1	-0.4	0
chr1:25765482	10	1	10	10	-1	50.15	1	-0.4	0
chr4:7071725	10	1	10	10	-1	50.12	1	-0.4	0
chr5:763484	10	1	10	10	-1	50.05	1	-0.4	0
chr2:18986113	10	1	10	10	-1	50.01	1	-0.4	0
chr1:2285282	10	1	10	10	-1	49.85	1	-0.4	0
chr1:1469285	10	1	10	10	-1	49.76	1	-0.4	0
chr4:17589381	10	1	10	10	-1	49.76	1	-0.4	0
chr5:8419181	10	1	10	10	-1	49.67	1	-0.4	0
chr1:6244253	10	1	10	10	-1	49.6	1	-0.4	0
chr2:10671798	10	1	10	10	-1	49.56	1	-0.4	0
chr1:24812778	10	1	10	10	-1	49.48	1	-0.4	0
chr1:10691986	10	1	10	10	-1	49.28	1	-0.4	0
chr1:3278887	10	1	10	10	-1	49.26	1	-0.4	0
chr4:16706183	10	1	10	10	-1	49.24	1	-0.4	0
chr1:29371307	10	1	10	10	-1	49.23	1	-0.4	0
chr5:20303352	10	1	10	10	-1	49.19	1	-0.4	0
chr3:23210910	10	1	10	10	-1	49.13	1	-0.4	0
chr1:8399855	10	1	10	10	-1	49.11	1	-0.4	0
chr5:16087931	10	1	10	10	-1	49.08	1	-0.4	0
chr3:23332900	10	1	10	10	-1	48.99	1	-0.4	0
chr5:1217445	10	1	10	10	-1	48.95	1	-0.4	0
chr3:4714686	10	1	10	10	-1	48.94	1	-0.4	0
chr3:3684736	10	1	10	10	-1	48.83	1	-0.4	0
chr5:5018487	10	1	10	10	-1	48.69	1	-0.4	0
chr1:22031326	10	1	10	10	-1	48.62	1	-0.4	0
chr1:25156443	10	1	10	10	-1	48.62	1	-0.4	0
chr3:3692576	10	1	10	10	-1	48.6	1	-0.4	0
chr5:5181662	10	1	10	10	-1	48.49	1	-0.4	0
chr2:773733	10	1	10	10	-1	48.44	1	-0.4	0
chr4:16256355	10	1	10	10	-1	48.44	1	-0.4	0
chr3:17138100	10	1	10	10	-1	48.38	1	-0.4	0
chr5:16814895	10	1	10	10	-1	48.31	1	-0.4	0
chr5:20451275	10	1	10	10	-1	48.31	1	-0.4	0
chr4:13486875	10	1	10	10	-1	48.24	1	-0.4	0
chr3:1080739	10	1	10	10	-1	48.23	1	-0.4	0
chr5:4441545	10	1	10	10	-1	48.23	1	-0.4	0
chr5:13672204	10	1	10	10	-1	48.11	1	-0.4	0
chr5:6776136	10	1	10	10	-1	48.09	1	-0.4	0
chr2:8033610	10	1	10	10	-1	47.87	1	-0.4	0
chr2:9561777	10	1	10	10	-1	47.84	1	-0.4	0
chr4:14781057	10	1	10	10	-1	47.83	1	-0.4	0
chr5:10543527	10	1	10	10	-1	47.8	1	-0.4	0
chr1:268251	10	1	10	10	-1	47.75	1	-0.4	0
chr4:1931757	10	1	10	10	-1	47.71	1	-0.4	0
chr3:10400267	10	1	10	10	-1	47.62	1	-0.4	0
chr4:525342	10	1	10	10	-1	47.34	1	-0.4	0
chr1:9499566	10	1	10	10	-1	47.31	1	-0.4	0
chr3:4565284	10	1	10	10	-1	47.29	1	-0.4	0
chr1:7834927	10	1	10	10	-1	47.26	1	-0.4	0
chr5:19374384	10	1	10	10	-1	47.26	1	-0.4	0
chr1:13900944	10	1	10	10	-1	47.24	1	-0.4	0
chr1:29361818	10	1	10	10	-1	47.24	1	-0.4	0
chr1:9434420	10	1	10	10	-1	47.24	1	-0.4	0
chr2:14269555	10	1	10	10	-1	47.11	1	-0.4	0
chr4:12573597	10	1	10	10	-1	47.1	1	-0.4	0
chr1:21562990	10	1	10	10	-1	47.09	1	-0.4	0
chr3:10520341	10	1	10	10	-1	47.03	1	-0.4	0
chr3:1220217	10	1	10	10	-1	46.99	1	-0.4	0
chr3:2264712	10	1	10	10	-1	46.89	1	-0.4	0
chr2:13014000	10	1	10	10	-1	46.87	1	-0.4	0
chr5:23042381	10	1	10	10	-1	46.86	1	-0.4	0
chr3:3271348	10	1	10	10	-1	46.82	1	-0.4	0
chr5:3783126	10	1	10	10	-1	46.8	1	-0.4	0
chr4:14165801	10	1	10	10	-1	46.74	1	-0.4	0
chr2:10124606	10	1	10	10	-1	46.65	1	-0.4	0
chr3:21434474	10	1	10	10	-1	46.65	1	-0.4	0
chr4:8633038	10	1	10	10	-1	46.6	1	-0.4	0
chr5:25881202	10	1	10	10	-1	46.46	1	-0.4	0
chr3:19940533	10	1	10	10	-1	46.36	1	-0.4	0
chr3:18883109	10	1	10	10	-1	46.32	1	-0.4	0
chr4:12337583	10	1	10	10	-1	46.25	1	-0.4	0
chr4:5252842	10	1	10	10	-1	46.25	1	-0.4	0
chr3:23116348	10	1	10	10	-1	46.24	1	-0.4	0
chr5:23961631	10	1	10	10	-1	46.23	1	-0.4	0
chr5:4891451	10	1	10	10	-1	46.05	1	-0.4	0
chr3:4408096	10	1	10	10	-1	46.03	1	-0.4	0
chr3:38548	10	1	10	10	-1	45.92	1	-0.4	0
chr3:21415800	10	1	10	10	-1	45.83	1	-0.4	0
chr1:5998705	10	1	10	10	-1	45.79	1	-0.4	0
chr5:4615192	10	1	10	10	-1	45.68	1	-0.4	0
chr2:16106928	10	1	10	10	-1	45.65	1	-0.4	0
chr3:20872428	10	1	10	10	-1	45.64	1	-0.4	0
chr5:3956072	10	1	10	10	-1	45.63	1	-0.4	0
chr4:13904493	10	1	10	10	-1	45.52	1	-0.4	0
chr1:2713001	10	1	10	10	-1	45.46	1	-0.4	0
chr2:16850595	10	1	10	10	-1	45.44	1	-0.4	0
chr1:27069879	10	1	10	10	-1	45.25	1	-0.4	0
chr5:5972482	10	1	10	10	-1	45.25	1	-0.4	0
chr5:26849983	10	1	10	10	-1	45.13	1	-0.4	0
chr1:24601135	10	1	10	10	-1	45.12	1	-0.4	0
chr5:16872307	10	1	10	10	-1	45.1	1	-0.4	0
chr4:15675420	10	1	10	10	-1	45.09	1	-0.4	0
chr2:19232036	10	1	10	10	-1	45.08	1	-0.4	0
chr2:19198284	10	1	10	10	-1	45.01	1	-0.4	0
chr5:7646397	10	1	10	10	-1	44.91	1	-0.4	0
chr2:1023740	10	1	10	10	-1	44.84	1	-0.4	0
chr5:4187937	10	1	10	10	-1	44.82	1	-0.4	0
chr4:12299889	10	1	10	10	-1	44.72	1	-0.4	0
chr4:2594277	10	1	10	10	-1	44.54	1	-0.4	0
chr4:18579105	10	1	10	10	-1	44.52	1	-0.4	0
chr3:20611382	10	1	10	10	-1	44.42	1	-0.4	0
chr4:13091821	10	1	10	10	-1	44.41	1	-0.4	0
chr1:19152613	10	1	10	10	-1	44.38	1	-0.4	0
chr3:19692800	10	1	10	10	-1	44.35	1	-0.4	0
chr4:16388905	10	1	10	10	-1	44.34	1	-0.4	0
chr1:7479073	10	1	10	10	-1	44.33	1	-0.4	0
chr2:9840399	10	1	10	10	-1	44.27	1	-0.4	0
chr1:3154543	10	1	10	10	-1	44.21	1	-0.4	0
chr5:24478948	10	1	10	10	-1	44.21	1	-0.4	0
chr2:15155176	10	1	10	10	-1	44.2	1	-0.4	0
chr3:1074083	10	1	10	10	-1	44.13	1	-0.4	0
chr5:5693044	10	1	10	10	-1	44.13	1	-0.4	0
chr1:3324713	10	1	10	10	-1	44.08	1	-0.4	0
chr3:16984934	10	1	10	10	-1	44.08	1	-0.4	0
chr1:19320437	10	1	10	10	-1	44.05	1	-0.4	0
chr5:14978643	10	1	10	10	-1	43.93	1	-0.4	0
chr2:19556020	10	1	10	10	-1	43.89	1	-0.4	0
chr5:26130361	10	1	10	10	-1	43.87	1	-0.4	0
chr5:427550	10	1	10	10	-1	43.73	1	-0.4	0
chr5:1405042	10	1	10	10	-1	43.61	1	-0.4	0
chr2:17162520	10	1	10	10	-1	43.51	1	-0.4	0
chr2:1575830	10	1	10	10	-1	43.32	1	-0.4	0
chr5:22547130	10	1	10	10	-1	43.3	1	-0.4	0
chr1:3201669	10	1	10	10	-1	43.23	1	-0.4	0
chr5:5995193	10	1	10	10	-1	43.21	1	-0.4	0
chr5:8773522	10	1	10	10	-1	43.19	1	-0.4	0
chr5:4984622	10	1	10	10	-1	43.16	1	-0.4	0
chr1:30157716	10	1	10	10	-1	42.95	1	-0.4	0
chr4:15721370	10	1	10	10	-1	42.9	1	-0.4	0
chr5:941679	10	1	10	10	-1	42.8	1	-0.4	0
chr2:7935251	10	1	10	10	-1	42.77	1	-0.4	0
chr1:3355437	10	1	10	10	-1	42.75	1	-0.4	0
chr1:3524003	10	1	10	10	-1	42.75	1	-0.4	0
chr2:18095683	10	1	10	10	-1	42.73	1	-0.4	0
chr1:4076936	10	1	10	10	-1	42.7	1	-0.4	0
chr4:8230983	10	1	10	10	-1	42.7	1	-0.4	0
chr2:19378644	10	1	10	10	-1	42.69	1	-0.4	0
chr5:3758880	10	1	10	10	-1	42.67	1	-0.4	0
chr4:1514803	10	1	10	10	-1	42.59	1	-0.4	0
chr5:18982527	10	1	10	10	-1	42.58	1	-0.4	0
chr2:18236914	10	1	10	10	-1	42.53	1	-0.4	0
chr1:1583727	10	1	10	10	-1	42.5	1	-0.4	0
chr3:21991825	10	1	10	10	-1	42.45	1	-0.4	0
chr5:22018272	10	1	10	10	-1	42.09	1	-0.4	0
chr5:379739	10	1	10	10	-1	42.09	1	-0.4	0
chr5:7305836	10	1	10	10	-1	41.9	1	-0.4	0
chr4:12962756	10	1	10	10	-1	41.88	1	-0.4	0
chr2:12615510	10	1	10	10	-1	41.87	1	-0.4	0
chr4:461169	10	1	10	10	-1	41.85	1	-0.4	0
chr4:188508	10	1	10	10	-1	41.81	1	-0.4	0
chr4:13128298	10	1	10	10	-1	41.79	1	-0.4	0
chr5:22666480	10	1	10	10	-1	41.75	1	-0.4	0
chr4:1321460	10	1	10	10	-1	41.67	1	-0.4	0
chr1:10224870	10	1	10	10	-1	41.64	1	-0.4	0
chr2:17885790	10	1	10	10	-1	41.62	1	-0.4	0
chr5:21118408	10	1	10	10	-1	41.62	1	-0.4	0
chr4:17539912	10	1	10	10	-1	41.61	1	-0.4	0
chr2:10561556	10	1	10	10	-1	41.57	1	-0.4	0
chr1:322985	10	1	10	10	-1	41.54	1	-0.4	0
chr5:450695	10	1	10	10	-1	41.51	1	-0.4	0
chr5:7859963	10	1	10	10	-1	41.48	1	-0.4	0
chr5:14753233	10	1	10	10	-1	41.47	1	-0.4	0
chr1:4225960	10	1	10	10	-1	41.42	1	-0.4	0
chr1:12651112	10	1	10	10	-1	41.38	1	-0.4	0
chr5:19693828	10	1	10	10	-1	41.38	1	-0.4	0
chr3:763246	10	1	10	10	-1	41.33	1	-0.4	0
chr5:17711744	10	1	10	10	-1	41.33	1	-0.4	0
chr1:8079304	10	1	10	10	-1	41.27	1	-0.4	0
chr1:1693821	10	1	10	10	-1	41.15	1	-0.4	0
chr5:26250881	10	1	10	10	-1	41.15	1	-0.4	0
chr2:15053437	10	1	10	10	-1	41.11	1	-0.4	0
chr1:23773241	10	1	10	10	-1	41.06	1	-0.4	0
chr1:26812236	10	1	10	10	-1	41.04	1	-0.4	0
chr3:11804758	10	1	10	10	-1	40.99	1	-0.4	0
chr4:14642233	10	1	10	10	-1	40.99	1	-0.4	0
chr3:22285196	10	1	10	10	-1	40.96	1	-0.4	0
chr5:5665714	10	1	10	10	-1	40.93	1	-0.4	0
chr3:9148381	10	1	10	10	-1	40.9	1	-0.4	0
chr3:3589779	10	1	10	10	-1	40.88	1	-0.4	0
chr5:23452604	10	1	10	10	-1	40.81	1	-0.4	0
chr5:21869369	10	1	10	10	-1	40.78	1	-0.4	0
chr5:23357491	10	1	10	10	-1	40.71	1	-0.4	0
chr3:18721656	10	1	10	10	-1	40.57	1	-0.4	0
chr2:8657401	10	1	10	10	-1	40.56	1	-0.4	0
chr2:13802180	10	1	10	10	-1	40.55	1	-0.4	0
chr5:23681774	10	1	10	10	-1	40.5	1	-0.4	0
chr4:1875446	10	1	10	10	-1	40.43	1	-0.4	0
chr1:26483194	10	1	10	10	-1	40.41	1	-0.4	0
chr2:7256616	10	1	10	10	-1	40.2	1	-0.4	0
chr2:884121	10	1	10	10	-1	40.19	1	-0.4	0
chr2:18786354	10	1	10	10	-1	40.16	1	-0.4	0
chr1:29585707	10	1	10	10	-1	40.08	1	-0.4	0
chr2:18251371	10	1	10	10	-1	40.07	1	-0.4	0
chr5:19469931	10	1	10	10	-1	39.95	1	-0.4	0
chr3:18365160	10	1	10	10	-1	39.88	1	-0.4	0
chr2:18188943	10	1	10	10	-1	39.83	1	-0.4	0
chr5:20090672	10	1	10	10	-1	39.8	1	-0.4	0
chr1:27734270	10	1	10	10	-1	39.76	1	-0.4	0
chr1:7336968	10	1	10	10	-1	39.71	1	-0.4	0
chr1:3995331	10	1	10	10	-1	39.61	1	-0.4	0
chr2:10609438	10	1	10	10	-1	39.54	1	-0.4	0
chr4:15663567	10	1	10	10	-1	39.54	1	-0.4	0
chr2:11299188	10	1	10	10	-1	39.52	1	-0.4	0
chr3:23324228	10	1	10	10	-1	39.5	1	-0.4	0
chr5:17135860	10	1	10	10	-1	39.47	1	-0.4	0
chr5:16333314	10	1	10	10	-1	39.46	1	-0.4	0
chr1:6621977	10	1	10	10	-1	39.39	1	-0.4	0
chr4:9031193	10	1	10	10	-1	39.3	1	-0.4	0
chr1:11874705	10	1	10	10	-1	39.26	1	-0.4	0
chr3:2479488	10	1	10	10	-1	39.17	1	-0.4	0
chr1:30187152	10	1	10	10	-1	39.16	1	-0.4	0
chr3:8213577	10	1	10	10	-1	39.15	1	-0.4	0
chr2:11068700	10	1	10	10	-1	39.11	1	-0.4	0
chr1:29120623	10	1	10	10	-1	39.1	1	-0.4	0
chr3:4560869	10	1	10	10	-1	39.05	1	-0.4	0
chr4:12571644	10	1	10	10	-1	39.05	1	-0.4	0
chr2:15445160	10	1	10	10	-1	38.95	1	-0.4	0
chr2:646854	10	1	10	10	-1	38.95	1	-0.4	0
chr1:23354377	10	1	10	10	-1	38.94	1	-0.4	0
chr4:14890558	10	1	10	10	-1	38.93	1	-0.4	0
chr1:1073388	10	1	10	10	-1	38.85	1	-0.4	0
chr3:23040951	10	1	10	10	-1	38.76	1	-0.4	0
chr2:7901604	10	1	10	10	-1	38.68	1	-0.4	0
chr5:9046613	10	1	10	10	-1	38.59	1	-0.4	0
chr1:20101188	10	1	10	10	-1	38.57	1	-0.4	0
chr5:23324682	10	1	10	10	-1	38.51	1	-0.4	0
chr1:29465159	10	1	10	10	-1	38.5	1	-0.4	0
chr1:21887505	10	1	10	10	-1	38.29	1	-0.4	0
chr2:8103965	10	1	10	10	-1	38.26	1	-0.4	0
chr4:14073122	10	1	10	10	-1	38.26	1	-0.4	0
chr5:9553461	10	1	10	10	-1	38.25	1	-0.4	0
chr3:20866016	10	1	10	10	-1	38.22	1	-0.4	0
chr3:1257649	10	1	10	10	-1	38.17	1	-0.4	0
chr4:8218135	10	1	10	10	-1	38.16	1	-0.4	0
chr2:99614	10	1	10	10	-1	38.12	1	-0.4	0
chr2:9303368	10	1	10	10	-1	38.09	1	-0.4	0
chr1:227736	10	1	10	10	-1	37.98	1	-0.4	0
chr3:7911300	10	1	10	10	-1	37.92	1	-0.4	0
chr4:16344809	10	1	10	10	-1	37.86	1	-0.4	0
chr3:22141008	10	1	10	10	-1	37.78	1	-0.4	0
chr1:6463567	10	1	10	10	-1	37.75	1	-0.4	0
chr4:17440173	10	1	10	10	-1	37.73	1	-0.4	0
chr5:22957815	10	1	10	10	-1	37.72	1	-0.4	0
chr1:24560882	10	1	10	10	-1	37.64	1	-0.4	0
chr1:3664210	10	1	10	10	-1	37.64	1	-0.4	0
chr4:18053531	10	1	10	10	-1	37.55	1	-0.4	0
chr1:26300421	10	1	10	10	-1	37.48	1	-0.4	0
chr4:18574487	10	1	10	10	-1	37.33	1	-0.4	0
chr1:27301867	10	1	10	10	-1	37.24	1	-0.4	0
chr2:17170610	10	1	10	10	-1	37.17	1	-0.4	0
chr3:9683459	10	1	10	10	-1	37.14	1	-0.4	0
chr2:15325482	10	1	10	10	-1	37.12	1	-0.4	0
chr5:14971223	10	1	10	10	-1	37.09	1	-0.4	0
chr1:1018108	10	1	10	10	-1	37.01	1	-0.4	0
chr4:13542894	10	1	10	10	-1	36.95	1	-0.4	0
chr2:15917109	10	1	10	10	-1	36.93	1	-0.4	0
chr2:15324207	10	1	10	10	-1	36.9	1	-0.4	0
chr2:9002648	10	1	10	10	-1	36.89	1	-0.4	0
chr5:17189857	10	1	10	10	-1	36.89	1	-0.4	0
chr3:16068302	10	1	10	10	-1	36.87	1	-0.4	0
chr3:2348741	10	1	10	10	-1	36.87	1	-0.4	0
chr1:3423813	10	1	10	10	-1	36.79	1	-0.4	0
chr5:17707029	10	1	10	10	-1	36.75	1	-0.4	0
chr2:9055557	10	1	10	10	-1	36.71	1	-0.4	0
chr1:8598576	10	1	10	10	-1	36.7	1	-0.4	0
chr4:11569663	10	1	10	10	-1	36.63	1	-0.4	0
chr3:9740683	10	1	10	10	-1	36.56	1	-0.4	0
chr4:9253927	10	1	10	10	-1	36.49	1	-0.4	0
chr4:10460357	10	1	10	10	-1	36.48	1	-0.4	0
chr5:16913921	10	1	10	10	-1	36.48	1	-0.4	0
chr3:4762544	10	1	10	10	-1	36.47	1	-0.4	0
chr4:14406524	10	1	10	10	-1	36.47	1	-0.4	0
chr1:23830141	10	1	10	10	-1	36.46	1	-0.4	0
chr1:2690810	10	1	10	10	-1	36.45	1	-0.4	0
chr1:7346196	10	1	10	10	-1	36.45	1	-0.4	0
chr3:538456	10	1	10	10	-1	36.44	1	-0.4	0
chr4:8814869	10	1	10	10	-1	36.44	1	-0.4	0
chr5:22323261	10	1	10	10	-1	36.39	1	-0.4	0
chr3:17690844	10	1	10	10	-1	36.34	1	-0.4	0
chr3:6024857	10	1	10	10	-1	36.3	1	-0.4	0
chr2:16435456	10	1	10	10	-1	36.29	1	-0.4	0
chr4:8285283	10	1	10	10	-1	36.27	1	-0.4	0
chr3:3239043	10	1	10	10	-1	36.19	1	-0.4	0
chr2:10832180	10	1	10	10	-1	36.11	1	-0.4	0
chr4:13710435	10	1	10	10	-1	36.1	1	-0.4	0
chr1:27837501	10	1	10	10	-1	36.09	1	-0.4	0
chr5:24213541	10	1	10	10	-1	36.08	1	-0.4	0
chr4:13138171	10	1	10	10	-1	36.04	1	-0.4	0
chr2:17738978	10	1	10	10	-1	36.01	1	-0.4	0
chr4:14624977	10	1	10	10	-1	35.98	1	-0.4	0
chr5:14836593	10	1	10	10	-1	35.8	1	-0.4	0
chr5:5209655	10	1	10	10	-1	35.79	1	-0.4	0
chr4:13048367	10	1	10	10	-1	35.78	1	-0.4	0
chr3:21910614	10	1	10	10	-1	35.74	1	-0.4	0
chr4:13967785	10	1	10	10	-1	35.74	1	-0.4	0
chr4:18034304	10	1	10	10	-1	35.64	1	-0.4	0
chr4:12648432	10	1	10	10	-1	35.62	1	-0.4	0
chr1:2374543	10	1	10	10	-1	35.6	1	-0.4	0
chr1:28549585	10	1	10	10	-1	35.54	1	-0.4	0
chr1:27976004	10	1	10	10	-1	35.48	1	-0.4	0
chr3:6089144	10	1	10	10	-1	35.48	1	-0.4	0
chr5:26447772	10	1	10	10	-1	35.48	1	-0.4	0
chr1:9385647	10	1	10	10	-1	35.44	1	-0.4	0
chr4:17263585	10	1	10	10	-1	35.42	1	-0.4	0
chr5:3124142	10	1	10	10	-1	35.36	1	-0.4	0
chr1:5965098	10	1	10	10	-1	35.19	1	-0.4	0
chr2:15138325	10	1	10	10	-1	35.19	1	-0.4	0
chr1:3072651	10	1	10	10	-1	35.18	1	-0.4	0
chr1:8976401	10	1	10	10	-1	35.18	1	-0.4	0
chr3:18895452	10	1	10	10	-1	35.18	1	-0.4	0
chr5:18941021	10	1	10	10	-1	35	1	-0.4	0
chr3:3325100	10	1	10	10	-1	34.9	1	-0.4	0
chr5:20786	10	1	10	10	-1	34.87	1	-0.4	0
chr2:10223991	10	1	10	10	-1	34.84	1	-0.4	0
chr2:9326233	10	1	10	10	-1	34.81	1	-0.4	0
chr3:627339	10	1	10	10	-1	34.8	1	-0.4	0
chr3:19396566	10	1	10	10	-1	34.77	1	-0.4	0
chr3:18731423	10	1	10	10	-1	34.64	1	-0.4	0
chr4:13809915	10	1	10	10	-1	34.56	1	-0.4	0
chr4:13376156	10	1	10	10	-1	34.53	1	-0.4	0
chr1:26481373	10	1	10	10	-1	34.48	1	-0.4	0
chr2:9350746	10	1	10	10	-1	34.48	1	-0.4	0
chr3:9641134	10	1	10	10	-1	34.36	1	-0.4	0
chr2:9248540	10	1	10	10	-1	34.35	1	-0.4	0
chr2:11040010	10	1	10	10	-1	34.34	1	-0.4	0
chr4:12408336	10	1	10	10	-1	34.34	1	-0.4	0
chr5:19670260	10	1	10	10	-1	34.34	1	-0.4	0
chr1:19179997	10	1	10	10	-1	34.25	1	-0.4	0
chr4:18083008	10	1	10	10	-1	34.21	1	-0.4	0
chr2:12235696	10	1	10	10	-1	34.13	1	-0.4	0
chr1:28598470	10	1	10	10	-1	34.09	1	-0.4	0
chr5:23108852	10	1	10	10	-1	34.03	1	-0.4	0
chr5:6202615	10	1	10	10	-1	34.02	1	-0.4	0
chr1:10354007	10	1	10	10	-1	34.01	1	-0.4	0
chr5:2985520	10	1	10	10	-1	34.01	1	-0.4	0
chr1:11556937	10	1	10	10	-1	33.95	1	-0.4	0
chr5:15017731	10	1	10	10	-1	33.93	1	-0.4	0
chr1:10050207	10	1	10	10	-1	33.92	1	-0.4	0
chr1:27127057	10	1	10	10	-1	33.92	1	-0.4	0
chr4:13812997	10	1	10	10	-1	33.92	1	-0.4	0
chr4:13864687	10	1	10	10	-1	33.92	1	-0.4	0
chr2:9784277	10	1	10	10	-1	33.85	1	-0.4	0
chr2:14541543	10	1	10	10	-1	33.83	1	-0.4	0
chr3:5920280	10	1	10	10	-1	33.83	1	-0.4	0
chr2:11453812	10	1	10	10	-1	33.82	1	-0.4	0
chr4:2660292	10	1	10	10	-1	33.78	1	-0.4	0
chr5:7058801	10	1	10	10	-1	33.71	1	-0.4	0
chr1:3452803	10	1	10	10	-1	33.7	1	-0.4	0
chr4:12479878	10	1	10	10	-1	33.63	1	-0.4	0
chr1:9357482	10	1	10	10	-1	33.59	1	-0.4	0
chr3:8923124	10	1	10	10	-1	33.54	1	-0.4	0
chr4:16520300	10	1	10	10	-1	33.53	1	-0.4	0
chr3:19629972	10	1	10	10	-1	33.52	1	-0.4	0
chr4:11743173	10	1	10	10	-1	33.5	1	-0.4	0
chr5:1075730	10	1	10	10	-1	33.5	1	-0.4	0
chr4:13571586	10	1	10	10	-1	33.44	1	-0.4	0
chr1:26982393	10	1	10	10	-1	33.29	1	-0.4	0
chr2:19641192	10	1	10	10	-1	33.28	1	-0.4	0
chr5:4053742	10	1	10	10	-1	33.26	1	-0.4	0
chr5:21236899	10	1	10	10	-1	33.25	1	-0.4	0
chr5:5438117	10	1	10	10	-1	33.24	1	-0.4	0
chr5:981957	10	1	10	10	-1	33.24	1	-0.4	0
chr1:10081670	10	1	10	10	-1	33.21	1	-0.4	0
chr4:995041	10	1	10	10	-1	33.21	1	-0.4	0
chr5:19505717	10	1	10	10	-1	33.21	1	-0.4	0
chr4:10832298	10	1	10	10	-1	33.16	1	-0.4	0
chr1:23897932	10	1	10	10	-1	33.13	1	-0.4	0
chr1:18758590	10	1	10	10	-1	33.12	1	-0.4	0
chr3:5245971	10	1	10	10	-1	33.09	1	-0.4	0
chr1:20850325	10	1	10	10	-1	33.08	1	-0.4	0
chr3:4119524	10	1	10	10	-1	33.08	1	-0.4	0
chr4:14043307	10	1	10	10	-1	33.08	1	-0.4	0
chr5:20194359	10	1	10	10	-1	33.08	1	-0.4	0
chr1:3447149	10	1	10	10	-1	33.03	1	-0.4	0
chr5:20650127	10	1	10	10	-1	33.03	1	-0.4	0
chr4:10689614	10	1	10	10	-1	33	1	-0.4	0
chr1:9779021	10	1	10	10	-1	32.99	1	-0.4	0
chr1:17952870	10	1	10	10	-1	32.87	1	-0.4	0
chr1:10759091	10	1	10	10	-1	32.74	1	-0.4	0
chr4:16260394	10	1	10	10	-1	32.72	1	-0.4	0
chr4:17406950	10	1	10	10	-1	32.7	1	-0.4	0
chr4:1464475	10	1	10	10	-1	32.69	1	-0.4	0
chr5:19229040	10	1	10	10	-1	32.69	1	-0.4	0
chr2:14325278	10	1	10	10	-1	32.67	1	-0.4	0
chr4:10132557	10	1	10	10	-1	32.66	1	-0.4	0
chr4:1308662	10	1	10	10	-1	32.66	1	-0.4	0
chr5:19099652	10	1	10	10	-1	32.65	1	-0.4	0
chr1:23690693	10	1	10	10	-1	32.61	1	-0.4	0
chr2:13800458	10	1	10	10	-1	32.51	1	-0.4	0
chr5:15571519	10	1	10	10	-1	32.51	1	-0.4	0
chr3:18373205	10	1	10	10	-1	32.49	1	-0.4	0
chr2:14268029	10	1	10	10	-1	32.48	1	-0.4	0
chr3:21889564	10	1	10	10	-1	32.46	1	-0.4	0
chr3:512220	10	1	10	10	-1	32.46	1	-0.4	0
chr5:26901399	10	1	10	10	-1	32.42	1	-0.4	0
chr2:15190008	10	1	10	10	-1	32.28	1	-0.4	0
chr1:4265474	10	1	10	10	-1	32.25	1	-0.4	0
chr3:16446247	10	1	10	10	-1	32.25	1	-0.4	0
chr5:13760780	10	1	10	10	-1	32.25	1	-0.4	0
chr1:21364724	10	1	10	10	-1	32.24	1	-0.4	0
chr5:147118	10	1	10	10	-1	32.24	1	-0.4	0
chr4:15409006	10	1	10	10	-1	32.15	1	-0.4	0
chr5:26588486	10	1	10	10	-1	32.1	1	-0.4	0
chr3:22328154	10	1	10	10	-1	32.07	1	-0.4	0
chr5:23549454	10	1	10	10	-1	32.05	1	-0.4	0
chr4:10012371	10	1	10	10	-1	32.02	1	-0.4	0
chr2:19412199	10	1	10	10	-1	31.88	1	-0.4	0
chr4:15382236	10	1	10	10	-1	31.84	1	-0.4	0
chr3:1034921	10	1	10	10	-1	31.83	1	-0.4	0
chr3:8593877	10	1	10	10	-1	31.83	1	-0.4	0
chr3:8668912	10	1	10	10	-1	31.82	1	-0.4	0
chr5:14895207	10	1	10	10	-1	31.82	1	-0.4	0
chr2:11201262	10	1	10	10	-1	31.81	1	-0.4	0
chr4:8288729	10	1	10	10	-1	31.75	1	-0.4	0
chr1:17295540	10	1	10	10	-1	31.64	1	-0.4	0
chr4:676598	10	1	10	10	-1	31.52	1	-0.4	0
chr5:704486	10	1	10	10	-1	31.52	1	-0.4	0
chr3:21095570	10	1	10	10	-1	31.45	1	-0.4	0
chr5:17245948	10	1	10	10	-1	31.45	1	-0.4	0
chr3:6484082	10	1	10	10	-1	31.43	1	-0.4	0
chr3:6538464	10	1	10	10	-1	31.43	1	-0.4	0
chr4:1340116	10	1	10	10	-1	31.43	1	-0.4	0
chr4:11258607	10	1	10	10	-1	31.4	1	-0.4	0
chr5:9327758	10	1	10	10	-1	31.4	1	-0.4	0
chr3:18193332	10	1	10	10	-1	31.31	1	-0.4	0
chr4:14627534	10	1	10	10	-1	31.3	1	-0.4	0
chr4:17774480	10	1	10	10	-1	31.3	1	-0.4	0
chr4:17998983	10	1	10	10	-1	31.26	1	-0.4	0
chr4:387276	10	1	10	10	-1	31.14	1	-0.4	0
chr1:27982153	10	1	10	10	-1	31.13	1	-0.4	0
chr5:447305	10	1	10	10	-1	31.12	1	-0.4	0
chr3:18984	10	1	10	10	-1	31.1	1	-0.4	0
chr1:24770674	10	1	10	10	-1	31.06	1	-0.4	0
chr5:4952960	10	1	10	10	-1	31	1	-0.4	0
chr4:761461	10	1	10	10	-1	30.96	1	-0.4	0
chr3:1848759	10	1	10	10	-1	30.87	1	-0.4	0
chr1:7086689	10	1	10	10	-1	30.84	1	-0.4	0
chr3:21492212	10	1	10	10	-1	30.74	1	-0.4	0
chr1:27097525	10	1	10	10	-1	30.73	1	-0.4	0
chr5:25036867	10	1	10	10	-1	30.72	1	-0.4	0
chr1:2753351	10	1	10	10	-1	30.66	1	-0.4	0
chr2:9842920	10	1	10	10	-1	30.66	1	-0.4	0
chr1:20629709	10	1	10	10	-1	30.65	1	-0.4	0
chr4:16879156	10	1	10	10	-1	30.63	1	-0.4	0
chr1:5073158	10	1	10	10	-1	30.6	1	-0.4	0
chr3:21523485	10	1	10	10	-1	30.6	1	-0.4	0
chr2:8469525	10	1	10	10	-1	30.56	1	-0.4	0
chr2:9881914	10	1	10	10	-1	30.53	1	-0.4	0
chr3:17750530	10	1	10	10	-1	30.53	1	-0.4	0
chr5:8548751	10	1	10	10	-1	30.5	1	-0.4	0
chr1:4578235	10	1	10	10	-1	30.41	1	-0.4	0
chr1:4459049	10	1	10	10	-1	30.39	1	-0.4	0
chr1:17702648	10	1	10	10	-1	30.38	1	-0.4	0
chr2:15802823	10	1	10	10	-1	30.38	1	-0.4	0
chr2:11357759	10	1	10	10	-1	30.34	1	-0.4	0
chr3:6000546	10	1	10	10	-1	30.31	1	-0.4	0
chr1:4542023	10	1	10	10	-1	30.29	1	-0.4	0
chr5:20282191	10	1	10	10	-1	30.28	1	-0.4	0
chr2:7388117	10	1	10	10	-1	30.26	1	-0.4	0
chr5:26358183	10	1	10	10	-1	30.26	1	-0.4	0
chr2:183491	10	1	10	10	-1	30.22	1	-0.4	0
chr5:3052236	10	1	10	10	-1	30.2	1	-0.4	0
chr5:4986664	10	1	10	10	-1	30.12	1	-0.4	0
chr5:21769346	10	1	10	10	-1	30.09	1	-0.4	0
chr4:16294408	10	1	10	10	-1	30.06	1	-0.4	0
chr5:25498954	10	1	10	10	-1	30.03	1	-0.4	0
chr3:3432428	10	1	10	10	-1	30.01	1	-0.4	0
chr3:6565315	10	1	10	10	-1	29.97	1	-0.4	0
chr5:23556005	10	1	10	10	-1	29.95	1	-0.4	0
chr1:7883722	10	1	10	10	-1	29.94	1	-0.4	0
chr1:21207230	10	1	10	10	-1	29.93	1	-0.4	0
chr5:1294596	10	1	10	10	-1	29.88	1	-0.4	0
chr2:8913714	10	1	10	10	-1	29.87	1	-0.4	0
chr5:17535643	10	1	10	10	-1	29.87	1	-0.4	0
chr2:9520244	10	1	10	10	-1	29.85	1	-0.4	0
chr3:17868249	10	1	10	10	-1	29.85	1	-0.4	0
chr3:6839135	10	1	10	10	-1	29.84	1	-0.4	0
chr1:28927443	10	1	10	10	-1	29.82	1	-0.4	0
chr3:2519131	10	1	10	10	-1	29.81	1	-0.4	0
chr1:16839267	10	1	10	10	-1	29.8	1	-0.4	0
chr2:13523862	10	1	10	10	-1	29.79	1	-0.4	0
chr3:7782830	10	1	10	10	-1	29.74	1	-0.4	0
chr2:7315962	10	1	10	10	-1	29.72	1	-0.4	0
chr3:9712614	10	1	10	10	-1	29.69	1	-0.4	0
chr5:16622727	10	1	10	10	-1	29.69	1	-0.4	0
chr1:6361502	10	1	10	10	-1	29.67	1	-0.4	0
chr3:6466101	10	1	10	10	-1	29.64	1	-0.4	0
chr3:22271999	10	1	10	10	-1	29.63	1	-0.4	0
chr3:3839199	10	1	10	10	-1	29.63	1	-0.4	0
chr1:28327675	10	1	10	10	-1	29.62	1	-0.4	0
chr3:4837734	10	1	10	10	-1	29.6	1	-0.4	0
chr5:6127273	10	1	10	10	-1	29.56	1	-0.4	0
chr1:1350146	10	1	10	10	-1	29.49	1	-0.4	0
chr5:24615342	10	1	10	10	-1	29.49	1	-0.4	0
chr5:24908363	10	1	10	10	-1	29.49	1	-0.4	0
chr3:3455426	10	1	10	10	-1	29.43	1	-0.4	0
chr4:10710883	10	1	10	10	-1	29.42	1	-0.4	0
chr4:16920071	10	1	10	10	-1	29.38	1	-0.4	0
chr3:11790245	10	1	10	10	-1	29.33	1	-0.4	0
chr1:5504527	10	1	10	10	-1	29.32	1	-0.4	0
chr3:1592252	10	1	10	10	-1	29.32	1	-0.4	0
chr2:12494072	10	1	10	10	-1	29.31	1	-0.4	0
chr1:588216	10	1	10	10	-1	29.26	1	-0.4	0
chr3:4660888	10	1	10	10	-1	29.22	1	-0.4	0
chr1:652592	10	1	10	10	-1	29.18	1	-0.4	0
chr2:19448329	10	1	10	10	-1	29.14	1	-0.4	0
chr5:24384941	10	1	10	10	-1	29.14	1	-0.4	0
chr5:9009714	10	1	10	10	-1	29.14	1	-0.4	0
chr1:5841837	10	1	10	10	-1	29.11	1	-0.4	0
chr3:4506713	10	1	10	10	-1	29.1	1	-0.4	0
chr2:10825185	10	1	10	10	-1	29.08	1	-0.4	0
chr2:7910375	10	1	10	10	-1	29.02	1	-0.4	0
chr1:29354468	10	1	10	10	-1	28.99	1	-0.4	0
chr3:18468129	10	1	10	10	-1	28.99	1	-0.4	0
chr4:18084742	10	1	10	10	-1	28.92	1	-0.4	0
chr4:14796868	10	1	10	10	-1	28.91	1	-0.4	0
chr5:26950148	10	1	10	10	-1	28.91	1	-0.4	0
chr1:29488572	10	1	10	10	-1	28.86	1	-0.4	0
chr1:7947843	10	1	10	10	-1	28.86	1	-0.4	0
chr1:9879271	10	1	10	10	-1	28.86	1	-0.4	0
chr3:10132999	10	1	10	10	-1	28.75	1	-0.4	0
chr3:5084015	10	1	10	10	-1	28.75	1	-0.4	0
chr1:6946647	10	1	10	10	-1	28.72	1	-0.4	0
chr3:18919299	10	1	10	10	-1	28.72	1	-0.4	0
chr4:8240551	10	1	10	10	-1	28.71	1	-0.4	0
chr1:10622587	10	1	10	10	-1	28.67	1	-0.4	0
chr4:8708606	10	1	10	10	-1	28.58	1	-0.4	0
chr5:3536022	10	1	10	10	-1	28.5	1	-0.4	0
chr3:17977606	10	1	10	10	-1	28.47	1	-0.4	0
chr1:23779574	10	1	10	10	-1	28.45	1	-0.4	0
chr1:11816389	10	1	10	10	-1	28.41	1	-0.4	0
chr3:9739217	10	1	10	10	-1	28.41	1	-0.4	0
chr4:13023815	10	1	10	10	-1	28.41	1	-0.4	0
chr3:22645576	10	1	10	10	-1	28.4	1	-0.4	0
chr5:7090703	10	1	10	10	-1	28.4	1	-0.4	0
chr5:23009191	10	1	10	10	-1	28.37	1	-0.4	0
chr5:20136625	10	1	10	10	-1	28.34	1	-0.4	0
chr2:12107379	10	1	10	10	-1	28.29	1	-0.4	0
chr1:7802800	10	1	10	10	-1	28.26	1	-0.4	0
chr1:18342480	10	1	10	10	-1	28.24	1	-0.4	0
chr2:6394808	10	1	10	10	-1	28.24	1	-0.4	0
chr1:13039934	10	1	10	10	-1	28.21	1	-0.4	0
chr1:17076513	10	1	10	10	-1	28.21	1	-0.4	0
chr1:1467809	10	1	10	10	-1	28.16	1	-0.4	0
chr5:25554174	10	1	10	10	-1	28.15	1	-0.4	0
chr5:25761998	10	1	10	10	-1	28.15	1	-0.4	0
chr1:6714316	10	1	10	10	-1	28.13	1	-0.4	0
chr3:20849448	10	1	10	10	-1	28.12	1	-0.4	0
chr3:16383719	10	1	10	10	-1	28.09	1	-0.4	0
chr4:14408193	10	1	10	10	-1	28.09	1	-0.4	0
chr5:23309207	10	1	10	10	-1	28.09	1	-0.4	0
chr5:22331873	10	1	10	10	-1	28.08	1	-0.4	0
chr1:3240652	10	1	10	10	-1	28.04	1	-0.4	0
chr4:18318629	10	1	10	10	-1	28.02	1	-0.4	0
chr5:1923291	10	1	10	10	-1	27.97	1	-0.4	0
chr2:6043961	10	1	10	10	-1	27.95	1	-0.4	0
chr4:11971297	10	1	10	10	-1	27.87	1	-0.4	0
chr5:6571636	10	1	10	10	-1	27.85	1	-0.4	0
chr4:6903111	10	1	10	10	-1	27.79	1	-0.4	0
chr2:16779143	10	1	10	10	-1	27.75	1	-0.4	0
chr5:8777253	10	1	10	10	-1	27.75	1	-0.4	0
chr2:6947042	10	1	10	10	-1	27.73	1	-0.4	0
chr1:21536026	10	1	10	10	-1	27.69	1	-0.4	0
chr4:13021164	10	1	10	10	-1	27.67	1	-0.4	0
chr1:20095248	10	1	10	10	-1	27.65	1	-0.4	0
chr1:6152308	10	1	10	10	-1	27.65	1	-0.4	0
chr3:8437798	10	1	10	10	-1	27.62	1	-0.4	0
chr4:10296314	10	1	10	10	-1	27.62	1	-0.4	0
chr4:9609346	10	1	10	10	-1	27.61	1	-0.4	0
chr5:16387009	10	1	10	10	-1	27.6	1	-0.4	0
chr2:14999106	10	1	10	10	-1	27.48	1	-0.4	0
chr1:10959910	10	1	10	10	-1	27.46	1	-0.4	0
chr5:23734295	10	1	10	10	-1	27.46	1	-0.4	0
chr1:18393865	10	1	10	10	-1	27.43	1	-0.4	0
chr5:2698419	10	1	10	10	-1	27.41	1	-0.4	0
chr5:23230657	10	1	10	10	-1	27.38	1	-0.4	0
chr1:18752954	10	1	10	10	-1	27.36	1	-0.4	0
chr1:26059087	10	1	10	10	-1	27.33	1	-0.4	0
chr3:23282018	10	1	10	10	-1	27.26	1	-0.4	0
chr4:97556	10	1	10	10	-1	27.25	1	-0.4	0
chr2:2924293	10	1	10	10	-1	27.24	1	-0.4	0
chr1:27638583	10	1	10	10	-1	27.22	1	-0.4	0
chr4:13729289	10	1	10	10	-1	27.22	1	-0.4	0
chr5:24480287	10	1	10	10	-1	27.22	1	-0.4	0
chr3:19991127	10	1	10	10	-1	27.21	1	-0.4	0
chr1:20431842	10	1	10	10	-1	27.13	1	-0.4	0
chr3:3019194	10	1	10	10	-1	27.13	1	-0.4	0
chr3:23093003	10	1	10	10	-1	27.12	1	-0.4	0
chr1:19581861	10	1	10	10	-1	27.11	1	-0.4	0
chr5:8885091	10	1	10	10	-1	27.09	1	-0.4	0
chr5:26106439	10	1	10	10	-1	27.08	1	-0.4	0
chr2:12939595	10	1	10	10	-1	27.04	1	-0.4	0
chr3:3441608	10	1	10	10	-1	26.96	1	-0.4	0
chr4:14094967	10	1	10	10	-1	26.96	1	-0.4	0
chr2:11687141	10	1	10	10	-1	26.95	1	-0.4	0
chr3:21299442	10	1	10	10	-1	26.95	1	-0.4	0
chr3:19110664	10	1	10	10	-1	26.92	1	-0.4	0
chr1:19893551	10	1	10	10	-1	26.91	1	-0.4	0
chr3:5695046	10	1	10	10	-1	26.87	1	-0.4	0
chr1:29638867	10	1	10	10	-1	26.83	1	-0.4	0
chr1:30260669	10	1	10	10	-1	26.79	1	-0.4	0
chr2:9454232	10	1	10	10	-1	26.79	1	-0.4	0
chr4:8185237	10	1	10	10	-1	26.79	1	-0.4	0
chr5:813193	10	1	10	10	-1	26.75	1	-0.4	0
chr1:26480335	10	1	10	10	-1	26.73	1	-0.4	0
chr3:19740659	10	1	10	10	-1	26.69	1	-0.4	0
chr1:22749167	10	1	10	10	-1	26.67	1	-0.4	0
chr4:13017903	10	1	10	10	-1	26.65	1	-0.4	0
chr2:13916300	10	1	10	10	-1	26.64	1	-0.4	0
chr4:16102451	10	1	10	10	-1	26.53	1	-0.4	0
chr1:20791214	10	1	10	10	-1	26.4	1	-0.4	0
chr1:5884908	10	1	10	10	-1	26.4	1	-0.4	0
chr3:5320419	10	1	10	10	-1	26.4	1	-0.4	0
chr5:19717087	10	1	10	10	-1	26.39	1	-0.4	0
chr4:12967197	10	1	10	10	-1	26.35	1	-0.4	0
chr2:8057364	10	1	10	10	-1	26.31	1	-0.4	0
chr5:18244368	10	1	10	10	-1	26.31	1	-0.4	0
chr1:25657173	10	1	10	10	-1	26.27	1	-0.4	0
chr4:7876927	10	1	10	10	-1	26.26	1	-0.4	0
chr3:208289	10	1	10	10	-1	26.25	1	-0.4	0
chr3:21409669	10	1	10	10	-1	26.25	1	-0.4	0
chr1:8978278	10	1	10	10	-1	26.23	1	-0.4	0
chr1:27148435	10	1	10	10	-1	26.16	1	-0.4	0
chr1:3778790	10	1	10	10	-1	26.15	1	-0.4	0
chr5:2935786	10	1	10	10	-1	26.14	1	-0.4	0
chr2:9907693	10	1	10	10	-1	26.13	1	-0.4	0
chr1:30239110	10	1	10	10	-1	26.11	1	-0.4	0
chr1:10956413	10	1	10	10	-1	26.06	1	-0.4	0
chr1:12472936	10	1	10	10	-1	26.05	1	-0.4	0
chr5:26260892	10	1	10	10	-1	26.04	1	-0.4	0
chr3:21430643	10	1	10	10	-1	26	1	-0.4	0
chr2:9955202	10	1	10	10	-1	25.99	1	-0.4	0
chr2:8939056	10	1	10	10	-1	25.96	1	-0.4	0
chr5:25683620	10	1	10	10	-1	25.95	1	-0.4	0
chr1:24831233	10	1	10	10	-1	25.91	1	-0.4	0
chr1:5421538	10	1	10	10	-1	25.88	1	-0.4	0
chr2:19089009	10	1	10	10	-1	25.85	1	-0.4	0
chr5:7116444	10	1	10	10	-1	25.81	1	-0.4	0
chr5:20506783	10	1	10	10	-1	25.76	1	-0.4	0
chr3:21015383	10	1	10	10	-1	25.74	1	-0.4	0
chr5:22924094	10	1	10	10	-1	25.74	1	-0.4	0
chr5:16290569	10	1	10	10	-1	25.71	1	-0.4	0
chr2:17890938	10	1	10	10	-1	25.68	1	-0.4	0
chr2:7457696	10	1	10	10	-1	25.68	1	-0.4	0
chr3:673384	10	1	10	10	-1	25.67	1	-0.4	0
chr2:14382407	10	1	10	10	-1	25.66	1	-0.4	0
chr3:20805060	10	1	10	10	-1	25.65	1	-0.4	0
chr5:186792	10	1	10	10	-1	25.61	1	-0.4	0
chr2:15338068	10	1	10	10	-1	25.59	1	-0.4	0
chr2:17756056	10	1	10	10	-1	25.59	1	-0.4	0
chr5:15928075	10	1	10	10	-1	25.59	1	-0.4	0
chr5:16161382	10	1	10	10	-1	25.59	1	-0.4	0
chr1:1236536	10	1	10	10	-1	25.55	1	-0.4	0
chr1:23637580	10	1	10	10	-1	25.55	1	-0.4	0
chr1:26513067	10	1	10	10	-1	25.54	1	-0.4	0
chr2:11981693	10	1	10	10	-1	25.52	1	-0.4	0
chr2:9696731	10	1	10	10	-1	25.49	1	-0.4	0
chr4:11972398	10	1	10	10	-1	25.49	1	-0.4	0
chr1:6643285	10	1	10	10	-1	25.47	1	-0.4	0
chr5:23118960	10	1	10	10	-1	25.47	1	-0.4	0
chr2:15092055	10	1	10	10	-1	25.44	1	-0.4	0
chr5:26916081	10	1	10	10	-1	25.35	1	-0.4	0
chr1:1389068	10	1	10	10	-1	25.34	1	-0.4	0
chr4:5440046	10	1	10	10	-1	25.33	1	-0.4	0
chr4:1382782	10	1	10	10	-1	25.32	1	-0.4	0
chr1:8009527	10	1	10	10	-1	25.31	1	-0.4	0
chr1:19744553	10	1	10	10	-1	25.29	1	-0.4	0
chr1:29096304	10	1	10	10	-1	25.29	1	-0.4	0
chr2:19167040	10	1	10	10	-1	25.29	1	-0.4	0
chr2:6018479	10	1	10	10	-1	25.29	1	-0.4	0
chr3:1657010	10	1	10	10	-1	25.29	1	-0.4	0
chr3:19450253	10	1	10	10	-1	25.29	1	-0.4	0
chr4:18056569	10	1	10	10	-1	25.29	1	-0.4	0
chr1:28975273	10	1	10	10	-1	25.27	1	-0.4	0
chr4:297256	10	1	10	10	-1	25.27	1	-0.4	0
chr5:19112075	10	1	10	10	-1	25.27	1	-0.4	0
chr5:8897794	10	1	10	10	-1	25.27	1	-0.4	0
chr3:22078298	10	1	10	10	-1	25.24	1	-0.4	0
chr4:14738257	10	1	10	10	-1	25.23	1	-0.4	0
chr1:24259552	10	1	10	10	-1	25.21	1	-0.4	0
chr4:16968106	10	1	10	10	-1	25.2	1	-0.4	0
chr5:22560697	10	1	10	10	-1	25.19	1	-0.4	0
chr1:19685570	10	1	10	10	-1	25.17	1	-0.4	0
chr5:7627001	10	1	10	10	-1	25.17	1	-0.4	0
chr5:16385175	10	1	10	10	-1	25.16	1	-0.4	0
chr2:17905906	10	1	10	10	-1	25.14	1	-0.4	0
chr5:16584091	10	1	10	10	-1	25.12	1	-0.4	0
chr5:8991867	10	1	10	10	-1	25.11	1	-0.4	0
chr4:16454650	10	1	10	10	-1	25.05	1	-0.4	0
chr5:830398	10	1	10	10	-1	25.05	1	-0.4	0
chr4:7261122	10	1	10	10	-1	24.97	1	-0.4	0
chr3:11725340	10	1	10	10	-1	24.95	1	-0.4	0
chr4:18410075	10	1	10	10	-1	24.95	1	-0.4	0
chr3:4739130	10	1	10	10	-1	24.94	1	-0.4	0
chr5:16372216	10	1	10	10	-1	24.94	1	-0.4	0
chr1:5864279	10	1	10	10	-1	24.93	1	-0.4	0
chr1:5931931	10	1	10	10	-1	24.92	1	-0.4	0
chr3:20856336	10	1	10	10	-1	24.84	1	-0.4	0
chr5:1383422	10	1	10	10	-1	24.8	1	-0.4	0
chr1:26415443	10	1	10	10	-1	24.76	1	-0.4	0
chr1:4772886	10	1	10	10	-1	24.76	1	-0.4	0
chr4:17520769	10	1	10	10	-1	24.73	1	-0.4	0
chr1:7610318	10	1	10	10	-1	24.72	1	-0.4	0
chr3:10128529	10	1	10	10	-1	24.72	1	-0.4	0
chr4:15730223	10	1	10	10	-1	24.71	1	-0.4	0
chr5:14755606	10	1	10	10	-1	24.71	1	-0.4	0
chr3:21626468	10	1	10	10	-1	24.69	1	-0.4	0
chr3:10287727	10	1	10	10	-1	24.68	1	-0.4	0
chr4:8823655	10	1	10	10	-1	24.67	1	-0.4	0
chr2:13438185	10	1	10	10	-1	24.66	1	-0.4	0
chr5:14066304	10	1	10	10	-1	24.65	1	-0.4	0
chr5:21607478	10	1	10	10	-1	24.63	1	-0.4	0
chr5:24066229	10	1	10	10	-1	24.63	1	-0.4	0
chr1:11072400	10	1	10	10	-1	24.62	1	-0.4	0
chr1:27547149	10	1	10	10	-1	24.62	1	-0.4	0
chr3:9575198	10	1	10	10	-1	24.62	1	-0.4	0
chr2:1160070	10	1	10	10	-1	24.59	1	-0.4	0
chr2:15512171	10	1	10	10	-1	24.59	1	-0.4	0
chr5:23377050	10	1	10	10	-1	24.57	1	-0.4	0
chr2:7401067	10	1	10	10	-1	24.55	1	-0.4	0
chr2:7864254	10	1	10	10	-1	24.55	1	-0.4	0
chr3:23328807	10	1	10	10	-1	24.53	1	-0.4	0
chr1:28669907	10	1	10	10	-1	24.52	1	-0.4	0
chr1:13031110	10	1	10	10	-1	24.45	1	-0.4	0
chr1:4794699	10	1	10	10	-1	24.43	1	-0.4	0
chr1:20607059	10	1	10	10	-1	24.42	1	-0.4	0
chr3:6232156	10	1	10	10	-1	24.41	1	-0.4	0
chr4:17771535	10	1	10	10	-1	24.41	1	-0.4	0
chr3:7650677	10	1	10	10	-1	24.39	1	-0.4	0
chr1:21519034	10	1	10	10	-1	24.38	1	-0.4	0
chr5:313295	10	1	10	10	-1	24.35	1	-0.4	0
chr5:6813643	10	1	10	10	-1	24.33	1	-0.4	0
chr3:3698714	10	1	10	10	-1	24.31	1	-0.4	0
chr5:24102056	10	1	10	10	-1	24.31	1	-0.4	0
chr3:21680396	10	1	10	10	-1	24.29	1	-0.4	0
chr5:2851833	10	1	10	10	-1	24.27	1	-0.4	0
chr1:11831330	10	1	10	10	-1	24.25	1	-0.4	0
chr5:18213886	10	1	10	10	-1	24.21	1	-0.4	0
chr5:22804687	10	1	10	10	-1	24.2	1	-0.4	0
chr1:1897084	10	1	10	10	-1	24.17	1	-0.4	0
chr3:19453220	10	1	10	10	-1	24.15	1	-0.4	0
chr2:189136	10	1	10	10	-1	24.14	1	-0.4	0
chr5:23999829	10	1	10	10	-1	24.11	1	-0.4	0
chr2:11354524	10	1	10	10	-1	24.1	1	-0.4	0
chr5:25070230	10	1	10	10	-1	24.08	1	-0.4	0
chr1:7958546	10	1	10	10	-1	24.07	1	-0.4	0
chr4:11601609	10	1	10	10	-1	24.07	1	-0.4	0
chr4:7786241	10	1	10	10	-1	24.06	1	-0.4	0
chr5:9867827	10	1	10	10	-1	24.02	1	-0.4	0
chr1:12056212	10	1	10	10	-1	24.01	1	-0.4	0
chr2:12804989	10	1	10	10	-1	23.99	1	-0.4	0
chr4:13015162	10	1	10	10	-1	23.99	1	-0.4	0
chr1:30135099	10	1	10	10	-1	23.98	1	-0.4	0
chr3:3025841	10	1	10	10	-1	23.98	1	-0.4	0
chr3:8500401	10	1	10	10	-1	23.97	1	-0.4	0
chr2:18756362	10	1	10	10	-1	23.95	1	-0.4	0
chr4:725332	10	1	10	10	-1	23.95	1	-0.4	0
chr5:26869468	10	1	10	10	-1	23.93	1	-0.4	0
chr2:12893990	10	1	10	10	-1	23.92	1	-0.4	0
chr2:7259008	10	1	10	10	-1	23.92	1	-0.4	0
chr2:14574455	10	1	10	10	-1	23.91	1	-0.4	0
chr2:18910434	10	1	10	10	-1	23.91	1	-0.4	0
chr5:20852935	10	1	10	10	-1	23.91	1	-0.4	0
chr5:24836646	10	1	10	10	-1	23.91	1	-0.4	0
chr2:11120755	10	1	10	10	-1	23.88	1	-0.4	0
chr1:29591002	10	1	10	10	-1	23.87	1	-0.4	0
chr2:10429455	10	1	10	10	-1	23.82	1	-0.4	0
chr5:2937040	10	1	10	10	-1	23.78	1	-0.4	0
chr3:390956	10	1	10	10	-1	23.77	1	-0.4	0
chr5:1326903	10	1	10	10	-1	23.76	1	-0.4	0
chr3:17234247	10	1	10	10	-1	23.73	1	-0.4	0
chr3:17384063	10	1	10	10	-1	23.73	1	-0.4	0
chr3:1739109	10	1	10	10	-1	23.71	1	-0.4	0
chr2:17091587	10	1	10	10	-1	23.7	1	-0.4	0
chr2:387859	10	1	10	10	-1	23.66	1	-0.4	0
chr1:167832	10	1	10	10	-1	23.65	1	-0.4	0
chr3:6473324	10	1	10	10	-1	23.65	1	-0.4	0
chr3:314613	10	1	10	10	-1	23.63	1	-0.4	0
chr5:8243396	10	1	10	10	-1	23.59	1	-0.4	0
chr1:1028453	10	1	10	10	-1	23.58	1	-0.4	0
chr1:6899952	10	1	10	10	-1	23.57	1	-0.4	0
chr3:10192143	10	1	10	10	-1	23.57	1	-0.4	0
chr3:17972049	10	1	10	10	-1	23.57	1	-0.4	0
chr3:387491	10	1	10	10	-1	23.57	1	-0.4	0
chr4:15959721	10	1	10	10	-1	23.55	1	-0.4	0
chr1:23895889	10	1	10	10	-1	23.54	1	-0.4	0
chr3:3069236	10	1	10	10	-1	23.52	1	-0.4	0
chr1:20430742	10	1	10	10	-1	23.5	1	-0.4	0
chr4:8910802	10	1	10	10	-1	23.5	1	-0.4	0
chr5:332203	10	1	10	10	-1	23.5	1	-0.4	0
chr1:29361077	10	1	10	10	-1	23.48	1	-0.4	0
chr1:11354018	10	1	10	10	-1	23.43	1	-0.4	0
chr1:10715644	10	1	10	10	-1	23.41	1	-0.4	0
chr4:18186441	10	1	10	10	-1	23.41	1	-0.4	0
chr5:8216113	10	1	10	10	-1	23.41	1	-0.4	0
chr1:5410777	10	1	10	10	-1	23.39	1	-0.4	0
chr1:18735550	10	1	10	10	-1	23.35	1	-0.4	0
chr1:22628149	10	1	10	10	-1	23.33	1	-0.4	0
chr1:25974793	10	1	10	10	-1	23.33	1	-0.4	0
chr2:14224536	10	1	10	10	-1	23.33	1	-0.4	0
chr4:14810566	10	1	10	10	-1	23.32	1	-0.4	0
chr5:5864262	10	1	10	10	-1	23.3	1	-0.4	0
chr1:9800102	10	1	10	10	-1	23.29	1	-0.4	0
chr3:22252836	10	1	10	10	-1	23.29	1	-0.4	0
chr1:27635035	10	1	10	10	-1	23.28	1	-0.4	0
chr3:21121285	10	1	10	10	-1	23.28	1	-0.4	0
chr1:5531991	10	1	10	10	-1	23.26	1	-0.4	0
chr5:5359112	10	1	10	10	-1	23.26	1	-0.4	0
chr1:8350207	10	1	10	10	-1	23.25	1	-0.4	0
chr5:22390034	10	1	10	10	-1	23.25	1	-0.4	0
chr2:18724361	10	1	10	10	-1	23.24	1	-0.4	0
chr5:24752801	10	1	10	10	-1	23.23	1	-0.4	0
chr4:10474159	10	1	10	10	-1	23.22	1	-0.4	0
chr3:9132180	10	1	10	10	-1	23.2	1	-0.4	0
chr3:9995985	10	1	10	10	-1	23.2	1	-0.4	0
chr5:21337402	10	1	10	10	-1	23.19	1	-0.4	0
chr4:15897921	10	1	10	10	-1	23.18	1	-0.4	0
chr3:17547160	10	1	10	10	-1	23.11	1	-0.4	0
chr4:16587861	10	1	10	10	-1	23.1	1	-0.4	0
chr5:1378073	10	1	10	10	-1	23.09	1	-0.4	0
chr2:18371080	10	1	10	10	-1	23.08	1	-0.4	0
chr4:227426	10	1	10	10	-1	23.08	1	-0.4	0
chr5:16825297	10	1	10	10	-1	23.08	1	-0.4	0
chr1:6735188	10	1	10	10	-1	23.05	1	-0.4	0
chr1:8060762	10	1	10	10	-1	23.05	1	-0.4	0
chr5:24127211	10	1	10	10	-1	23.05	1	-0.4	0
chr3:1896094	10	1	10	10	-1	23.04	1	-0.4	0
chr3:22378962	10	1	10	10	-1	22.99	1	-0.4	0
chr2:18373345	10	1	10	10	-1	22.98	1	-0.4	0
chr5:773555	10	1	10	10	-1	22.98	1	-0.4	0
chr3:4959957	10	1	10	10	-1	22.97	1	-0.4	0
chr4:5994455	10	1	10	10	-1	22.97	1	-0.4	0
chr5:1380511	10	1	10	10	-1	22.97	1	-0.4	0
chr5:17052095	10	1	10	10	-1	22.97	1	-0.4	0
chr5:5987247	10	1	10	10	-1	22.97	1	-0.4	0
chr5:26422867	10	1	10	10	-1	22.96	1	-0.4	0
chr4:11475744	10	1	10	10	-1	22.92	1	-0.4	0
chr4:17986351	10	1	10	10	-1	22.92	1	-0.4	0
chr4:18374214	10	1	10	10	-1	22.92	1	-0.4	0
chr3:3366499	10	1	10	10	-1	22.91	1	-0.4	0
chr1:10261139	10	1	10	10	-1	22.89	1	-0.4	0
chr1:4879600	10	1	10	10	-1	22.89	1	-0.4	0
chr1:12840204	10	1	10	10	-1	22.86	1	-0.4	0
chr4:17397773	10	1	10	10	-1	22.86	1	-0.4	0
chr4:10135911	10	1	10	10	-1	22.83	1	-0.4	0
chr2:8665051	10	1	10	10	-1	22.81	1	-0.4	0
chr1:1974598	10	1	10	10	-1	22.8	1	-0.4	0
chr3:8269691	10	1	10	10	-1	22.75	1	-0.4	0
chr1:2882474	10	1	10	10	-1	22.74	1	-0.4	0
chr5:4432159	10	1	10	10	-1	22.73	1	-0.4	0
chr2:1930907	10	1	10	10	-1	22.67	1	-0.4	0
chr3:22248702	10	1	10	10	-1	22.67	1	-0.4	0
chr4:15229787	10	1	10	10	-1	22.67	1	-0.4	0
chr3:1397507	10	1	10	10	-1	22.66	1	-0.4	0
chr3:1956340	10	1	10	10	-1	22.66	1	-0.4	0
chr5:21034724	10	1	10	10	-1	22.66	1	-0.4	0
chr4:9665044	10	1	10	10	-1	22.64	1	-0.4	0
chr5:3457565	10	1	10	10	-1	22.62	1	-0.4	0
chr2:15447624	10	1	10	10	-1	22.61	1	-0.4	0
chr3:4847032	10	1	10	10	-1	22.61	1	-0.4	0
chr5:26852913	10	1	10	10	-1	22.61	1	-0.4	0
chr5:22115442	10	1	10	10	-1	22.58	1	-0.4	0
chr1:27136960	10	1	10	10	-1	22.57	1	-0.4	0
chr2:19409627	10	1	10	10	-1	22.57	1	-0.4	0
chr5:25609308	10	1	10	10	-1	22.57	1	-0.4	0
chr1:1311216	10	1	10	10	-1	22.56	1	-0.4	0
chr2:17616758	10	1	10	10	-1	22.55	1	-0.4	0
chr3:6093328	10	1	10	10	-1	22.55	1	-0.4	0
chr1:19825588	10	1	10	10	-1	22.53	1	-0.4	0
chr1:4695047	10	1	10	10	-1	22.53	1	-0.4	0
chr4:7480417	10	1	10	10	-1	22.49	1	-0.4	0
chr2:7776693	10	1	10	10	-1	22.48	1	-0.4	0
chr1:28698707	10	1	10	10	-1	22.46	1	-0.4	0
chr1:8059648	10	1	10	10	-1	22.46	1	-0.4	0
chr2:14898312	10	1	10	10	-1	22.45	1	-0.4	0
chr2:13600521	10	1	10	10	-1	22.44	1	-0.4	0
chr4:9757278	10	1	10	10	-1	22.43	1	-0.4	0
chr2:10046559	10	1	10	10	-1	22.41	1	-0.4	0
chr3:22991192	10	1	10	10	-1	22.4	1	-0.4	0
chr3:23137494	10	1	10	10	-1	22.39	1	-0.4	0
chr1:3038350	10	1	10	10	-1	22.38	1	-0.4	0
chr4:16686763	10	1	10	10	-1	22.37	1	-0.4	0
chr5:24482593	10	1	10	10	-1	22.37	1	-0.4	0
chr1:26256533	10	1	10	10	-1	22.35	1	-0.4	0
chr1:12897626	10	1	10	10	-1	22.32	1	-0.4	0
chr4:13939766	10	1	10	10	-1	22.28	1	-0.4	0
chr4:535260	10	1	10	10	-1	22.28	1	-0.4	0
chr3:17180241	10	1	10	10	-1	22.27	1	-0.4	0
chr3:4908917	10	1	10	10	-1	22.27	1	-0.4	0
chr4:14407409	10	1	10	10	-1	22.27	1	-0.4	0
chr5:694962	10	1	10	10	-1	22.26	1	-0.4	0
chr5:338760	10	1	10	10	-1	22.25	1	-0.4	0
chr5:7139537	10	1	10	10	-1	22.25	1	-0.4	0
chr1:25781283	10	1	10	10	-1	22.22	1	-0.4	0
chr1:6763762	10	1	10	10	-1	22.22	1	-0.4	0
chr3:17362113	10	1	10	10	-1	22.22	1	-0.4	0
chr3:18837555	10	1	10	10	-1	22.22	1	-0.4	0
chr1:20763946	10	1	10	10	-1	22.21	1	-0.4	0
chr3:16617457	10	1	10	10	-1	22.21	1	-0.4	0
chr5:26890025	10	1	10	10	-1	22.16	1	-0.4	0
chr3:18708461	10	1	10	10	-1	22.15	1	-0.4	0
chr3:2844033	10	1	10	10	-1	22.15	1	-0.4	0
chr4:10846106	10	1	10	10	-1	22.15	1	-0.4	0
chr5:24110257	10	1	10	10	-1	22.15	1	-0.4	0
chr5:23588267	10	1	10	10	-1	22.14	1	-0.4	0
chr1:29593712	10	1	10	10	-1	22.11	1	-0.4	0
chr4:18324683	10	1	10	10	-1	22.11	1	-0.4	0
chr1:26592859	10	1	10	10	-1	22.03	1	-0.4	0
chr3:23150573	10	1	10	10	-1	22.03	1	-0.4	0
chr3:11397770	10	1	10	10	-1	22.02	1	-0.4	0
chr4:1385726	10	1	10	10	-1	22.02	1	-0.4	0
chr2:8473865	10	1	10	10	-1	22.01	1	-0.4	0
chr5:6001081	10	1	10	10	-1	21.99	1	-0.4	0
chr1:13700725	10	1	10	10	-1	21.98	1	-0.4	0
chr4:16266030	10	1	10	10	-1	21.98	1	-0.4	0
chr4:17283056	10	1	10	10	-1	21.96	1	-0.4	0
chr1:8484399	10	1	10	10	-1	21.95	1	-0.4	0
chr1:2227575	10	1	10	10	-1	21.94	1	-0.4	0
chr1:26079059	10	1	10	10	-1	21.94	1	-0.4	0
chr5:13904550	10	1	10	10	-1	21.94	1	-0.4	0
chr5:8038493	10	1	10	10	-1	21.94	1	-0.4	0
chr5:23623435	10	1	10	10	-1	21.93	1	-0.4	0
chr5:20084388	10	1	10	10	-1	21.91	1	-0.4	0
chr1:20061416	10	1	10	10	-1	21.9	1	-0.4	0
chr2:17220469	10	1	10	10	-1	21.9	1	-0.4	0
chr2:977686	10	1	10	10	-1	21.89	1	-0.4	0
chr4:13816379	10	1	10	10	-1	21.87	1	-0.4	0
chr2:12123556	10	1	10	10	-1	21.86	1	-0.4	0
chr4:9943408	10	1	10	10	-1	21.86	1	-0.4	0
chr5:8747375	10	1	10	10	-1	21.86	1	-0.4	0
chr1:4230055	10	1	10	10	-1	21.78	1	-0.4	0
chr2:9868831	10	1	10	10	-1	21.77	1	-0.4	0
chr5:23288575	10	1	10	10	-1	21.77	1	-0.4	0
chr2:587329	10	1	10	10	-1	21.75	1	-0.4	0
chr1:27264043	10	1	10	10	-1	21.73	1	-0.4	0
chr1:6002672	10	1	10	10	-1	21.73	1	-0.4	0
chr3:10563277	10	1	10	10	-1	21.73	1	-0.4	0
chr5:22873595	10	1	10	10	-1	21.73	1	-0.4	0
chr5:3880764	10	1	10	10	-1	21.72	1	-0.4	0
chr3:3198385	10	1	10	10	-1	21.7	1	-0.4	0
chr3:3826121	10	1	10	10	-1	21.69	1	-0.4	0
chr1:11544113	10	1	10	10	-1	21.67	1	-0.4	0
chr1:26305012	10	1	10	10	-1	21.67	1	-0.4	0
chr4:1230220	10	1	10	10	-1	21.64	1	-0.4	0
chr5:1550022	10	1	10	10	-1	21.64	1	-0.4	0
chr1:24848144	10	1	10	10	-1	21.58	1	-0.4	0
chr5:4898629	10	1	10	10	-1	21.58	1	-0.4	0
chr3:5297669	10	1	10	10	-1	21.56	1	-0.4	0
chr5:157730	10	1	10	10	-1	21.56	1	-0.4	0
chr3:9981275	10	1	10	10	-1	21.55	1	-0.4	0
chr1:27353845	10	1	10	10	-1	21.52	1	-0.4	0
chr2:8595495	10	1	10	10	-1	21.52	1	-0.4	0
chr4:9032211	10	1	10	10	-1	21.52	1	-0.4	0
chr5:4262690	10	1	10	10	-1	21.52	1	-0.4	0
chr1:10561502	10	1	10	10	-1	21.51	1	-0.4	0
chr1:8321509	10	1	10	10	-1	21.48	1	-0.4	0
chr1:8911508	10	1	10	10	-1	21.48	1	-0.4	0
chr4:17952821	10	1	10	10	-1	21.48	1	-0.4	0
chr1:7704072	10	1	10	10	-1	21.46	1	-0.4	0
chr2:13037066	10	1	10	10	-1	21.45	1	-0.4	0
chr5:19644787	10	1	10	10	-1	21.45	1	-0.4	0
chr4:7369776	10	1	10	10	-1	21.42	1	-0.4	0
chr3:17739786	10	1	10	10	-1	21.36	1	-0.4	0
chr1:20665091	10	1	10	10	-1	21.35	1	-0.4	0
chr1:28084294	10	1	10	10	-1	21.35	1	-0.4	0
chr1:2212546	10	1	10	10	-1	21.33	1	-0.4	0
chr1:24387799	10	1	10	10	-1	21.33	1	-0.4	0
chr5:2433903	10	1	10	10	-1	21.3	1	-0.4	0
chr1:194954	10	1	10	10	-1	21.29	1	-0.4	0
chr1:7518661	10	1	10	10	-1	21.27	1	-0.4	0
chr4:7457644	10	1	10	10	-1	21.25	1	-0.4	0
chr3:2346940	10	1	10	10	-1	21.24	1	-0.4	0
chr1:13071297	10	1	10	10	-1	21.23	1	-0.4	0
chr1:29093220	10	1	10	10	-1	21.23	1	-0.4	0
chr2:2960580	10	1	10	10	-1	21.23	1	-0.4	0
chr5:5138363	10	1	10	10	-1	21.23	1	-0.4	0
chr5:9650212	10	1	10	10	-1	21.23	1	-0.4	0
chr5:7318607	10	1	10	10	-1	21.21	1	-0.4	0
chr1:10892425	10	1	10	10	-1	21.2	1	-0.4	0
chr1:26766933	10	1	10	10	-1	21.2	1	-0.4	0
chr4:11577145	10	1	10	10	-1	21.2	1	-0.4	0
chr5:6287874	10	1	10	10	-1	21.2	1	-0.4	0
chr1:27383345	10	1	10	10	-1	21.19	1	-0.4	0
chr1:7480764	10	1	10	10	-1	21.18	1	-0.4	0
chr3:102342	10	1	10	10	-1	21.16	1	-0.4	0
chr4:8907849	10	1	10	10	-1	21.16	1	-0.4	0
chr4:744173	10	1	10	10	-1	21.11	1	-0.4	0
chr1:27596100	10	1	10	10	-1	21.1	1	-0.4	0
chr4:13532655	10	1	10	10	-1	21.1	1	-0.4	0
chr5:17390390	10	1	10	10	-1	21.1	1	-0.4	0
chr5:2266951	10	1	10	10	-1	21.08	1	-0.4	0
chr2:2291588	10	1	10	10	-1	21.04	1	-0.4	0
chr3:23167756	10	1	10	10	-1	21.04	1	-0.4	0
chr4:14240538	10	1	10	10	-1	21.04	1	-0.4	0
chr1:2013662	10	1	10	10	-1	21	1	-0.4	0
chr3:17968622	10	1	10	10	-1	21	1	-0.4	0
chr4:12079912	10	1	10	10	-1	21	1	-0.4	0
chr4:728080	10	1	10	10	-1	21	1	-0.4	0
chr3:9595403	10	1	10	10	-1	20.99	1	-0.4	0
chr4:14321896	10	1	10	10	-1	20.95	1	-0.4	0
chr2:9065341	10	1	10	10	-1	20.92	1	-0.4	0
chr5:23981495	10	1	10	10	-1	20.9	1	-0.4	0
chr3:18839404	10	1	10	10	-1	20.89	1	-0.4	0
chr3:2280145	10	1	10	10	-1	20.88	1	-0.4	0
chr1:7944583	10	1	10	10	-1	20.87	1	-0.4	0
chr3:9315759	10	1	10	10	-1	20.87	1	-0.4	0
chr4:18321196	10	1	10	10	-1	20.87	1	-0.4	0
chr1:30358280	10	1	10	10	-1	20.85	1	-0.4	0
chr1:7370847	10	1	10	10	-1	20.85	1	-0.4	0
chr2:19362908	10	1	10	10	-1	20.85	1	-0.4	0
chr3:18892562	10	1	10	10	-1	20.85	1	-0.4	0
chr5:26688165	10	1	10	10	-1	20.85	1	-0.4	0
chr4:17792748	10	1	10	10	-1	20.83	1	-0.4	0
chr5:25810390	10	1	10	10	-1	20.83	1	-0.4	0
chr2:7678837	10	1	10	10	-1	20.82	1	-0.4	0
chr1:25228053	10	1	10	10	-1	20.81	1	-0.4	0
chr1:4113118	10	1	10	10	-1	20.81	1	-0.4	0
chr1:6174739	10	1	10	10	-1	20.81	1	-0.4	0
chr3:5162463	10	1	10	10	-1	20.81	1	-0.4	0
chr4:1299388	10	1	10	10	-1	20.81	1	-0.4	0
chr5:26430123	10	1	10	10	-1	20.8	1	-0.4	0
chr1:11545804	10	1	10	10	-1	20.78	1	-0.4	0
chr1:29203532	10	1	10	10	-1	20.78	1	-0.4	0
chr3:536215	10	1	10	10	-1	20.78	1	-0.4	0
chr4:7602910	10	1	10	10	-1	20.77	1	-0.4	0
chr5:26232831	10	1	10	10	-1	20.77	1	-0.4	0
chr1:8728521	10	1	10	10	-1	20.72	1	-0.4	0
chr5:7375696	10	1	10	10	-1	20.72	1	-0.4	0
chr3:3867904	10	1	10	10	-1	20.67	1	-0.4	0
chr5:7842918	10	1	10	10	-1	20.67	1	-0.4	0
chr5:8569576	10	1	10	10	-1	20.67	1	-0.4	0
chr1:25717898	10	1	10	10	-1	20.66	1	-0.4	0
chr1:3444809	10	1	10	10	-1	20.66	1	-0.4	0
chr1:8098189	10	1	10	10	-1	20.63	1	-0.4	0
chr3:22873958	10	1	10	10	-1	20.63	1	-0.4	0
chr5:7513037	10	1	10	10	-1	20.62	1	-0.4	0
chr1:5202611	10	1	10	10	-1	20.6	1	-0.4	0
chr5:19164046	10	1	10	10	-1	20.58	1	-0.4	0
chr3:6704394	10	1	10	10	-1	20.57	1	-0.4	0
chr1:5940232	10	1	10	10	-1	20.56	1	-0.4	0
chr1:728266	10	1	10	10	-1	20.53	1	-0.4	0
chr1:21237625	10	1	10	10	-1	20.5	1	-0.4	0
chr2:15093932	10	1	10	10	-1	20.5	1	-0.4	0
chr2:15831965	10	1	10	10	-1	20.5	1	-0.4	0
chr4:10177495	10	1	10	10	-1	20.5	1	-0.4	0
chr5:18018055	10	1	10	10	-1	20.5	1	-0.4	0
chr5:5509698	10	1	10	10	-1	20.5	1	-0.4	0
chr1:26938355	10	1	10	10	-1	20.48	1	-0.4	0
chr1:773401	10	1	10	10	-1	20.47	1	-0.4	0
chr2:959399	10	1	10	10	-1	20.44	1	-0.4	0
chr5:22798297	10	1	10	10	-1	20.41	1	-0.4	0
chr4:5742257	10	1	10	10	-1	20.39	1	-0.4	0
chr5:21969911	10	1	10	10	-1	20.38	1	-0.4	0
chr5:22173267	10	1	10	10	-1	20.36	1	-0.4	0
chr5:26100620	10	1	10	10	-1	20.34	1	-0.4	0
chr2:489930	10	1	10	10	-1	20.29	1	-0.4	0
chr1:20451273	10	1	10	10	-1	20.27	1	-0.4	0
chr2:17237578	10	1	10	10	-1	20.24	1	-0.4	0
chr5:23154164	10	1	10	10	-1	20.23	1	-0.4	0
chr2:17999951	10	1	10	10	-1	20.22	1	-0.4	0
chr1:173489	10	1	10	10	-1	20.21	1	-0.4	0
chr1:24952691	10	1	10	10	-1	20.21	1	-0.4	0
chr1:9330634	10	1	10	10	-1	20.21	1	-0.4	0
chr3:19662333	10	1	10	10	-1	20.21	1	-0.4	0
chr3:5892232	10	1	10	10	-1	20.21	1	-0.4	0
chr5:446050	10	1	10	10	-1	20.21	1	-0.4	0
chr5:9050318	10	1	10	10	-1	20.21	1	-0.4	0
chr3:18248771	10	1	10	10	-1	20.19	1	-0.4	0
chr5:19044297	10	1	10	10	-1	20.19	1	-0.4	0
chr4:13820993	10	1	10	10	-1	20.18	1	-0.4	0
chr5:17611672	10	1	10	10	-1	20.18	1	-0.4	0
chr1:30371996	10	1	10	10	-1	20.17	1	-0.4	0
chr2:254642	10	1	10	10	-1	20.17	1	-0.4	0
chr4:13742319	10	1	10	10	-1	20.16	1	-0.4	0
chr5:5436506	10	1	10	10	-1	20.15	1	-0.4	0
chr1:6331262	10	1	10	10	-1	20.13	1	-0.4	0
chr3:1852705	10	1	10	10	-1	20.12	1	-0.4	0
chr1:21206234	10	1	10	10	-1	20.09	1	-0.4	0
chr1:9411890	10	1	10	10	-1	20.08	1	-0.4	0
chr4:10275905	10	1	10	10	-1	20.05	1	-0.4	0
chr4:10349551	10	1	10	10	-1	20.05	1	-0.4	0
chr4:484480	10	1	10	10	-1	20.05	1	-0.4	0
chr5:18228661	10	1	10	10	-1	20.05	1	-0.4	0
chr3:6530468	10	1	10	10	-1	20.03	1	-0.4	0
chr4:10394009	10	1	10	10	-1	20.03	1	-0.4	0
chr2:11856676	10	1	10	10	-1	20.02	1	-0.4	0
chr5:19308747	10	1	10	10	-1	20.02	1	-0.4	0
chr5:23899441	10	1	10	10	-1	20.02	1	-0.4	0
chr2:109521	10	1	10	10	-1	19.99	1	-0.4	0
chr3:2911258	10	1	10	10	-1	19.99	1	-0.4	0
chr4:14801425	10	1	10	10	-1	19.99	1	-0.4	0
chr5:2933806	10	1	10	10	-1	19.99	1	-0.4	0
chr4:16582996	10	1	10	10	-1	19.98	1	-0.4	0
chr1:29359630	10	1	10	10	-1	19.96	1	-0.4	0
chr5:4554947	10	1	10	10	-1	19.96	1	-0.4	0
chr1:19492978	10	1	10	10	-1	19.95	1	-0.4	0
chr4:18217584	10	1	10	10	-1	19.95	1	-0.4	0
chr3:7286477	10	1	10	10	-1	19.94	1	-0.4	0
chr1:18452071	10	1	10	10	-1	19.93	1	-0.4	0
chr4:2328309	10	1	10	10	-1	19.93	1	-0.4	0
chr2:8550121	10	1	10	10	-1	19.91	1	-0.4	0
chr1:23411037	10	1	10	10	-1	19.9	1	-0.4	0
chr2:17472699	10	1	10	10	-1	19.89	1	-0.4	0
chr5:1139699	10	1	10	10	-1	19.89	1	-0.4	0
chr5:5696098	10	1	10	10	-1	19.89	1	-0.4	0
chr1:3178	10	1	10	10	-1	19.86	1	-0.4	0
chr4:512952	10	1	10	10	-1	19.86	1	-0.4	0
chr1:28940578	10	1	10	10	-1	19.85	1	-0.4	0
chr5:14912495	10	1	10	10	-1	19.85	1	-0.4	0
chr4:17770714	10	1	10	10	-1	19.84	1	-0.4	0
chr5:21095070	10	1	10	10	-1	19.82	1	-0.4	0
chr5:25815676	10	1	10	10	-1	19.82	1	-0.4	0
chr4:18559131	10	1	10	10	-1	19.77	1	-0.4	0
chr2:14363422	10	1	10	10	-1	19.74	1	-0.4	0
chr5:25876683	10	1	10	10	-1	19.74	1	-0.4	0
chr1:25620367	10	1	10	10	-1	19.71	1	-0.4	0
chr5:24909729	10	1	10	10	-1	19.71	1	-0.4	0
chr5:4650865	10	1	10	10	-1	19.7	1	-0.4	0
chr1:1135589	10	1	10	10	-1	19.65	1	-0.4	0
chr2:17099352	10	1	10	10	-1	19.65	1	-0.4	0
chr5:6290441	10	1	10	10	-1	19.65	1	-0.4	0
chr1:18680730	10	1	10	10	-1	19.62	1	-0.4	0
chr3:11798830	10	1	10	10	-1	19.62	1	-0.4	0
chr4:18268092	10	1	10	10	-1	19.62	1	-0.4	0
chr3:5144996	10	1	10	10	-1	19.61	1	-0.4	0
chr3:6016819	10	1	10	10	-1	19.61	1	-0.4	0
chr4:17861500	10	1	10	10	-1	19.61	1	-0.4	0
chr4:6799920	10	1	10	10	-1	19.61	1	-0.4	0
chr1:9938965	10	1	10	10	-1	19.6	1	-0.4	0
chr2:15516676	10	1	10	10	-1	19.59	1	-0.4	0
chr5:21735026	10	1	10	10	-1	19.59	1	-0.4	0
chr2:15518545	10	1	10	10	-1	19.58	1	-0.4	0
chr5:6802317	10	1	10	10	-1	19.58	1	-0.4	0
chr5:26365792	10	1	10	10	-1	19.57	1	-0.4	0
chr2:18536063	10	1	10	10	-1	19.55	1	-0.4	0
chr4:10683021	10	1	10	10	-1	19.55	1	-0.4	0
chr1:4850024	10	1	10	10	-1	19.51	1	-0.4	0
chr1:7270329	10	1	10	10	-1	19.49	1	-0.4	0
chr5:1442278	10	1	10	10	-1	19.49	1	-0.4	0
chr2:14652023	10	1	10	10	-1	19.48	1	-0.4	0
chr3:16969291	10	1	10	10	-1	19.48	1	-0.4	0
chr5:552695	10	1	10	10	-1	19.47	1	-0.4	0
chr2:16747323	10	1	10	10	-1	19.46	1	-0.4	0
chr1:24743986	10	1	10	10	-1	19.45	1	-0.4	0
chr2:16200087	10	1	10	10	-1	19.43	1	-0.4	0
chr4:9835491	10	1	10	10	-1	19.42	1	-0.4	0
chr4:360403	10	1	10	10	-1	19.39	1	-0.4	0
chr5:26236032	10	1	10	10	-1	19.39	1	-0.4	0
chr1:29772041	10	1	10	10	-1	19.34	1	-0.4	0
chr3:1644854	10	1	10	10	-1	19.34	1	-0.4	0
chr1:6299200	10	1	10	10	-1	19.33	1	-0.4	0
chr2:17489792	10	1	10	10	-1	19.33	1	-0.4	0
chr4:15069534	10	1	10	10	-1	19.32	1	-0.4	0
chr4:2572597	10	1	10	10	-1	19.32	1	-0.4	0
chr2:8544780	10	1	10	10	-1	19.31	1	-0.4	0
chr1:26400856	10	1	10	10	-1	19.3	1	-0.4	0
chr1:364283	10	1	10	10	-1	19.29	1	-0.4	0
chr5:22910788	10	1	10	10	-1	19.29	1	-0.4	0
chr5:24956536	10	1	10	10	-1	19.29	1	-0.4	0
chr1:13076509	10	1	10	10	-1	19.25	1	-0.4	0
chr1:18886488	10	1	10	10	-1	19.25	1	-0.4	0
chr1:19986047	10	1	10	10	-1	19.25	1	-0.4	0
chr5:6014887	10	1	10	10	-1	19.23	1	-0.4	0
chr5:2178270	10	1	10	10	-1	19.21	1	-0.4	0
chr1:29800528	10	1	10	10	-1	19.2	1	-0.4	0
chr2:259043	10	1	10	10	-1	19.2	1	-0.4	0
chr3:1936187	10	1	10	10	-1	19.2	1	-0.4	0
chr4:17772857	10	1	10	10	-1	19.2	1	-0.4	0
chr5:6684684	10	1	10	10	-1	19.2	1	-0.4	0
chr1:23937072	10	1	10	10	-1	19.18	1	-0.4	0
chr5:9792355	10	1	10	10	-1	19.18	1	-0.4	0
chr3:10790752	10	1	10	10	-1	19.17	1	-0.4	0
chr1:3570978	10	1	10	10	-1	19.16	1	-0.4	0
chr1:28442454	10	1	10	10	-1	19.15	1	-0.4	0
chr1:5082512	10	1	10	10	-1	19.14	1	-0.4	0
chr3:4970308	10	1	10	10	-1	19.14	1	-0.4	0
chr2:9444522	10	1	10	10	-1	19.13	1	-0.4	0
chr3:21277699	10	1	10	10	-1	19.13	1	-0.4	0
chr1:10073519	10	1	10	10	-1	19.11	1	-0.4	0
chr3:22742419	10	1	10	10	-1	19.1	1	-0.4	0
chr4:14077439	10	1	10	10	-1	19.1	1	-0.4	0
chr5:3914428	10	1	10	10	-1	19.1	1	-0.4	0
chr5:5511784	10	1	10	10	-1	19.1	1	-0.4	0
chr4:6310835	10	1	10	10	-1	19.07	1	-0.4	0
chr5:4604675	10	1	10	10	-1	19.06	1	-0.4	0
chr3:640185	10	1	10	10	-1	19.05	1	-0.4	0
chr4:17048572	10	1	10	10	-1	19.02	1	-0.4	0
chr5:16725702	10	1	10	10	-1	19.02	1	-0.4	0
chr1:22343726	10	1	10	10	-1	19.01	1	-0.4	0
chr1:24630297	10	1	10	10	-1	19.01	1	-0.4	0
chr1:8167965	10	1	10	10	-1	19	1	-0.4	0
chr1:6939691	10	1	10	10	-1	18.98	1	-0.4	0
chr1:28036395	10	1	10	10	-1	18.93	1	-0.4	0
chr1:5648373	10	1	10	10	-1	18.93	1	-0.4	0
chr3:9536895	10	1	10	10	-1	18.92	1	-0.4	0
chr1:1071440	10	1	10	10	-1	18.89	1	-0.4	0
chr4:17187473	10	1	10	10	-1	18.88	1	-0.4	0
chr1:12534416	10	1	10	10	-1	18.86	1	-0.4	0
chr4:16988963	10	1	10	10	-1	18.86	1	-0.4	0
chr1:29605396	10	1	10	10	-1	18.85	1	-0.4	0
chr1:11691591	10	1	10	10	-1	18.83	1	-0.4	0
chr2:7285506	10	1	10	10	-1	18.83	1	-0.4	0
chr4:11993828	10	1	10	10	-1	18.83	1	-0.4	0
chr4:2906999	10	1	10	10	-1	18.83	1	-0.4	0
chr4:7373906	10	1	10	10	-1	18.83	1	-0.4	0
chr5:24887036	10	1	10	10	-1	18.83	1	-0.4	0
chr1:26032589	10	1	10	10	-1	18.82	1	-0.4	0
chr4:15293228	10	1	10	10	-1	18.82	1	-0.4	0
chr2:268915	10	1	10	10	-1	18.81	1	-0.4	0
chr2:12233135	10	1	10	10	-1	18.79	1	-0.4	0
chr5:21913246	10	1	10	10	-1	18.79	1	-0.4	0
chr1:26444485	10	1	10	10	-1	18.77	1	-0.4	0
chr1:10143762	10	1	10	10	-1	18.76	1	-0.4	0
chr1:6092789	10	1	10	10	-1	18.76	1	-0.4	0
chr1:25871106	10	1	10	10	-1	18.74	1	-0.4	0
chr2:15519856	10	1	10	10	-1	18.74	1	-0.4	0
chr2:7458966	10	1	10	10	-1	18.74	1	-0.4	0
chr4:14881450	10	1	10	10	-1	18.74	1	-0.4	0
chr4:9448914	10	1	10	10	-1	18.73	1	-0.4	0
chr1:23199784	10	1	10	10	-1	18.72	1	-0.4	0
chr4:16154816	10	1	10	10	-1	18.72	1	-0.4	0
chr5:26253337	10	1	10	10	-1	18.69	1	-0.4	0
chr5:8654637	10	1	10	10	-1	18.69	1	-0.4	0
chr4:14656217	10	1	10	10	-1	18.67	1	-0.4	0
chr1:27630048	10	1	10	10	-1	18.62	1	-0.4	0
chr2:12028242	10	1	10	10	-1	18.57	1	-0.4	0
chr1:28988919	10	1	10	10	-1	18.56	1	-0.4	0
chr1:30053853	10	1	10	10	-1	18.56	1	-0.4	0
chr4:14575883	10	1	10	10	-1	18.56	1	-0.4	0
chr1:25438005	10	1	10	10	-1	18.55	1	-0.4	0
chr5:13748392	10	1	10	10	-1	18.54	1	-0.4	0
chr1:24818708	10	1	10	10	-1	18.53	1	-0.4	0
chr1:30220408	10	1	10	10	-1	18.53	1	-0.4	0
chr2:7693542	10	1	10	10	-1	18.53	1	-0.4	0
chr1:28775027	10	1	10	10	-1	18.51	1	-0.4	0
chr1:6737924	10	1	10	10	-1	18.51	1	-0.4	0
chr2:18624259	10	1	10	10	-1	18.51	1	-0.4	0
chr2:19607651	10	1	10	10	-1	18.51	1	-0.4	0
chr2:11249576	10	1	10	10	-1	18.47	1	-0.4	0
chr2:15284291	10	1	10	10	-1	18.47	1	-0.4	0
chr5:17731611	10	1	10	10	-1	18.47	1	-0.4	0
chr1:10297743	10	1	10	10	-1	18.45	1	-0.4	0
chr1:3287486	10	1	10	10	-1	18.44	1	-0.4	0
chr5:16982365	10	1	10	10	-1	18.44	1	-0.4	0
chr1:26089076	10	1	10	10	-1	18.42	1	-0.4	0
chr1:11928785	10	1	10	10	-1	18.41	1	-0.4	0
chr5:23928854	10	1	10	10	-1	18.41	1	-0.4	0
chr5:3883074	10	1	10	10	-1	18.41	1	-0.4	0
chr2:15257549	10	1	10	10	-1	18.4	1	-0.4	0
chr3:3170841	10	1	10	10	-1	18.39	1	-0.4	0
chr3:8086355	10	1	10	10	-1	18.39	1	-0.4	0
chr5:26572184	10	1	10	10	-1	18.39	1	-0.4	0
chr1:27824075	10	1	10	10	-1	18.37	1	-0.4	0
chr3:7919851	10	1	10	10	-1	18.37	1	-0.4	0
chr5:389048	10	1	10	10	-1	18.33	1	-0.4	0
chr5:714244	10	1	10	10	-1	18.33	1	-0.4	0
chr4:13080408	10	1	10	10	-1	18.32	1	-0.4	0
chr2:10835578	10	1	10	10	-1	18.3	1	-0.4	0
chr1:26699436	10	1	10	10	-1	18.25	1	-0.4	0
chr1:5298712	10	1	10	10	-1	18.25	1	-0.4	0
chr2:19131354	10	1	10	10	-1	18.25	1	-0.4	0
chr4:8203355	10	1	10	10	-1	18.25	1	-0.4	0
chr5:16389767	10	1	10	10	-1	18.25	1	-0.4	0
chr3:21303472	10	1	10	10	-1	18.24	1	-0.4	0
chr4:16960366	10	1	10	10	-1	18.24	1	-0.4	0
chr5:7821995	10	1	10	10	-1	18.22	1	-0.4	0
chr3:19653939	10	1	10	10	-1	18.21	1	-0.4	0
chr4:12317550	10	1	10	10	-1	18.19	1	-0.4	0
chr5:5978686	10	1	10	10	-1	18.19	1	-0.4	0
chr2:18370087	10	1	10	10	-1	18.18	1	-0.4	0
chr3:18206029	10	1	10	10	-1	18.18	1	-0.4	0
chr4:17115241	10	1	10	10	-1	18.17	1	-0.4	0
chr5:26904088	10	1	10	10	-1	18.16	1	-0.4	0
chr3:4082694	10	1	10	10	-1	18.14	1	-0.4	0
chr4:6723167	10	1	10	10	-1	18.14	1	-0.4	0
chr5:4286944	10	1	10	10	-1	18.14	1	-0.4	0
chr2:13172198	10	1	10	10	-1	18.13	1	-0.4	0
chr4:6649714	10	1	10	10	-1	18.13	1	-0.4	0
chr5:17347595	10	1	10	10	-1	18.13	1	-0.4	0
chr3:10590552	10	1	10	10	-1	18.12	1	-0.4	0
chr3:2940478	10	1	10	10	-1	18.12	1	-0.4	0
chr5:6291993	10	1	10	10	-1	18.12	1	-0.4	0
chr5:22603283	10	1	10	10	-1	18.11	1	-0.4	0
chr1:21514059	10	1	10	10	-1	18.08	1	-0.4	0
chr4:2746216	10	1	10	10	-1	18.08	1	-0.4	0
chr3:18464937	10	1	10	10	-1	18.07	1	-0.4	0
chr5:18378735	10	1	10	10	-1	18.07	1	-0.4	0
chr4:18329905	10	1	10	10	-1	18.06	1	-0.4	0
chr5:16503590	10	1	10	10	-1	18.06	1	-0.4	0
chr1:19699369	10	1	10	10	-1	18.05	1	-0.4	0
chr3:3549030	10	1	10	10	-1	18.05	1	-0.4	0
chr5:18631828	10	1	10	10	-1	18.05	1	-0.4	0
chr4:11191251	10	1	10	10	-1	18.04	1	-0.4	0
chr5:16281135	10	1	10	10	-1	18.04	1	-0.4	0
chr2:13891819	10	1	10	10	-1	18.03	1	-0.4	0
chr3:10137558	10	1	10	10	-1	18.01	1	-0.4	0
chr1:26423743	10	1	10	10	-1	17.99	1	-0.4	0
chr1:5346322	10	1	10	10	-1	17.99	1	-0.4	0
chr3:22934068	10	1	10	10	-1	17.99	1	-0.4	0
chr4:18055617	10	1	10	10	-1	17.99	1	-0.4	0
chr5:17027808	10	1	10	10	-1	17.99	1	-0.4	0
chr5:4825477	10	1	10	10	-1	17.99	1	-0.4	0
chr3:19013523	10	1	10	10	-1	17.96	1	-0.4	0
chr2:7056342	10	1	10	10	-1	17.94	1	-0.4	0
chr5:2758265	10	1	10	10	-1	17.92	1	-0.4	0
chr5:764519	10	1	10	10	-1	17.92	1	-0.4	0
chr5:26363756	10	1	10	10	-1	17.9	1	-0.4	0
chr1:2586141	10	1	10	10	-1	17.88	1	-0.4	0
chr1:25470347	10	1	10	10	-1	17.87	1	-0.4	0
chr2:13016614	10	1	10	10	-1	17.87	1	-0.4	0
chr3:9675980	10	1	10	10	-1	17.87	1	-0.4	0
chr1:17169183	10	1	10	10	-1	17.86	1	-0.4	0
chr2:12819593	10	1	10	10	-1	17.86	1	-0.4	0
chr2:14065845	10	1	10	10	-1	17.86	1	-0.4	0
chr1:23618077	10	1	10	10	-1	17.84	1	-0.4	0
chr2:12497343	10	1	10	10	-1	17.84	1	-0.4	0
chr5:1609076	10	1	10	10	-1	17.82	1	-0.4	0
chr5:16828561	10	1	10	10	-1	17.82	1	-0.4	0
chr5:22120559	10	1	10	10	-1	17.82	1	-0.4	0
chr5:828693	10	1	10	10	-1	17.82	1	-0.4	0
chr4:15676221	10	1	10	10	-1	17.8	1	-0.4	0
chr1:20948377	10	1	10	10	-1	17.78	1	-0.4	0
chr5:20173650	10	1	10	10	-1	17.78	1	-0.4	0
chr1:9641816	10	1	10	10	-1	17.77	1	-0.4	0
chr5:22080233	10	1	10	10	-1	17.77	1	-0.4	0
chr5:20706806	10	1	10	10	-1	17.75	1	-0.4	0
chr5:26231436	10	1	10	10	-1	17.74	1	-0.4	0
chr3:8182033	10	1	10	10	-1	17.72	1	-0.4	0
chr1:23335535	10	1	10	10	-1	17.71	1	-0.4	0
chr2:18523526	10	1	10	10	-1	17.7	1	-0.4	0
chr2:8831688	10	1	10	10	-1	17.7	1	-0.4	0
chr3:4035742	10	1	10	10	-1	17.7	1	-0.4	0
chr2:19298927	10	1	10	10	-1	17.69	1	-0.4	0
chr2:7637723	10	1	10	10	-1	17.68	1	-0.4	0
chr5:1749212	10	1	10	10	-1	17.68	1	-0.4	0
chr4:17324644	10	1	10	10	-1	17.67	1	-0.4	0
chr2:7766165	10	1	10	10	-1	17.66	1	-0.4	0
chr5:442345	10	1	10	10	-1	17.66	1	-0.4	0
chr1:24767005	10	1	10	10	-1	17.65	1	-0.4	0
chr2:15818121	10	1	10	10	-1	17.64	1	-0.4	0
chr1:10001303	10	1	10	10	-1	17.63	1	-0.4	0
chr1:28583524	10	1	10	10	-1	17.62	1	-0.4	0
chr2:16365931	10	1	10	10	-1	17.62	1	-0.4	0
chr1:17008604	10	1	10	10	-1	17.61	1	-0.4	0
chr2:18408797	10	1	10	10	-1	17.61	1	-0.4	0
chr5:5700886	10	1	10	10	-1	17.59	1	-0.4	0
chr5:6748733	10	1	10	10	-1	17.59	1	-0.4	0
chr3:8296923	10	1	10	10	-1	17.58	1	-0.4	0
chr1:11455087	10	1	10	10	-1	17.57	1	-0.4	0
chr4:9422044	10	1	10	10	-1	17.57	1	-0.4	0
chr1:27303443	10	1	10	10	-1	17.56	1	-0.4	0
chr1:28925356	10	1	10	10	-1	17.55	1	-0.4	0
chr1:9696851	10	1	10	10	-1	17.55	1	-0.4	0
chr2:8105478	10	1	10	10	-1	17.55	1	-0.4	0
chr3:11387072	10	1	10	10	-1	17.55	1	-0.4	0
chr3:23398340	10	1	10	10	-1	17.55	1	-0.4	0
chr3:18743979	10	1	10	10	-1	17.54	1	-0.4	0
chr3:5125926	10	1	10	10	-1	17.54	1	-0.4	0
chr5:25084055	10	1	10	10	-1	17.54	1	-0.4	0
chr1:7038255	10	1	10	10	-1	17.53	1	-0.4	0
chr5:16256773	10	1	10	10	-1	17.53	1	-0.4	0
chr1:7488804	10	1	10	10	-1	17.52	1	-0.4	0
chr1:183444	10	1	10	10	-1	17.51	1	-0.4	0
chr1:1497202	10	1	10	10	-1	17.49	1	-0.4	0
chr1:20204497	10	1	10	10	-1	17.49	1	-0.4	0
chr1:2878143	10	1	10	10	-1	17.49	1	-0.4	0
chr2:15616242	10	1	10	10	-1	17.49	1	-0.4	0
chr2:1604161	10	1	10	10	-1	17.49	1	-0.4	0
chr3:7280365	10	1	10	10	-1	17.49	1	-0.4	0
chr5:26919049	10	1	10	10	-1	17.49	1	-0.4	0
chr3:11803623	10	1	10	10	-1	17.48	1	-0.4	0
chr5:21239017	10	1	10	10	-1	17.48	1	-0.4	0
chr2:7153293	10	1	10	10	-1	17.47	1	-0.4	0
chr4:15178868	10	1	10	10	-1	17.46	1	-0.4	0
chr4:8431955	10	1	10	10	-1	17.46	1	-0.4	0
chr4:8705513	10	1	10	10	-1	17.46	1	-0.4	0
chr1:23352749	10	1	10	10	-1	17.45	1	-0.4	0
chr3:691982	10	1	10	10	-1	17.45	1	-0.4	0
chr5:4517642	10	1	10	10	-1	17.45	1	-0.4	0
chr1:18007595	10	1	10	10	-1	17.44	1	-0.4	0
chr3:17478691	10	1	10	10	-1	17.44	1	-0.4	0
chr4:15322360	10	1	10	10	-1	17.44	1	-0.4	0
chr5:19182998	10	1	10	10	-1	17.44	1	-0.4	0
chr4:13222132	10	1	10	10	-1	17.39	1	-0.4	0
chr4:5739048	10	1	10	10	-1	17.39	1	-0.4	0
chr4:614869	10	1	10	10	-1	17.38	1	-0.4	0
chr5:26411241	10	1	10	10	-1	17.38	1	-0.4	0
chr1:10693156	10	1	10	10	-1	17.37	1	-0.4	0
chr1:25008107	10	1	10	10	-1	17.37	1	-0.4	0
chr3:1291880	10	1	10	10	-1	17.37	1	-0.4	0
chr4:10984477	10	1	10	10	-1	17.34	1	-0.4	0
chr5:23921272	10	1	10	10	-1	17.34	1	-0.4	0
chr5:9410071	10	1	10	10	-1	17.33	1	-0.4	0
chr4:9302062	10	1	10	10	-1	17.32	1	-0.4	0
chr4:12650074	10	1	10	10	-1	17.31	1	-0.4	0
chr1:26796607	10	1	10	10	-1	17.3	1	-0.4	0
chr2:7260433	10	1	10	10	-1	17.3	1	-0.4	0
chr3:5571454	10	1	10	10	-1	17.3	1	-0.4	0
chr5:6072251	10	1	10	10	-1	17.3	1	-0.4	0
chr1:979150	10	1	10	10	-1	17.29	1	-0.4	0
chr5:25764321	10	1	10	10	-1	17.27	1	-0.4	0
chr1:8083023	10	1	10	10	-1	17.26	1	-0.4	0
chr3:21237059	10	1	10	10	-1	17.26	1	-0.4	0
chr4:9874253	10	1	10	10	-1	17.26	1	-0.4	0
chr5:20969825	10	1	10	10	-1	17.26	1	-0.4	0
chr3:388858	10	1	10	10	-1	17.25	1	-0.4	0
chr2:16052019	10	1	10	10	-1	17.23	1	-0.4	0
chr4:17765576	10	1	10	10	-1	17.23	1	-0.4	0
chr4:172784	10	1	10	10	-1	17.22	1	-0.4	0
chr2:19043117	10	1	10	10	-1	17.2	1	-0.4	0
chr5:16158874	10	1	10	10	-1	17.2	1	-0.4	0
chr2:13266682	10	1	10	10	-1	17.17	1	-0.4	0
chr1:23196151	10	1	10	10	-1	17.16	1	-0.4	0
chr2:16368723	10	1	10	10	-1	17.16	1	-0.4	0
chr5:26244139	10	1	10	10	-1	17.16	1	-0.4	0
chr5:26809999	10	1	10	10	-1	17.15	1	-0.4	0
chr4:11447367	10	1	10	10	-1	17.14	1	-0.4	0
chr1:19993577	10	1	10	10	-1	17.13	1	-0.4	0
chr2:14945503	10	1	10	10	-1	17.13	1	-0.4	0
chr2:15099619	10	1	10	10	-1	17.13	1	-0.4	0
chr2:17325461	10	1	10	10	-1	17.13	1	-0.4	0
chr4:1068663	10	1	10	10	-1	17.13	1	-0.4	0
chr5:24939568	10	1	10	10	-1	17.13	1	-0.4	0
chr5:2615701	10	1	10	10	-1	17.13	1	-0.4	0
chr5:26822262	10	1	10	10	-1	17.13	1	-0.4	0
chr1:29872982	10	1	10	10	-1	17.12	1	-0.4	0
chr3:19581104	10	1	10	10	-1	17.11	1	-0.4	0
chr4:285504	10	1	10	10	-1	17.1	1	-0.4	0
chr5:8375285	10	1	10	10	-1	17.1	1	-0.4	0
chr4:13554368	10	1	10	10	-1	17.08	1	-0.4	0
chr3:1033536	10	1	10	10	-1	17.07	1	-0.4	0
chr1:22880781	10	1	10	10	-1	17.06	1	-0.4	0
chr2:15128128	10	1	10	10	-1	17.06	1	-0.4	0
chr3:5731022	10	1	10	10	-1	17.06	1	-0.4	0
chr4:12985636	10	1	10	10	-1	17.05	1	-0.4	0
chr4:13960521	10	1	10	10	-1	17.04	1	-0.4	0
chr5:17829186	10	1	10	10	-1	17.03	1	-0.4	0
chr5:5694652	10	1	10	10	-1	17.02	1	-0.4	0
chr1:27273920	10	1	10	10	-1	17.01	1	-0.4	0
chr2:16090517	10	1	10	10	-1	17.01	1	-0.4	0
chr4:34105	10	1	10	10	-1	17.01	1	-0.4	0
chr4:6444874	10	1	10	10	-1	17	1	-0.4	0
chr1:11612074	10	1	10	10	-1	16.99	1	-0.4	0
chr1:28498544	10	1	10	10	-1	16.99	1	-0.4	0
chr3:9902132	10	1	10	10	-1	16.99	1	-0.4	0
chr5:4393399	10	1	10	10	-1	16.99	1	-0.4	0
chr3:6086155	10	1	10	10	-1	16.96	1	-0.4	0
chr5:23985738	10	1	10	10	-1	16.96	1	-0.4	0
chr3:3863695	10	1	10	10	-1	16.95	1	-0.4	0
chr1:28444676	10	1	10	10	-1	16.94	1	-0.4	0
chr2:9131475	10	1	10	10	-1	16.94	1	-0.4	0
chr3:3731064	10	1	10	10	-1	16.94	1	-0.4	0
chr5:3241157	10	1	10	10	-1	16.93	1	-0.4	0
chr1:27009722	10	1	10	10	-1	16.92	1	-0.4	0
chr3:19807712	10	1	10	10	-1	16.92	1	-0.4	0
chr2:9497640	10	1	10	10	-1	16.91	1	-0.4	0
chr5:21123936	10	1	10	10	-1	16.91	1	-0.4	0
chr2:18423661	10	1	10	10	-1	16.89	1	-0.4	0
chr2:7972250	10	1	10	10	-1	16.89	1	-0.4	0
chr1:7267844	10	1	10	10	-1	16.88	1	-0.4	0
chr4:11529875	10	1	10	10	-1	16.88	1	-0.4	0
chr5:25333618	10	1	10	10	-1	16.88	1	-0.4	0
chr1:1410847	10	1	10	10	-1	16.87	1	-0.4	0
chr2:14000406	10	1	10	10	-1	16.86	1	-0.4	0
chr3:1760222	10	1	10	10	-1	16.86	1	-0.4	0
chr5:104044	10	1	10	10	-1	16.86	1	-0.4	0
chr5:16310553	10	1	10	10	-1	16.86	1	-0.4	0
chr5:18369731	10	1	10	10	-1	16.86	1	-0.4	0
chr1:28497326	10	1	10	10	-1	16.85	1	-0.4	0
chr2:18834061	10	1	10	10	-1	16.85	1	-0.4	0
chr4:7773729	10	1	10	10	-1	16.85	1	-0.4	0
chr1:27699102	10	1	10	10	-1	16.84	1	-0.4	0
chr5:9135856	10	1	10	10	-1	16.84	1	-0.4	0
chr3:1086324	10	1	10	10	-1	16.83	1	-0.4	0
chr1:9225864	10	1	10	10	-1	16.82	1	-0.4	0
chr4:15479352	10	1	10	10	-1	16.82	1	-0.4	0
chr5:16135237	10	1	10	10	-1	16.81	1	-0.4	0
chr5:1608493	10	1	10	10	-1	16.8	1	-0.4	0
chr2:7271542	10	1	10	10	-1	16.79	1	-0.4	0
chr4:8323920	10	1	10	10	-1	16.78	1	-0.4	0
chr4:12409094	10	1	10	10	-1	16.77	1	-0.4	0
chr5:19045761	10	1	10	10	-1	16.77	1	-0.4	0
chr5:740096	10	1	10	10	-1	16.77	1	-0.4	0
chr2:13436456	10	1	10	10	-1	16.76	1	-0.4	0
chr2:2272488	10	1	10	10	-1	16.76	1	-0.4	0
chr4:59342	10	1	10	10	-1	16.76	1	-0.4	0
chr1:16829131	10	1	10	10	-1	16.74	1	-0.4	0
chr1:25235502	10	1	10	10	-1	16.74	1	-0.4	0
chr5:7386119	10	1	10	10	-1	16.74	1	-0.4	0
chr1:8156485	10	1	10	10	-1	16.73	1	-0.4	0
chr3:4826885	10	1	10	10	-1	16.73	1	-0.4	0
chr5:3549486	10	1	10	10	-1	16.73	1	-0.4	0
chr3:21831981	10	1	10	10	-1	16.71	1	-0.4	0
chr5:3696025	10	1	10	10	-1	16.71	1	-0.4	0
chr3:18478611	10	1	10	10	-1	16.69	1	-0.4	0
chr5:3619170	10	1	10	10	-1	16.69	1	-0.4	0
chr4:15443895	10	1	10	10	-1	16.68	1	-0.4	0
chr3:18819613	10	1	10	10	-1	16.67	1	-0.4	0
chr5:24064239	10	1	10	10	-1	16.66	1	-0.4	0
chr5:24640790	10	1	10	10	-1	16.66	1	-0.4	0
chr1:3422810	10	1	10	10	-1	16.65	1	-0.4	0
chr5:19079663	10	1	10	10	-1	16.65	1	-0.4	0
chr5:26249352	10	1	10	10	-1	16.65	1	-0.4	0
chr5:5265456	10	1	10	10	-1	16.65	1	-0.4	0
chr5:5140593	10	1	10	10	-1	16.64	1	-0.4	0
chr1:18322408	10	1	10	10	-1	16.62	1	-0.4	0
chr1:701266	10	1	10	10	-1	16.62	1	-0.4	0
chr2:7577346	10	1	10	10	-1	16.62	1	-0.4	0
chr3:21546599	10	1	10	10	-1	16.62	1	-0.4	0
chr3:22634180	10	1	10	10	-1	16.62	1	-0.4	0
chr5:2399502	10	1	10	10	-1	16.62	1	-0.4	0
chr2:2762339	10	1	10	10	-1	16.61	1	-0.4	0
chr3:20244381	10	1	10	10	-1	16.61	1	-0.4	0
chr2:15291900	10	1	10	10	-1	16.6	1	-0.4	0
chr2:7326121	10	1	10	10	-1	16.6	1	-0.4	0
chr5:25532288	10	1	10	10	-1	16.6	1	-0.4	0
chr4:11180723	10	1	10	10	-1	16.59	1	-0.4	0
chr3:4344150	10	1	10	10	-1	16.58	1	-0.4	0
chr5:489724	10	1	10	10	-1	16.57	1	-0.4	0
chr5:19249714	10	1	10	10	-1	16.56	1	-0.4	0
chr3:17012588	10	1	10	10	-1	16.54	1	-0.4	0
chr3:17441465	10	1	10	10	-1	16.54	1	-0.4	0
chr4:843400	10	1	10	10	-1	16.54	1	-0.4	0
chr1:26657746	10	1	10	10	-1	16.5	1	-0.4	0
chr5:20088756	10	1	10	10	-1	16.49	1	-0.4	0
chr1:2991286	10	1	10	10	-1	16.48	1	-0.4	0
chr1:8843136	10	1	10	10	-1	16.48	1	-0.4	0
chr2:12224274	10	1	10	10	-1	16.47	1	-0.4	0
chr5:8168924	10	1	10	10	-1	16.47	1	-0.4	0
chr1:21720524	10	1	10	10	-1	16.46	1	-0.4	0
chr1:7515804	10	1	10	10	-1	16.45	1	-0.4	0
chr5:26023037	10	1	10	10	-1	16.45	1	-0.4	0
chr5:858357	10	1	10	10	-1	16.45	1	-0.4	0
chr3:16819907	10	1	10	10	-1	16.44	1	-0.4	0
chr4:10160288	10	1	10	10	-1	16.44	1	-0.4	0
chr1:23125857	10	1	10	10	-1	16.43	1	-0.4	0
chr1:10363497	10	1	10	10	-1	16.41	1	-0.4	0
chr2:17900997	10	1	10	10	-1	16.41	1	-0.4	0
chr5:10780435	10	1	10	10	-1	16.41	1	-0.4	0
chr4:5151079	10	1	10	10	-1	16.4	1	-0.4	0
chr1:10046919	10	1	10	10	-1	16.39	1	-0.4	0
chr1:27265669	10	1	10	10	-1	16.39	1	-0.4	0
chr2:9830438	10	1	10	10	-1	16.39	1	-0.4	0
chr1:2530428	10	1	10	10	-1	16.38	1	-0.4	0
chr1:26243658	10	1	10	10	-1	16.38	1	-0.4	0
chr2:11380401	10	1	10	10	-1	16.38	1	-0.4	0
chr4:12412314	10	1	10	10	-1	16.38	1	-0.4	0
chr5:24953056	10	1	10	10	-1	16.38	1	-0.4	0
chr2:16127829	10	1	10	10	-1	16.36	1	-0.4	0
chr1:8984980	10	1	10	10	-1	16.35	1	-0.4	0
chr1:23395631	10	1	10	10	-1	16.34	1	-0.4	0
chr5:18215719	10	1	10	10	-1	16.34	1	-0.4	0
chr3:7928078	10	1	10	10	-1	16.3	1	-0.4	0
chr4:16662345	10	1	10	10	-1	16.3	1	-0.4	0
chr1:12239324	10	1	10	10	-1	16.29	1	-0.4	0
chr1:18197987	10	1	10	10	-1	16.29	1	-0.4	0
chr1:25216859	10	1	10	10	-1	16.29	1	-0.4	0
chr2:100526	10	1	10	10	-1	16.29	1	-0.4	0
chr2:7223939	10	1	10	10	-1	16.29	1	-0.4	0
chr3:4751699	10	1	10	10	-1	16.29	1	-0.4	0
chr4:705877	10	1	10	10	-1	16.29	1	-0.4	0
chr1:472030	10	1	10	10	-1	16.28	1	-0.4	0
chr2:16391663	10	1	10	10	-1	16.26	1	-0.4	0
chr4:2569200	10	1	10	10	-1	16.26	1	-0.4	0
chr3:18096779	10	1	10	10	-1	16.25	1	-0.4	0
chr3:17135557	10	1	10	10	-1	16.24	1	-0.4	0
chr4:8875630	10	1	10	10	-1	16.24	1	-0.4	0
chr1:2160843	10	1	10	10	-1	16.22	1	-0.4	0
chr3:3414483	10	1	10	10	-1	16.22	1	-0.4	0
chr5:19399312	10	1	10	10	-1	16.22	1	-0.4	0
chr1:239830	10	1	10	10	-1	16.21	1	-0.4	0
chr3:6081504	10	1	10	10	-1	16.21	1	-0.4	0
chr5:16390701	10	1	10	10	-1	16.21	1	-0.4	0
chr3:980728	10	1	10	10	-1	16.18	1	-0.4	0
chr5:2667286	10	1	10	10	-1	16.18	1	-0.4	0
chr5:6826073	10	1	10	10	-1	16.18	1	-0.4	0
chr5:25929419	10	1	10	10	-1	16.17	1	-0.4	0
chr1:2335754	10	1	10	10	-1	16.16	1	-0.4	0
chr5:19173044	10	1	10	10	-1	16.15	1	-0.4	0
chr4:16410892	10	1	10	10	-1	16.14	1	-0.4	0
chr5:19871104	10	1	10	10	-1	16.14	1	-0.4	0
chr1:27064599	10	1	10	10	-1	16.13	1	-0.4	0
chr1:4102753	10	1	10	10	-1	16.13	1	-0.4	0
chr4:1200120	10	1	10	10	-1	16.13	1	-0.4	0
chr4:6406583	10	1	10	10	-1	16.13	1	-0.4	0
chr1:23016395	10	1	10	10	-1	16.12	1	-0.4	0
chr5:6686921	10	1	10	10	-1	16.11	1	-0.4	0
chr1:18946232	10	1	10	10	-1	16.1	1	-0.4	0
chr1:23894642	10	1	10	10	-1	16.1	1	-0.4	0
chr1:3248014	10	1	10	10	-1	16.1	1	-0.4	0
chr5:15126771	10	1	10	10	-1	16.1	1	-0.4	0
chr1:12685136	10	1	10	10	-1	16.09	1	-0.4	0
chr1:24711760	10	1	10	10	-1	16.09	1	-0.4	0
chr1:7968711	10	1	10	10	-1	16.09	1	-0.4	0
chr2:1822222	10	1	10	10	-1	16.09	1	-0.4	0
chr3:18224885	10	1	10	10	-1	16.09	1	-0.4	0
chr3:2819119	10	1	10	10	-1	16.09	1	-0.4	0
chr4:13383632	10	1	10	10	-1	16.09	1	-0.4	0
chr4:13677150	10	1	10	10	-1	16.08	1	-0.4	0
chr1:18324330	10	1	10	10	-1	16.07	1	-0.4	0
chr1:28588487	10	1	10	10	-1	16.07	1	-0.4	0
chr2:324423	10	1	10	10	-1	16.07	1	-0.4	0
chr3:23301689	10	1	10	10	-1	16.06	1	-0.4	0
chr1:7900151	10	1	10	10	-1	16.04	1	-0.4	0
chr3:7111847	10	1	10	10	-1	16.04	1	-0.4	0
chr1:21078904	10	1	10	10	-1	16.02	1	-0.4	0
chr2:14222022	10	1	10	10	-1	16.01	1	-0.4	0
chr3:9151099	10	1	10	10	-1	16.01	1	-0.4	0
chr5:25438189	10	1	10	10	-1	16.01	1	-0.4	0
chr1:23249036	10	1	10	10	-1	16	1	-0.4	0
