Position	IP	Control	Fold	Expectd	Q_-lg10	P_-lg10	P_poiss	IPvsEMP	Noise
chr1:11328	10	1	10	10	1	1	1	-0.4	0
chr1:11328	10	1	10	10	1	1	1	-0.4	0
chr1:13674	10	1	10	10	1	1	1	-0.4	0
chr1:16685	10	1	10	10	1	1	1	-0.4	0
chr1:20997	10	1	10	10	1	1	1	-0.4	0
chr1:20997	10	1	10	10	1	1	1	-0.4	0
chr1:118425	10	1	10	10	1	1	1	-0.4	0
chr1:120740	10	1	10	10	1	1	1	-0.4	0
chr1:120740	10	1	10	10	1	1	1	-0.4	0
chr1:121908	10	1	10	10	1	1	1	-0.4	0
chr1:122424	10	1	10	10	1	1	1	-0.4	0
chr1:146256	10	1	10	10	1	1	1	-0.4	0
chr1:149819	10	1	10	10	1	1	1	-0.4	0
chr1:156717	10	1	10	10	1	1	1	-0.4	0
chr1:180514	10	1	10	10	1	1	1	-0.4	0
chr1:224816	10	1	10	10	1	1	1	-0.4	0
chr1:271004	10	1	10	10	1	1	1	-0.4	0
chr1:410774	10	1	10	10	1	1	1	-0.4	0
chr1:410774	10	1	10	10	1	1	1	-0.4	0
chr1:437046	10	1	10	10	1	1	1	-0.4	0
chr1:437046	10	1	10	10	1	1	1	-0.4	0
chr1:465492	10	1	10	10	1	1	1	-0.4	0
chr1:485280	10	1	10	10	1	1	1	-0.4	0
chr1:485725	10	1	10	10	1	1	1	-0.4	0
chr1:485725	10	1	10	10	1	1	1	-0.4	0
chr1:488876	10	1	10	10	1	1	1	-0.4	0
chr1:564663	10	1	10	10	1	1	1	-0.4	0
chr1:565596	10	1	10	10	1	1	1	-0.4	0
chr1:566812	10	1	10	10	1	1	1	-0.4	0
chr1:753096	10	1	10	10	1	1	1	-0.4	0
chr1:754107	10	1	10	10	1	1	1	-0.4	0
chr1:817552	10	1	10	10	1	1	1	-0.4	0
chr1:853697	10	1	10	10	1	1	1	-0.4	0
chr1:933596	10	1	10	10	1	1	1	-0.4	0
chr1:933596	10	1	10	10	1	1	1	-0.4	0
chr1:1028434	10	1	10	10	1	1	1	-0.4	0
chr1:1051023	10	1	10	10	1	1	1	-0.4	0
chr1:1096809	10	1	10	10	1	1	1	-0.4	0
chr1:1291376	10	1	10	10	1	1	1	-0.4	0
chr1:1398915	10	1	10	10	1	1	1	-0.4	0
chr1:1477824	10	1	10	10	1	1	1	-0.4	0
chr1:1477824	10	1	10	10	1	1	1	-0.4	0
chr1:1569647	10	1	10	10	1	1	1	-0.4	0
chr1:1749767	10	1	10	10	1	1	1	-0.4	0
chr1:1879508	10	1	10	10	1	1	1	-0.4	0
chr1:1882722	10	1	10	10	1	1	1	-0.4	0
chr1:1882722	10	1	10	10	1	1	1	-0.4	0
chr1:2048157	10	1	10	10	1	1	1	-0.4	0
chr1:2155293	10	1	10	10	1	1	1	-0.4	0
chr1:2172298	10	1	10	10	1	1	1	-0.4	0
chr1:2194600	10	1	10	10	1	1	1	-0.4	0
chr1:2194600	10	1	10	10	1	1	1	-0.4	0
chr1:2197448	10	1	10	10	1	1	1	-0.4	0
chr1:2220632	10	1	10	10	1	1	1	-0.4	0
chr1:2229350	10	1	10	10	1	1	1	-0.4	0
chr1:2229350	10	1	10	10	1	1	1	-0.4	0
chr1:2347488	10	1	10	10	1	1	1	-0.4	0
chr1:2437711	10	1	10	10	1	1	1	-0.4	0
chr1:2438048	10	1	10	10	1	1	1	-0.4	0
chr1:2538122	10	1	10	10	1	1	1	-0.4	0
chr1:2573804	10	1	10	10	1	1	1	-0.4	0
chr1:2640831	10	1	10	10	1	1	1	-0.4	0
chr1:2700969	10	1	10	10	1	1	1	-0.4	0
chr1:2753404	10	1	10	10	1	1	1	-0.4	0
chr1:2928856	10	1	10	10	1	1	1	-0.4	0
chr1:2972487	10	1	10	10	1	1	1	-0.4	0
chr1:3031709	10	1	10	10	1	1	1	-0.4	0
chr1:3095171	10	1	10	10	1	1	1	-0.4	0
chr1:3100411	10	1	10	10	1	1	1	-0.4	0
chr1:3100411	10	1	10	10	1	1	1	-0.4	0
chr1:3100915	10	1	10	10	1	1	1	-0.4	0
chr1:3248049	10	1	10	10	1	1	1	-0.4	0
chr1:3610417	10	1	10	10	1	1	1	-0.4	0
chr1:3664367	10	1	10	10	1	1	1	-0.4	0
chr1:3664571	10	1	10	10	1	1	1	-0.4	0
chr1:3681749	10	1	10	10	1	1	1	-0.4	0
chr1:3774627	10	1	10	10	1	1	1	-0.4	0
chr1:3774627	10	1	10	10	1	1	1	-0.4	0
chr1:3779798	10	1	10	10	1	1	1	-0.4	0
chr1:3914693	10	1	10	10	1	1	1	-0.4	0
chr1:4243253	10	1	10	10	1	1	1	-0.4	0
chr1:4268877	10	1	10	10	1	1	1	-0.4	0
chr1:4440210	10	1	10	10	1	1	1	-0.4	0
chr1:4536257	10	1	10	10	1	1	1	-0.4	0
chr1:4537416	10	1	10	10	1	1	1	-0.4	0
chr1:4537416	10	1	10	10	1	1	1	-0.4	0
chr1:4543153	10	1	10	10	1	1	1	-0.4	0
chr1:4543872	10	1	10	10	1	1	1	-0.4	0
chr1:4713510	10	1	10	10	1	1	1	-0.4	0
chr1:4901279	10	1	10	10	1	1	1	-0.4	0
chr1:5044461	10	1	10	10	1	1	1	-0.4	0
chr1:5059141	10	1	10	10	1	1	1	-0.4	0
chr1:5059141	10	1	10	10	1	1	1	-0.4	0
chr1:5061219	10	1	10	10	1	1	1	-0.4	0
chr1:5070758	10	1	10	10	1	1	1	-0.4	0
chr1:5070758	10	1	10	10	1	1	1	-0.4	0
chr1:5104645	10	1	10	10	1	1	1	-0.4	0
chr1:5137636	10	1	10	10	1	1	1	-0.4	0
chr1:5204412	10	1	10	10	1	1	1	-0.4	0
chr1:5204412	10	1	10	10	1	1	1	-0.4	0
chr1:5298794	10	1	10	10	1	1	1	-0.4	0
chr1:5301370	10	1	10	10	1	1	1	-0.4	0
chr1:5340070	10	1	10	10	1	1	1	-0.4	0
chr1:5402587	10	1	10	10	1	1	1	-0.4	0
chr1:5421117	10	1	10	10	1	1	1	-0.4	0
chr1:5446522	10	1	10	10	1	1	1	-0.4	0
chr1:5446856	10	1	10	10	1	1	1	-0.4	0
chr1:5447637	10	1	10	10	1	1	1	-0.4	0
chr1:5617926	10	1	10	10	1	1	1	-0.4	0
chr1:5727645	10	1	10	10	1	1	1	-0.4	0
chr1:5758597	10	1	10	10	1	1	1	-0.4	0
chr1:5890824	10	1	10	10	1	1	1	-0.4	0
chr1:6074427	10	1	10	10	1	1	1	-0.4	0
chr1:6088191	10	1	10	10	1	1	1	-0.4	0
chr1:6224408	10	1	10	10	1	1	1	-0.4	0
chr1:6369338	10	1	10	10	1	1	1	-0.4	0
chr1:6443825	10	1	10	10	1	1	1	-0.4	0
chr1:6445313	10	1	10	10	1	1	1	-0.4	0
chr1:6560601	10	1	10	10	1	1	1	-0.4	0
chr1:6602090	10	1	10	10	1	1	1	-0.4	0
chr1:6697947	10	1	10	10	1	1	1	-0.4	0
chr1:6711960	10	1	10	10	1	1	1	-0.4	0
chr1:6805132	10	1	10	10	1	1	1	-0.4	0
chr1:6832216	10	1	10	10	1	1	1	-0.4	0
chr1:6832216	10	1	10	10	1	1	1	-0.4	0
chr1:6845155	10	1	10	10	1	1	1	-0.4	0
chr1:6927706	10	1	10	10	1	1	1	-0.4	0
chr1:6969032	10	1	10	10	1	1	1	-0.4	0
chr1:6970897	10	1	10	10	1	1	1	-0.4	0
chr1:7039048	10	1	10	10	1	1	1	-0.4	0
chr1:7042049	10	1	10	10	1	1	1	-0.4	0
chr1:7042891	10	1	10	10	1	1	1	-0.4	0
chr1:7176397	10	1	10	10	1	1	1	-0.4	0
chr1:7221122	10	1	10	10	1	1	1	-0.4	0
chr1:7221122	10	1	10	10	1	1	1	-0.4	0
chr1:7251839	10	1	10	10	1	1	1	-0.4	0
chr1:7251839	10	1	10	10	1	1	1	-0.4	0
chr1:7267595	10	1	10	10	1	1	1	-0.4	0
chr1:7324477	10	1	10	10	1	1	1	-0.4	0
chr1:7324477	10	1	10	10	1	1	1	-0.4	0
chr1:7339740	10	1	10	10	1	1	1	-0.4	0
chr1:7660879	10	1	10	10	1	1	1	-0.4	0
chr1:7700163	10	1	10	10	1	1	1	-0.4	0
chr1:7704555	10	1	10	10	1	1	1	-0.4	0
chr1:7836309	10	1	10	10	1	1	1	-0.4	0
chr1:7904186	10	1	10	10	1	1	1	-0.4	0
chr1:7907360	10	1	10	10	1	1	1	-0.4	0
chr1:7907360	10	1	10	10	1	1	1	-0.4	0
chr1:8028281	10	1	10	10	1	1	1	-0.4	0
chr1:8272096	10	1	10	10	1	1	1	-0.4	0
chr1:8272096	10	1	10	10	1	1	1	-0.4	0
chr1:8385119	10	1	10	10	1	1	1	-0.4	0
chr1:8525031	10	1	10	10	1	1	1	-0.4	0
chr1:8558604	10	1	10	10	1	1	1	-0.4	0
chr1:8598846	10	1	10	10	1	1	1	-0.4	0
chr1:8598846	10	1	10	10	1	1	1	-0.4	0
chr1:8911624	10	1	10	10	1	1	1	-0.4	0
chr1:8975718	10	1	10	10	1	1	1	-0.4	0
chr1:8975718	10	1	10	10	1	1	1	-0.4	0
chr1:8982987	10	1	10	10	1	1	1	-0.4	0
chr1:9044092	10	1	10	10	1	1	1	-0.4	0
chr1:9098029	10	1	10	10	1	1	1	-0.4	0
chr1:9207447	10	1	10	10	1	1	1	-0.4	0
chr1:9425220	10	1	10	10	1	1	1	-0.4	0
chr1:9425220	10	1	10	10	1	1	1	-0.4	0
chr1:9456719	10	1	10	10	1	1	1	-0.4	0
chr1:9483073	10	1	10	10	1	1	1	-0.4	0
chr1:9517213	10	1	10	10	1	1	1	-0.4	0
chr1:9554173	10	1	10	10	1	1	1	-0.4	0
chr1:9731561	10	1	10	10	1	1	1	-0.4	0
chr1:9731561	10	1	10	10	1	1	1	-0.4	0
chr1:9852385	10	1	10	10	1	1	1	-0.4	0
chr1:9924515	10	1	10	10	1	1	1	-0.4	0
chr1:9933665	10	1	10	10	1	1	1	-0.4	0
chr1:9957092	10	1	10	10	1	1	1	-0.4	0
chr1:9957092	10	1	10	10	1	1	1	-0.4	0
chr1:9991770	10	1	10	10	1	1	1	-0.4	0
chr1:10044276	10	1	10	10	1	1	1	-0.4	0
chr1:10044276	10	1	10	10	1	1	1	-0.4	0
chr1:10046780	10	1	10	10	1	1	1	-0.4	0
chr1:10074190	10	1	10	10	1	1	1	-0.4	0
chr1:10166588	10	1	10	10	1	1	1	-0.4	0
chr1:10166588	10	1	10	10	1	1	1	-0.4	0
chr1:10174154	10	1	10	10	1	1	1	-0.4	0
chr1:10174634	10	1	10	10	1	1	1	-0.4	0
chr1:10178174	10	1	10	10	1	1	1	-0.4	0
chr1:10478647	10	1	10	10	1	1	1	-0.4	0
chr1:10478647	10	1	10	10	1	1	1	-0.4	0
chr1:10478860	10	1	10	10	1	1	1	-0.4	0
chr1:10478860	10	1	10	10	1	1	1	-0.4	0
chr1:10723038	10	1	10	10	1	1	1	-0.4	0
chr1:11188544	10	1	10	10	1	1	1	-0.4	0
chr1:11214858	10	1	10	10	1	1	1	-0.4	0
chr1:11222632	10	1	10	10	1	1	1	-0.4	0
chr1:11423818	10	1	10	10	1	1	1	-0.4	0
chr1:11423818	10	1	10	10	1	1	1	-0.4	0
chr1:11457076	10	1	10	10	1	1	1	-0.4	0
chr1:11533175	10	1	10	10	1	1	1	-0.4	0
chr1:11534659	10	1	10	10	1	1	1	-0.4	0
chr1:11752069	10	1	10	10	1	1	1	-0.4	0
chr1:11763612	10	1	10	10	1	1	1	-0.4	0
chr1:11763612	10	1	10	10	1	1	1	-0.4	0
chr1:11785805	10	1	10	10	1	1	1	-0.4	0
chr1:11874773	10	1	10	10	1	1	1	-0.4	0
chr1:11978783	10	1	10	10	1	1	1	-0.4	0
chr1:12059386	10	1	10	10	1	1	1	-0.4	0
chr1:12239798	10	1	10	10	1	1	1	-0.4	0
chr1:12239798	10	1	10	10	1	1	1	-0.4	0
chr1:12421141	10	1	10	10	1	1	1	-0.4	0
chr1:12421141	10	1	10	10	1	1	1	-0.4	0
chr1:12458648	10	1	10	10	1	1	1	-0.4	0
chr1:12516769	10	1	10	10	1	1	1	-0.4	0
chr1:12582063	10	1	10	10	1	1	1	-0.4	0
chr1:12582063	10	1	10	10	1	1	1	-0.4	0
chr1:13322352	10	1	10	10	1	1	1	-0.4	0
chr1:13322352	10	1	10	10	1	1	1	-0.4	0
chr1:14027083	10	1	10	10	1	1	1	-0.4	0
chr1:14150442	10	1	10	10	1	1	1	-0.4	0
chr1:14158708	10	1	10	10	1	1	1	-0.4	0
chr1:14159312	10	1	10	10	1	1	1	-0.4	0
chr1:14159312	10	1	10	10	1	1	1	-0.4	0
chr1:15082222	10	1	10	10	1	1	1	-0.4	0
chr1:15082222	10	1	10	10	1	1	1	-0.4	0
chr1:15082842	10	1	10	10	1	1	1	-0.4	0
chr1:15083680	10	1	10	10	1	1	1	-0.4	0
chr1:15083680	10	1	10	10	1	1	1	-0.4	0
chr1:15083680	10	1	10	10	1	1	1	-0.4	0
chr1:15084113	10	1	10	10	1	1	1	-0.4	0
chr1:15084442	10	1	10	10	1	1	1	-0.4	0
chr1:15084442	10	1	10	10	1	1	1	-0.4	0
chr1:15085684	10	1	10	10	1	1	1	-0.4	0
chr1:15085684	10	1	10	10	1	1	1	-0.4	0
chr1:15099914	10	1	10	10	1	1	1	-0.4	0
chr1:15650910	10	1	10	10	1	1	1	-0.4	0
chr1:16509934	10	1	10	10	1	1	1	-0.4	0
chr1:17266515	10	1	10	10	1	1	1	-0.4	0
chr1:17282974	10	1	10	10	1	1	1	-0.4	0
chr1:17283737	10	1	10	10	1	1	1	-0.4	0
chr1:17295605	10	1	10	10	1	1	1	-0.4	0
chr1:17295605	10	1	10	10	1	1	1	-0.4	0
chr1:17451871	10	1	10	10	1	1	1	-0.4	0
chr1:17702730	10	1	10	10	1	1	1	-0.4	0
chr1:17702730	10	1	10	10	1	1	1	-0.4	0
chr1:17845570	10	1	10	10	1	1	1	-0.4	0
chr1:17845570	10	1	10	10	1	1	1	-0.4	0
chr1:17921681	10	1	10	10	1	1	1	-0.4	0
chr1:18036133	10	1	10	10	1	1	1	-0.4	0
chr1:18138805	10	1	10	10	1	1	1	-0.4	0
chr1:18176030	10	1	10	10	1	1	1	-0.4	0
chr1:18269424	10	1	10	10	1	1	1	-0.4	0
chr1:18269424	10	1	10	10	1	1	1	-0.4	0
chr1:18680976	10	1	10	10	1	1	1	-0.4	0
chr1:18680976	10	1	10	10	1	1	1	-0.4	0
chr1:18928005	10	1	10	10	1	1	1	-0.4	0
chr1:18942708	10	1	10	10	1	1	1	-0.4	0
chr1:19052485	10	1	10	10	1	1	1	-0.4	0
chr1:19454855	10	1	10	10	1	1	1	-0.4	0
chr1:19456160	10	1	10	10	1	1	1	-0.4	0
chr1:19512453	10	1	10	10	1	1	1	-0.4	0
chr1:19512453	10	1	10	10	1	1	1	-0.4	0
chr1:19805168	10	1	10	10	1	1	1	-0.4	0
chr1:19820950	10	1	10	10	1	1	1	-0.4	0
chr1:19821186	10	1	10	10	1	1	1	-0.4	0
chr1:19825524	10	1	10	10	1	1	1	-0.4	0
chr1:19825524	10	1	10	10	1	1	1	-0.4	0
chr1:19848552	10	1	10	10	1	1	1	-0.4	0
chr1:19954238	10	1	10	10	1	1	1	-0.4	0
chr1:20071102	10	1	10	10	1	1	1	-0.4	0
chr1:20071102	10	1	10	10	1	1	1	-0.4	0
chr1:20078927	10	1	10	10	1	1	1	-0.4	0
chr1:20078927	10	1	10	10	1	1	1	-0.4	0
chr1:20177980	10	1	10	10	1	1	1	-0.4	0
chr1:20177980	10	1	10	10	1	1	1	-0.4	0
chr1:20431769	10	1	10	10	1	1	1	-0.4	0
chr1:20588920	10	1	10	10	1	1	1	-0.4	0
chr1:20802529	10	1	10	10	1	1	1	-0.4	0
chr1:20808348	10	1	10	10	1	1	1	-0.4	0
chr1:20876620	10	1	10	10	1	1	1	-0.4	0
chr1:20968270	10	1	10	10	1	1	1	-0.4	0
chr1:21007966	10	1	10	10	1	1	1	-0.4	0
chr1:21007966	10	1	10	10	1	1	1	-0.4	0
chr1:21043002	10	1	10	10	1	1	1	-0.4	0
chr1:21043002	10	1	10	10	1	1	1	-0.4	0
chr1:21043920	10	1	10	10	1	1	1	-0.4	0
chr1:21228100	10	1	10	10	1	1	1	-0.4	0
chr1:21228100	10	1	10	10	1	1	1	-0.4	0
chr1:21338767	10	1	10	10	1	1	1	-0.4	0
chr1:21364850	10	1	10	10	1	1	1	-0.4	0
chr1:21746178	10	1	10	10	1	1	1	-0.4	0
chr1:21746178	10	1	10	10	1	1	1	-0.4	0
chr1:21748147	10	1	10	10	1	1	1	-0.4	0
chr1:21748959	10	1	10	10	1	1	1	-0.4	0
chr1:21754059	10	1	10	10	1	1	1	-0.4	0
chr1:21755898	10	1	10	10	1	1	1	-0.4	0
chr1:21762543	10	1	10	10	1	1	1	-0.4	0
chr1:22094612	10	1	10	10	1	1	1	-0.4	0
chr1:22094612	10	1	10	10	1	1	1	-0.4	0
chr1:22400374	10	1	10	10	1	1	1	-0.4	0
chr1:22400374	10	1	10	10	1	1	1	-0.4	0
chr1:22445061	10	1	10	10	1	1	1	-0.4	0
chr1:22445061	10	1	10	10	1	1	1	-0.4	0
chr1:22636725	10	1	10	10	1	1	1	-0.4	0
chr1:22636725	10	1	10	10	1	1	1	-0.4	0
chr1:22645796	10	1	10	10	1	1	1	-0.4	0
chr1:22677495	10	1	10	10	1	1	1	-0.4	0
chr1:22699930	10	1	10	10	1	1	1	-0.4	0
chr1:22700369	10	1	10	10	1	1	1	-0.4	0
chr1:22761978	10	1	10	10	1	1	1	-0.4	0
chr1:22977740	10	1	10	10	1	1	1	-0.4	0
chr1:22977740	10	1	10	10	1	1	1	-0.4	0
chr1:23262657	10	1	10	10	1	1	1	-0.4	0
chr1:23706209	10	1	10	10	1	1	1	-0.4	0
chr1:23893725	10	1	10	10	1	1	1	-0.4	0
chr1:23895816	10	1	10	10	1	1	1	-0.4	0
chr1:23941996	10	1	10	10	1	1	1	-0.4	0
chr1:24036106	10	1	10	10	1	1	1	-0.4	0
chr1:24043455	10	1	10	10	1	1	1	-0.4	0
chr1:24046272	10	1	10	10	1	1	1	-0.4	0
chr1:24050006	10	1	10	10	1	1	1	-0.4	0
chr1:24229321	10	1	10	10	1	1	1	-0.4	0
chr1:24361356	10	1	10	10	1	1	1	-0.4	0
chr1:24361356	10	1	10	10	1	1	1	-0.4	0
chr1:24538801	10	1	10	10	1	1	1	-0.4	0
chr1:24624167	10	1	10	10	1	1	1	-0.4	0
chr1:24704114	10	1	10	10	1	1	1	-0.4	0
chr1:24704114	10	1	10	10	1	1	1	-0.4	0
chr1:24916178	10	1	10	10	1	1	1	-0.4	0
chr1:24916178	10	1	10	10	1	1	1	-0.4	0
chr1:24957759	10	1	10	10	1	1	1	-0.4	0
chr1:25048517	10	1	10	10	1	1	1	-0.4	0
chr1:25048517	10	1	10	10	1	1	1	-0.4	0
chr1:25157730	10	1	10	10	1	1	1	-0.4	0
chr1:25262249	10	1	10	10	1	1	1	-0.4	0
chr1:25393858	10	1	10	10	1	1	1	-0.4	0
chr1:25393858	10	1	10	10	1	1	1	-0.4	0
chr1:25425502	10	1	10	10	1	1	1	-0.4	0
chr1:25425502	10	1	10	10	1	1	1	-0.4	0
chr1:25426814	10	1	10	10	1	1	1	-0.4	0
chr1:25471321	10	1	10	10	1	1	1	-0.4	0
chr1:25472472	10	1	10	10	1	1	1	-0.4	0
chr1:25472472	10	1	10	10	1	1	1	-0.4	0
chr1:25561488	10	1	10	10	1	1	1	-0.4	0
chr1:25695486	10	1	10	10	1	1	1	-0.4	0
chr1:25704413	10	1	10	10	1	1	1	-0.4	0
chr1:25704413	10	1	10	10	1	1	1	-0.4	0
chr1:25709824	10	1	10	10	1	1	1	-0.4	0
chr1:25710483	10	1	10	10	1	1	1	-0.4	0
chr1:25732412	10	1	10	10	1	1	1	-0.4	0
chr1:25732412	10	1	10	10	1	1	1	-0.4	0
chr1:25756921	10	1	10	10	1	1	1	-0.4	0
chr1:25949974	10	1	10	10	1	1	1	-0.4	0
chr1:25986327	10	1	10	10	1	1	1	-0.4	0
chr1:26025807	10	1	10	10	1	1	1	-0.4	0
chr1:26043054	10	1	10	10	1	1	1	-0.4	0
chr1:26049615	10	1	10	10	1	1	1	-0.4	0
chr1:26240374	10	1	10	10	1	1	1	-0.4	0
chr1:26299151	10	1	10	10	1	1	1	-0.4	0
chr1:26397434	10	1	10	10	1	1	1	-0.4	0
chr1:26476455	10	1	10	10	1	1	1	-0.4	0
chr1:26476455	10	1	10	10	1	1	1	-0.4	0
chr1:26483123	10	1	10	10	1	1	1	-0.4	0
chr1:26533964	10	1	10	10	1	1	1	-0.4	0
chr1:26743685	10	1	10	10	1	1	1	-0.4	0
chr1:26744627	10	1	10	10	1	1	1	-0.4	0
chr1:26745182	10	1	10	10	1	1	1	-0.4	0
chr1:26750450	10	1	10	10	1	1	1	-0.4	0
chr1:26814791	10	1	10	10	1	1	1	-0.4	0
chr1:26815396	10	1	10	10	1	1	1	-0.4	0
chr1:26986712	10	1	10	10	1	1	1	-0.4	0
chr1:27037014	10	1	10	10	1	1	1	-0.4	0
chr1:27048366	10	1	10	10	1	1	1	-0.4	0
chr1:27054856	10	1	10	10	1	1	1	-0.4	0
chr1:27054856	10	1	10	10	1	1	1	-0.4	0
chr1:27055407	10	1	10	10	1	1	1	-0.4	0
chr1:27056103	10	1	10	10	1	1	1	-0.4	0
chr1:27092016	10	1	10	10	1	1	1	-0.4	0
chr1:27127750	10	1	10	10	1	1	1	-0.4	0
chr1:27221815	10	1	10	10	1	1	1	-0.4	0
chr1:27298700	10	1	10	10	1	1	1	-0.4	0
chr1:27339008	10	1	10	10	1	1	1	-0.4	0
chr1:27339406	10	1	10	10	1	1	1	-0.4	0
chr1:27383580	10	1	10	10	1	1	1	-0.4	0
chr1:27383580	10	1	10	10	1	1	1	-0.4	0
chr1:27408584	10	1	10	10	1	1	1	-0.4	0
chr1:27408584	10	1	10	10	1	1	1	-0.4	0
chr1:27442066	10	1	10	10	1	1	1	-0.4	0
chr1:27497196	10	1	10	10	1	1	1	-0.4	0
chr1:27497196	10	1	10	10	1	1	1	-0.4	0
chr1:27497419	10	1	10	10	1	1	1	-0.4	0
chr1:27497419	10	1	10	10	1	1	1	-0.4	0
chr1:27627944	10	1	10	10	1	1	1	-0.4	0
chr1:27627944	10	1	10	10	1	1	1	-0.4	0
chr1:27645794	10	1	10	10	1	1	1	-0.4	0
chr1:27664652	10	1	10	10	1	1	1	-0.4	0
chr1:27712587	10	1	10	10	1	1	1	-0.4	0
chr1:27713187	10	1	10	10	1	1	1	-0.4	0
chr1:27713417	10	1	10	10	1	1	1	-0.4	0
chr1:27713952	10	1	10	10	1	1	1	-0.4	0
chr1:27713952	10	1	10	10	1	1	1	-0.4	0
chr1:27785279	10	1	10	10	1	1	1	-0.4	0
chr1:27785279	10	1	10	10	1	1	1	-0.4	0
chr1:27842204	10	1	10	10	1	1	1	-0.4	0
chr1:27842204	10	1	10	10	1	1	1	-0.4	0
chr1:27959374	10	1	10	10	1	1	1	-0.4	0
chr1:27984474	10	1	10	10	1	1	1	-0.4	0
chr1:27991261	10	1	10	10	1	1	1	-0.4	0
chr1:27991736	10	1	10	10	1	1	1	-0.4	0
chr1:27992077	10	1	10	10	1	1	1	-0.4	0
chr1:27992513	10	1	10	10	1	1	1	-0.4	0
chr1:27993163	10	1	10	10	1	1	1	-0.4	0
chr1:27993163	10	1	10	10	1	1	1	-0.4	0
chr1:28218684	10	1	10	10	1	1	1	-0.4	0
chr1:28218684	10	1	10	10	1	1	1	-0.4	0
chr1:28219503	10	1	10	10	1	1	1	-0.4	0
chr1:28220703	10	1	10	10	1	1	1	-0.4	0
chr1:28220703	10	1	10	10	1	1	1	-0.4	0
chr1:28239875	10	1	10	10	1	1	1	-0.4	0
chr1:28319038	10	1	10	10	1	1	1	-0.4	0
chr1:28335332	10	1	10	10	1	1	1	-0.4	0
chr1:28367884	10	1	10	10	1	1	1	-0.4	0
chr1:28460461	10	1	10	10	1	1	1	-0.4	0
chr1:28460461	10	1	10	10	1	1	1	-0.4	0
chr1:28467415	10	1	10	10	1	1	1	-0.4	0
chr1:28467415	10	1	10	10	1	1	1	-0.4	0
chr1:28515974	10	1	10	10	1	1	1	-0.4	0
chr1:28518857	10	1	10	10	1	1	1	-0.4	0
chr1:28587800	10	1	10	10	1	1	1	-0.4	0
chr1:28715094	10	1	10	10	1	1	1	-0.4	0
chr1:28740824	10	1	10	10	1	1	1	-0.4	0
chr1:28740824	10	1	10	10	1	1	1	-0.4	0
chr1:29234183	10	1	10	10	1	1	1	-0.4	0
chr1:29250336	10	1	10	10	1	1	1	-0.4	0
chr1:29281996	10	1	10	10	1	1	1	-0.4	0
chr1:29281996	10	1	10	10	1	1	1	-0.4	0
chr1:29346267	10	1	10	10	1	1	1	-0.4	0
chr1:29364927	10	1	10	10	1	1	1	-0.4	0
chr1:29365426	10	1	10	10	1	1	1	-0.4	0
chr1:29365426	10	1	10	10	1	1	1	-0.4	0
chr1:29388210	10	1	10	10	1	1	1	-0.4	0
chr1:29388519	10	1	10	10	1	1	1	-0.4	0
chr1:29448146	10	1	10	10	1	1	1	-0.4	0
chr1:29450825	10	1	10	10	1	1	1	-0.4	0
chr1:29451929	10	1	10	10	1	1	1	-0.4	0
chr1:29452636	10	1	10	10	1	1	1	-0.4	0
chr1:29519993	10	1	10	10	1	1	1	-0.4	0
chr1:29644350	10	1	10	10	1	1	1	-0.4	0
chr1:29644350	10	1	10	10	1	1	1	-0.4	0
chr1:29644350	10	1	10	10	1	1	1	-0.4	0
chr1:29736331	10	1	10	10	1	1	1	-0.4	0
chr1:29736948	10	1	10	10	1	1	1	-0.4	0
chr1:29756259	10	1	10	10	1	1	1	-0.4	0
chr1:29762835	10	1	10	10	1	1	1	-0.4	0
chr1:29765765	10	1	10	10	1	1	1	-0.4	0
chr1:29766700	10	1	10	10	1	1	1	-0.4	0
chr1:29911251	10	1	10	10	1	1	1	-0.4	0
chr1:29965091	10	1	10	10	1	1	1	-0.4	0
chr1:29979337	10	1	10	10	1	1	1	-0.4	0
chr1:30011800	10	1	10	10	1	1	1	-0.4	0
chr1:30018241	10	1	10	10	1	1	1	-0.4	0
chr1:30108752	10	1	10	10	1	1	1	-0.4	0
chr1:30156614	10	1	10	10	1	1	1	-0.4	0
chr1:30156614	10	1	10	10	1	1	1	-0.4	0
chr1:30157481	10	1	10	10	1	1	1	-0.4	0
chr1:30187550	10	1	10	10	1	1	1	-0.4	0
chr1:30189963	10	1	10	10	1	1	1	-0.4	0
chr1:30194706	10	1	10	10	1	1	1	-0.4	0
chr1:30242217	10	1	10	10	1	1	1	-0.4	0
chr1:30267297	10	1	10	10	1	1	1	-0.4	0
chr1:30323981	10	1	10	10	1	1	1	-0.4	0
chr1:30348856	10	1	10	10	1	1	1	-0.4	0
chr2:1374	10	1	10	10	1	1	1	-0.4	0
chr2:1374	10	1	10	10	1	1	1	-0.4	0
chr2:1919	10	1	10	10	1	1	1	-0.4	0
chr2:2651	10	1	10	10	1	1	1	-0.4	0
chr2:2651	10	1	10	10	1	1	1	-0.4	0
chr2:3428	10	1	10	10	1	1	1	-0.4	0
chr2:3428	10	1	10	10	1	1	1	-0.4	0
chr2:3428	10	1	10	10	1	1	1	-0.4	0
chr2:5766	10	1	10	10	1	1	1	-0.4	0
chr2:10040	10	1	10	10	1	1	1	-0.4	0
chr2:10040	10	1	10	10	1	1	1	-0.4	0
chr2:10040	10	1	10	10	1	1	1	-0.4	0
chr2:181592	10	1	10	10	1	1	1	-0.4	0
chr2:181592	10	1	10	10	1	1	1	-0.4	0
chr2:200526	10	1	10	10	1	1	1	-0.4	0
chr2:259165	10	1	10	10	1	1	1	-0.4	0
chr2:260855	10	1	10	10	1	1	1	-0.4	0
chr2:260855	10	1	10	10	1	1	1	-0.4	0
chr2:260855	10	1	10	10	1	1	1	-0.4	0
chr2:347386	10	1	10	10	1	1	1	-0.4	0
chr2:383829	10	1	10	10	1	1	1	-0.4	0
chr2:383829	10	1	10	10	1	1	1	-0.4	0
chr2:387565	10	1	10	10	1	1	1	-0.4	0
chr2:428577	10	1	10	10	1	1	1	-0.4	0
chr2:509784	10	1	10	10	1	1	1	-0.4	0
chr2:642399	10	1	10	10	1	1	1	-0.4	0
chr2:868425	10	1	10	10	1	1	1	-0.4	0
chr2:1021172	10	1	10	10	1	1	1	-0.4	0
chr2:1047678	10	1	10	10	1	1	1	-0.4	0
chr2:1047678	10	1	10	10	1	1	1	-0.4	0
chr2:1140132	10	1	10	10	1	1	1	-0.4	0
chr2:1140132	10	1	10	10	1	1	1	-0.4	0
chr2:1185528	10	1	10	10	1	1	1	-0.4	0
chr2:1188744	10	1	10	10	1	1	1	-0.4	0
chr2:1188744	10	1	10	10	1	1	1	-0.4	0
chr2:1467577	10	1	10	10	1	1	1	-0.4	0
chr2:1468238	10	1	10	10	1	1	1	-0.4	0
chr2:1468238	10	1	10	10	1	1	1	-0.4	0
chr2:1473674	10	1	10	10	1	1	1	-0.4	0
chr2:1473674	10	1	10	10	1	1	1	-0.4	0
chr2:1575922	10	1	10	10	1	1	1	-0.4	0
chr2:1823282	10	1	10	10	1	1	1	-0.4	0
chr2:1966619	10	1	10	10	1	1	1	-0.4	0
chr2:1967921	10	1	10	10	1	1	1	-0.4	0
chr2:2587869	10	1	10	10	1	1	1	-0.4	0
chr2:3260394	10	1	10	10	1	1	1	-0.4	0
chr2:3260394	10	1	10	10	1	1	1	-0.4	0
chr2:3263456	10	1	10	10	1	1	1	-0.4	0
chr2:3263456	10	1	10	10	1	1	1	-0.4	0
chr2:3264196	10	1	10	10	1	1	1	-0.4	0
chr2:3264196	10	1	10	10	1	1	1	-0.4	0
chr2:3264796	10	1	10	10	1	1	1	-0.4	0
chr2:3264796	10	1	10	10	1	1	1	-0.4	0
chr2:3265388	10	1	10	10	1	1	1	-0.4	0
chr2:3265388	10	1	10	10	1	1	1	-0.4	0
chr2:3266069	10	1	10	10	1	1	1	-0.4	0
chr2:3266069	10	1	10	10	1	1	1	-0.4	0
chr2:3267958	10	1	10	10	1	1	1	-0.4	0
chr2:3267958	10	1	10	10	1	1	1	-0.4	0
chr2:3272154	10	1	10	10	1	1	1	-0.4	0
chr2:3272154	10	1	10	10	1	1	1	-0.4	0
chr2:3272718	10	1	10	10	1	1	1	-0.4	0
chr2:3275851	10	1	10	10	1	1	1	-0.4	0
chr2:3275851	10	1	10	10	1	1	1	-0.4	0
chr2:3276179	10	1	10	10	1	1	1	-0.4	0
chr2:3276179	10	1	10	10	1	1	1	-0.4	0
chr2:3278800	10	1	10	10	1	1	1	-0.4	0
chr2:3278800	10	1	10	10	1	1	1	-0.4	0
chr2:3279561	10	1	10	10	1	1	1	-0.4	0
chr2:3280214	10	1	10	10	1	1	1	-0.4	0
chr2:3280586	10	1	10	10	1	1	1	-0.4	0
chr2:3280586	10	1	10	10	1	1	1	-0.4	0
chr2:3281736	10	1	10	10	1	1	1	-0.4	0
chr2:3281736	10	1	10	10	1	1	1	-0.4	0
chr2:3283554	10	1	10	10	1	1	1	-0.4	0
chr2:3283554	10	1	10	10	1	1	1	-0.4	0
chr2:3292072	10	1	10	10	1	1	1	-0.4	0
chr2:3292072	10	1	10	10	1	1	1	-0.4	0
chr2:3292072	10	1	10	10	1	1	1	-0.4	0
chr2:3293398	10	1	10	10	1	1	1	-0.4	0
chr2:3294594	10	1	10	10	1	1	1	-0.4	0
chr2:3294594	10	1	10	10	1	1	1	-0.4	0
chr2:3295502	10	1	10	10	1	1	1	-0.4	0
chr2:3295502	10	1	10	10	1	1	1	-0.4	0
chr2:3296166	10	1	10	10	1	1	1	-0.4	0
chr2:3296166	10	1	10	10	1	1	1	-0.4	0
chr2:3297120	10	1	10	10	1	1	1	-0.4	0
chr2:3297120	10	1	10	10	1	1	1	-0.4	0
chr2:3299423	10	1	10	10	1	1	1	-0.4	0
chr2:3303863	10	1	10	10	1	1	1	-0.4	0
chr2:3303863	10	1	10	10	1	1	1	-0.4	0
chr2:3305179	10	1	10	10	1	1	1	-0.4	0
chr2:3306647	10	1	10	10	1	1	1	-0.4	0
chr2:3312681	10	1	10	10	1	1	1	-0.4	0
chr2:3313354	10	1	10	10	1	1	1	-0.4	0
chr2:3313354	10	1	10	10	1	1	1	-0.4	0
chr2:3314062	10	1	10	10	1	1	1	-0.4	0
chr2:3314062	10	1	10	10	1	1	1	-0.4	0
chr2:3314062	10	1	10	10	1	1	1	-0.4	0
chr2:3314556	10	1	10	10	1	1	1	-0.4	0
chr2:3314556	10	1	10	10	1	1	1	-0.4	0
chr2:3314971	10	1	10	10	1	1	1	-0.4	0
chr2:3320032	10	1	10	10	1	1	1	-0.4	0
chr2:3320032	10	1	10	10	1	1	1	-0.4	0
chr2:3322002	10	1	10	10	1	1	1	-0.4	0
chr2:3322002	10	1	10	10	1	1	1	-0.4	0
chr2:3324578	10	1	10	10	1	1	1	-0.4	0
chr2:3324578	10	1	10	10	1	1	1	-0.4	0
chr2:3325140	10	1	10	10	1	1	1	-0.4	0
chr2:3325140	10	1	10	10	1	1	1	-0.4	0
chr2:3327308	10	1	10	10	1	1	1	-0.4	0
chr2:3327308	10	1	10	10	1	1	1	-0.4	0
chr2:3329618	10	1	10	10	1	1	1	-0.4	0
chr2:3329618	10	1	10	10	1	1	1	-0.4	0
chr2:3330996	10	1	10	10	1	1	1	-0.4	0
chr2:3330996	10	1	10	10	1	1	1	-0.4	0
chr2:3331374	10	1	10	10	1	1	1	-0.4	0
chr2:3331374	10	1	10	10	1	1	1	-0.4	0
chr2:3332358	10	1	10	10	1	1	1	-0.4	0
chr2:3332358	10	1	10	10	1	1	1	-0.4	0
chr2:3333043	10	1	10	10	1	1	1	-0.4	0
chr2:3333043	10	1	10	10	1	1	1	-0.4	0
chr2:3333043	10	1	10	10	1	1	1	-0.4	0
chr2:3333629	10	1	10	10	1	1	1	-0.4	0
chr2:3334416	10	1	10	10	1	1	1	-0.4	0
chr2:3334416	10	1	10	10	1	1	1	-0.4	0
chr2:3335187	10	1	10	10	1	1	1	-0.4	0
chr2:3335187	10	1	10	10	1	1	1	-0.4	0
chr2:3335628	10	1	10	10	1	1	1	-0.4	0
chr2:3335628	10	1	10	10	1	1	1	-0.4	0
chr2:3337180	10	1	10	10	1	1	1	-0.4	0
chr2:3337180	10	1	10	10	1	1	1	-0.4	0
chr2:3337616	10	1	10	10	1	1	1	-0.4	0
chr2:3337616	10	1	10	10	1	1	1	-0.4	0
chr2:3337854	10	1	10	10	1	1	1	-0.4	0
chr2:3337854	10	1	10	10	1	1	1	-0.4	0
chr2:3342240	10	1	10	10	1	1	1	-0.4	0
chr2:3342240	10	1	10	10	1	1	1	-0.4	0
chr2:3342794	10	1	10	10	1	1	1	-0.4	0
chr2:3342794	10	1	10	10	1	1	1	-0.4	0
chr2:3344648	10	1	10	10	1	1	1	-0.4	0
chr2:3344648	10	1	10	10	1	1	1	-0.4	0
chr2:3345714	10	1	10	10	1	1	1	-0.4	0
chr2:3345714	10	1	10	10	1	1	1	-0.4	0
chr2:3346698	10	1	10	10	1	1	1	-0.4	0
chr2:3346698	10	1	10	10	1	1	1	-0.4	0
chr2:3349082	10	1	10	10	1	1	1	-0.4	0
chr2:3349082	10	1	10	10	1	1	1	-0.4	0
chr2:3354604	10	1	10	10	1	1	1	-0.4	0
chr2:3354604	10	1	10	10	1	1	1	-0.4	0
chr2:3356939	10	1	10	10	1	1	1	-0.4	0
chr2:3356939	10	1	10	10	1	1	1	-0.4	0
chr2:3357598	10	1	10	10	1	1	1	-0.4	0
chr2:3357598	10	1	10	10	1	1	1	-0.4	0
chr2:3358656	10	1	10	10	1	1	1	-0.4	0
chr2:3358656	10	1	10	10	1	1	1	-0.4	0
chr2:3359111	10	1	10	10	1	1	1	-0.4	0
chr2:3359111	10	1	10	10	1	1	1	-0.4	0
chr2:3360404	10	1	10	10	1	1	1	-0.4	0
chr2:3360404	10	1	10	10	1	1	1	-0.4	0
chr2:3360988	10	1	10	10	1	1	1	-0.4	0
chr2:3360988	10	1	10	10	1	1	1	-0.4	0
chr2:3361640	10	1	10	10	1	1	1	-0.4	0
chr2:3363020	10	1	10	10	1	1	1	-0.4	0
chr2:3363020	10	1	10	10	1	1	1	-0.4	0
chr2:3364748	10	1	10	10	1	1	1	-0.4	0
chr2:3364748	10	1	10	10	1	1	1	-0.4	0
chr2:3365564	10	1	10	10	1	1	1	-0.4	0
chr2:3366575	10	1	10	10	1	1	1	-0.4	0
chr2:3367379	10	1	10	10	1	1	1	-0.4	0
chr2:3375209	10	1	10	10	1	1	1	-0.4	0
chr2:3376562	10	1	10	10	1	1	1	-0.4	0
chr2:3377102	10	1	10	10	1	1	1	-0.4	0
chr2:3377102	10	1	10	10	1	1	1	-0.4	0
chr2:3377688	10	1	10	10	1	1	1	-0.4	0
chr2:3378167	10	1	10	10	1	1	1	-0.4	0
chr2:3378167	10	1	10	10	1	1	1	-0.4	0
chr2:3378167	10	1	10	10	1	1	1	-0.4	0
chr2:3378659	10	1	10	10	1	1	1	-0.4	0
chr2:3378659	10	1	10	10	1	1	1	-0.4	0
chr2:3381878	10	1	10	10	1	1	1	-0.4	0
chr2:3389485	10	1	10	10	1	1	1	-0.4	0
chr2:3389485	10	1	10	10	1	1	1	-0.4	0
chr2:3393432	10	1	10	10	1	1	1	-0.4	0
chr2:3393432	10	1	10	10	1	1	1	-0.4	0
chr2:3394036	10	1	10	10	1	1	1	-0.4	0
chr2:3394036	10	1	10	10	1	1	1	-0.4	0
chr2:3394036	10	1	10	10	1	1	1	-0.4	0
chr2:3395154	10	1	10	10	1	1	1	-0.4	0
chr2:3395154	10	1	10	10	1	1	1	-0.4	0
chr2:3396374	10	1	10	10	1	1	1	-0.4	0
chr2:3397066	10	1	10	10	1	1	1	-0.4	0
chr2:3397066	10	1	10	10	1	1	1	-0.4	0
chr2:3397066	10	1	10	10	1	1	1	-0.4	0
chr2:3398885	10	1	10	10	1	1	1	-0.4	0
chr2:3398885	10	1	10	10	1	1	1	-0.4	0
chr2:3398885	10	1	10	10	1	1	1	-0.4	0
chr2:3400232	10	1	10	10	1	1	1	-0.4	0
chr2:3400232	10	1	10	10	1	1	1	-0.4	0
chr2:3404944	10	1	10	10	1	1	1	-0.4	0
chr2:3404944	10	1	10	10	1	1	1	-0.4	0
chr2:3405546	10	1	10	10	1	1	1	-0.4	0
chr2:3406468	10	1	10	10	1	1	1	-0.4	0
chr2:3406468	10	1	10	10	1	1	1	-0.4	0
chr2:3407737	10	1	10	10	1	1	1	-0.4	0
chr2:3408882	10	1	10	10	1	1	1	-0.4	0
chr2:3408882	10	1	10	10	1	1	1	-0.4	0
chr2:3411076	10	1	10	10	1	1	1	-0.4	0
chr2:3411076	10	1	10	10	1	1	1	-0.4	0
chr2:3412755	10	1	10	10	1	1	1	-0.4	0
chr2:3412755	10	1	10	10	1	1	1	-0.4	0
chr2:3412755	10	1	10	10	1	1	1	-0.4	0
chr2:3418758	10	1	10	10	1	1	1	-0.4	0
chr2:3429059	10	1	10	10	1	1	1	-0.4	0
chr2:3429059	10	1	10	10	1	1	1	-0.4	0
chr2:3431561	10	1	10	10	1	1	1	-0.4	0
chr2:3431561	10	1	10	10	1	1	1	-0.4	0
chr2:3434004	10	1	10	10	1	1	1	-0.4	0
chr2:3434004	10	1	10	10	1	1	1	-0.4	0
chr2:3434364	10	1	10	10	1	1	1	-0.4	0
chr2:3434364	10	1	10	10	1	1	1	-0.4	0
chr2:3438344	10	1	10	10	1	1	1	-0.4	0
chr2:3438344	10	1	10	10	1	1	1	-0.4	0
chr2:3438344	10	1	10	10	1	1	1	-0.4	0
chr2:3438679	10	1	10	10	1	1	1	-0.4	0
chr2:3438679	10	1	10	10	1	1	1	-0.4	0
chr2:3438679	10	1	10	10	1	1	1	-0.4	0
chr2:3440390	10	1	10	10	1	1	1	-0.4	0
chr2:3440390	10	1	10	10	1	1	1	-0.4	0
chr2:3442771	10	1	10	10	1	1	1	-0.4	0
chr2:3442771	10	1	10	10	1	1	1	-0.4	0
chr2:3447450	10	1	10	10	1	1	1	-0.4	0
chr2:3447450	10	1	10	10	1	1	1	-0.4	0
chr2:3455910	10	1	10	10	1	1	1	-0.4	0
chr2:3459260	10	1	10	10	1	1	1	-0.4	0
chr2:3459260	10	1	10	10	1	1	1	-0.4	0
chr2:3460388	10	1	10	10	1	1	1	-0.4	0
chr2:3460388	10	1	10	10	1	1	1	-0.4	0
chr2:3461086	10	1	10	10	1	1	1	-0.4	0
chr2:3461086	10	1	10	10	1	1	1	-0.4	0
chr2:3463844	10	1	10	10	1	1	1	-0.4	0
chr2:3463844	10	1	10	10	1	1	1	-0.4	0
chr2:3464494	10	1	10	10	1	1	1	-0.4	0
chr2:3465483	10	1	10	10	1	1	1	-0.4	0
chr2:3467006	10	1	10	10	1	1	1	-0.4	0
chr2:3467006	10	1	10	10	1	1	1	-0.4	0
chr2:3468467	10	1	10	10	1	1	1	-0.4	0
chr2:3469368	10	1	10	10	1	1	1	-0.4	0
chr2:3469368	10	1	10	10	1	1	1	-0.4	0
chr2:3474892	10	1	10	10	1	1	1	-0.4	0
chr2:3474892	10	1	10	10	1	1	1	-0.4	0
chr2:3475892	10	1	10	10	1	1	1	-0.4	0
chr2:3475892	10	1	10	10	1	1	1	-0.4	0
chr2:3476297	10	1	10	10	1	1	1	-0.4	0
chr2:3476297	10	1	10	10	1	1	1	-0.4	0
chr2:3478314	10	1	10	10	1	1	1	-0.4	0
chr2:3478314	10	1	10	10	1	1	1	-0.4	0
chr2:3478314	10	1	10	10	1	1	1	-0.4	0
chr2:3482453	10	1	10	10	1	1	1	-0.4	0
chr2:3482453	10	1	10	10	1	1	1	-0.4	0
chr2:3483970	10	1	10	10	1	1	1	-0.4	0
chr2:3483970	10	1	10	10	1	1	1	-0.4	0
chr2:3483970	10	1	10	10	1	1	1	-0.4	0
chr2:3485146	10	1	10	10	1	1	1	-0.4	0
chr2:3485146	10	1	10	10	1	1	1	-0.4	0
chr2:3486084	10	1	10	10	1	1	1	-0.4	0
chr2:3486084	10	1	10	10	1	1	1	-0.4	0
chr2:3486084	10	1	10	10	1	1	1	-0.4	0
chr2:3486600	10	1	10	10	1	1	1	-0.4	0
chr2:3486600	10	1	10	10	1	1	1	-0.4	0
chr2:3487576	10	1	10	10	1	1	1	-0.4	0
chr2:3487576	10	1	10	10	1	1	1	-0.4	0
chr2:3488752	10	1	10	10	1	1	1	-0.4	0
chr2:3488752	10	1	10	10	1	1	1	-0.4	0
chr2:3488752	10	1	10	10	1	1	1	-0.4	0
chr2:3490342	10	1	10	10	1	1	1	-0.4	0
chr2:3490342	10	1	10	10	1	1	1	-0.4	0
chr2:3490950	10	1	10	10	1	1	1	-0.4	0
chr2:3491073	10	1	10	10	1	1	1	-0.4	0
chr2:3492490	10	1	10	10	1	1	1	-0.4	0
chr2:3492490	10	1	10	10	1	1	1	-0.4	0
chr2:3493306	10	1	10	10	1	1	1	-0.4	0
chr2:3493306	10	1	10	10	1	1	1	-0.4	0
chr2:3495374	10	1	10	10	1	1	1	-0.4	0
chr2:3495374	10	1	10	10	1	1	1	-0.4	0
chr2:3497453	10	1	10	10	1	1	1	-0.4	0
chr2:3497453	10	1	10	10	1	1	1	-0.4	0
chr2:3497453	10	1	10	10	1	1	1	-0.4	0
chr2:3497553	10	1	10	10	1	1	1	-0.4	0
chr2:3497553	10	1	10	10	1	1	1	-0.4	0
chr2:3497553	10	1	10	10	1	1	1	-0.4	0
chr2:3499506	10	1	10	10	1	1	1	-0.4	0
chr2:3499506	10	1	10	10	1	1	1	-0.4	0
chr2:3500104	10	1	10	10	1	1	1	-0.4	0
chr2:3500866	10	1	10	10	1	1	1	-0.4	0
chr2:3500866	10	1	10	10	1	1	1	-0.4	0
chr2:3501452	10	1	10	10	1	1	1	-0.4	0
chr2:3501866	10	1	10	10	1	1	1	-0.4	0
chr2:3501866	10	1	10	10	1	1	1	-0.4	0
chr2:3605882	10	1	10	10	1	1	1	-0.4	0
chr2:3606894	10	1	10	10	1	1	1	-0.4	0
chr2:3607156	10	1	10	10	1	1	1	-0.4	0
chr2:3607156	10	1	10	10	1	1	1	-0.4	0
chr2:3615042	10	1	10	10	1	1	1	-0.4	0
chr2:3615042	10	1	10	10	1	1	1	-0.4	0
chr2:3616056	10	1	10	10	1	1	1	-0.4	0
chr2:3616056	10	1	10	10	1	1	1	-0.4	0
chr2:3617241	10	1	10	10	1	1	1	-0.4	0
chr2:3619021	10	1	10	10	1	1	1	-0.4	0
chr2:3619021	10	1	10	10	1	1	1	-0.4	0
chr2:3619516	10	1	10	10	1	1	1	-0.4	0
chr2:3619516	10	1	10	10	1	1	1	-0.4	0
chr2:3620014	10	1	10	10	1	1	1	-0.4	0
chr2:3620014	10	1	10	10	1	1	1	-0.4	0
chr2:3621214	10	1	10	10	1	1	1	-0.4	0
chr2:3621214	10	1	10	10	1	1	1	-0.4	0
chr2:3621716	10	1	10	10	1	1	1	-0.4	0
chr2:3621716	10	1	10	10	1	1	1	-0.4	0
chr2:3622576	10	1	10	10	1	1	1	-0.4	0
chr2:3622576	10	1	10	10	1	1	1	-0.4	0
chr2:3622576	10	1	10	10	1	1	1	-0.4	0
chr2:3623504	10	1	10	10	1	1	1	-0.4	0
chr2:3623504	10	1	10	10	1	1	1	-0.4	0
chr2:3623504	10	1	10	10	1	1	1	-0.4	0
chr2:3624631	10	1	10	10	1	1	1	-0.4	0
chr2:3624631	10	1	10	10	1	1	1	-0.4	0
chr2:3624631	10	1	10	10	1	1	1	-0.4	0
chr2:3625285	10	1	10	10	1	1	1	-0.4	0
chr2:3625734	10	1	10	10	1	1	1	-0.4	0
chr2:3625734	10	1	10	10	1	1	1	-0.4	0
chr2:3626328	10	1	10	10	1	1	1	-0.4	0
chr2:3626328	10	1	10	10	1	1	1	-0.4	0
chr2:3626973	10	1	10	10	1	1	1	-0.4	0
chr2:3626973	10	1	10	10	1	1	1	-0.4	0
chr2:3627311	10	1	10	10	1	1	1	-0.4	0
chr2:3627311	10	1	10	10	1	1	1	-0.4	0
chr2:3629380	10	1	10	10	1	1	1	-0.4	0
chr2:4310550	10	1	10	10	1	1	1	-0.4	0
chr2:4311545	10	1	10	10	1	1	1	-0.4	0
chr2:5053046	10	1	10	10	1	1	1	-0.4	0
chr2:5053046	10	1	10	10	1	1	1	-0.4	0
chr2:6018278	10	1	10	10	1	1	1	-0.4	0
chr2:7150939	10	1	10	10	1	1	1	-0.4	0
chr2:7190972	10	1	10	10	1	1	1	-0.4	0
chr2:7190972	10	1	10	10	1	1	1	-0.4	0
chr2:7190972	10	1	10	10	1	1	1	-0.4	0
chr2:7303648	10	1	10	10	1	1	1	-0.4	0
chr2:7303648	10	1	10	10	1	1	1	-0.4	0
chr2:7564379	10	1	10	10	1	1	1	-0.4	0
chr2:7577027	10	1	10	10	1	1	1	-0.4	0
chr2:7692390	10	1	10	10	1	1	1	-0.4	0
chr2:7972374	10	1	10	10	1	1	1	-0.4	0
chr2:7995612	10	1	10	10	1	1	1	-0.4	0
chr2:7995612	10	1	10	10	1	1	1	-0.4	0
chr2:7995755	10	1	10	10	1	1	1	-0.4	0
chr2:7995755	10	1	10	10	1	1	1	-0.4	0
chr2:7996437	10	1	10	10	1	1	1	-0.4	0
chr2:7997082	10	1	10	10	1	1	1	-0.4	0
chr2:8125380	10	1	10	10	1	1	1	-0.4	0
chr2:8234525	10	1	10	10	1	1	1	-0.4	0
chr2:8659012	10	1	10	10	1	1	1	-0.4	0
chr2:8858180	10	1	10	10	1	1	1	-0.4	0
chr2:8858180	10	1	10	10	1	1	1	-0.4	0
chr2:8923391	10	1	10	10	1	1	1	-0.4	0
chr2:8970784	10	1	10	10	1	1	1	-0.4	0
chr2:8992986	10	1	10	10	1	1	1	-0.4	0
chr2:8992986	10	1	10	10	1	1	1	-0.4	0
chr2:9002934	10	1	10	10	1	1	1	-0.4	0
chr2:9005439	10	1	10	10	1	1	1	-0.4	0
chr2:9258144	10	1	10	10	1	1	1	-0.4	0
chr2:9338491	10	1	10	10	1	1	1	-0.4	0
chr2:9354586	10	1	10	10	1	1	1	-0.4	0
chr2:9369400	10	1	10	10	1	1	1	-0.4	0
chr2:9369400	10	1	10	10	1	1	1	-0.4	0
chr2:9390809	10	1	10	10	1	1	1	-0.4	0
chr2:9393652	10	1	10	10	1	1	1	-0.4	0
chr2:9460285	10	1	10	10	1	1	1	-0.4	0
chr2:9784764	10	1	10	10	1	1	1	-0.4	0
chr2:9844411	10	1	10	10	1	1	1	-0.4	0
chr2:9874838	10	1	10	10	1	1	1	-0.4	0
chr2:9874838	10	1	10	10	1	1	1	-0.4	0
chr2:10072169	10	1	10	10	1	1	1	-0.4	0
chr2:10131246	10	1	10	10	1	1	1	-0.4	0
chr2:10265449	10	1	10	10	1	1	1	-0.4	0
chr2:10326665	10	1	10	10	1	1	1	-0.4	0
chr2:10402893	10	1	10	10	1	1	1	-0.4	0
chr2:10402893	10	1	10	10	1	1	1	-0.4	0
chr2:10402893	10	1	10	10	1	1	1	-0.4	0
chr2:10430950	10	1	10	10	1	1	1	-0.4	0
chr2:10438239	10	1	10	10	1	1	1	-0.4	0
chr2:10438239	10	1	10	10	1	1	1	-0.4	0
chr2:10567012	10	1	10	10	1	1	1	-0.4	0
chr2:10567486	10	1	10	10	1	1	1	-0.4	0
chr2:10674912	10	1	10	10	1	1	1	-0.4	0
chr2:10754264	10	1	10	10	1	1	1	-0.4	0
chr2:10754744	10	1	10	10	1	1	1	-0.4	0
chr2:10936757	10	1	10	10	1	1	1	-0.4	0
chr2:11009707	10	1	10	10	1	1	1	-0.4	0
chr2:11014170	10	1	10	10	1	1	1	-0.4	0
chr2:11014170	10	1	10	10	1	1	1	-0.4	0
chr2:11214414	10	1	10	10	1	1	1	-0.4	0
chr2:11214414	10	1	10	10	1	1	1	-0.4	0
chr2:11271056	10	1	10	10	1	1	1	-0.4	0
chr2:11271459	10	1	10	10	1	1	1	-0.4	0
chr2:11277801	10	1	10	10	1	1	1	-0.4	0
chr2:11277801	10	1	10	10	1	1	1	-0.4	0
chr2:11296541	10	1	10	10	1	1	1	-0.4	0
chr2:11380415	10	1	10	10	1	1	1	-0.4	0
chr2:11380415	10	1	10	10	1	1	1	-0.4	0
chr2:11382673	10	1	10	10	1	1	1	-0.4	0
chr2:11595464	10	1	10	10	1	1	1	-0.4	0
chr2:11684300	10	1	10	10	1	1	1	-0.4	0
chr2:11684300	10	1	10	10	1	1	1	-0.4	0
chr2:11755050	10	1	10	10	1	1	1	-0.4	0
chr2:11755050	10	1	10	10	1	1	1	-0.4	0
chr2:11756127	10	1	10	10	1	1	1	-0.4	0
chr2:11764775	10	1	10	10	1	1	1	-0.4	0
chr2:12016717	10	1	10	10	1	1	1	-0.4	0
chr2:12152485	10	1	10	10	1	1	1	-0.4	0
chr2:12249225	10	1	10	10	1	1	1	-0.4	0
chr2:12356308	10	1	10	10	1	1	1	-0.4	0
chr2:12380870	10	1	10	10	1	1	1	-0.4	0
chr2:12380870	10	1	10	10	1	1	1	-0.4	0
chr2:12585250	10	1	10	10	1	1	1	-0.4	0
chr2:12781458	10	1	10	10	1	1	1	-0.4	0
chr2:12937333	10	1	10	10	1	1	1	-0.4	0
chr2:13141306	10	1	10	10	1	1	1	-0.4	0
chr2:13141306	10	1	10	10	1	1	1	-0.4	0
chr2:13142554	10	1	10	10	1	1	1	-0.4	0
chr2:13142554	10	1	10	10	1	1	1	-0.4	0
chr2:13266753	10	1	10	10	1	1	1	-0.4	0
chr2:13307785	10	1	10	10	1	1	1	-0.4	0
chr2:13307785	10	1	10	10	1	1	1	-0.4	0
chr2:13446295	10	1	10	10	1	1	1	-0.4	0
chr2:13446986	10	1	10	10	1	1	1	-0.4	0
chr2:13446986	10	1	10	10	1	1	1	-0.4	0
chr2:13660094	10	1	10	10	1	1	1	-0.4	0
chr2:13660514	10	1	10	10	1	1	1	-0.4	0
chr2:13660514	10	1	10	10	1	1	1	-0.4	0
chr2:13987991	10	1	10	10	1	1	1	-0.4	0
chr2:14491547	10	1	10	10	1	1	1	-0.4	0
chr2:14522727	10	1	10	10	1	1	1	-0.4	0
chr2:14522727	10	1	10	10	1	1	1	-0.4	0
chr2:14600611	10	1	10	10	1	1	1	-0.4	0
chr2:14600611	10	1	10	10	1	1	1	-0.4	0
chr2:14630291	10	1	10	10	1	1	1	-0.4	0
chr2:14746338	10	1	10	10	1	1	1	-0.4	0
chr2:14746338	10	1	10	10	1	1	1	-0.4	0
chr2:14851423	10	1	10	10	1	1	1	-0.4	0
chr2:14851841	10	1	10	10	1	1	1	-0.4	0
chr2:14851841	10	1	10	10	1	1	1	-0.4	0
chr2:15057087	10	1	10	10	1	1	1	-0.4	0
chr2:15066384	10	1	10	10	1	1	1	-0.4	0
chr2:15099485	10	1	10	10	1	1	1	-0.4	0
chr2:15100033	10	1	10	10	1	1	1	-0.4	0
chr2:15119793	10	1	10	10	1	1	1	-0.4	0
chr2:15193279	10	1	10	10	1	1	1	-0.4	0
chr2:15207528	10	1	10	10	1	1	1	-0.4	0
chr2:15228156	10	1	10	10	1	1	1	-0.4	0
chr2:15255612	10	1	10	10	1	1	1	-0.4	0
chr2:15255612	10	1	10	10	1	1	1	-0.4	0
chr2:15381251	10	1	10	10	1	1	1	-0.4	0
chr2:15516565	10	1	10	10	1	1	1	-0.4	0
chr2:15615594	10	1	10	10	1	1	1	-0.4	0
chr2:15784446	10	1	10	10	1	1	1	-0.4	0
chr2:15789786	10	1	10	10	1	1	1	-0.4	0
chr2:15789786	10	1	10	10	1	1	1	-0.4	0
chr2:15802767	10	1	10	10	1	1	1	-0.4	0
chr2:16051238	10	1	10	10	1	1	1	-0.4	0
chr2:16051754	10	1	10	10	1	1	1	-0.4	0
chr2:16129590	10	1	10	10	1	1	1	-0.4	0
chr2:16152284	10	1	10	10	1	1	1	-0.4	0
chr2:16152284	10	1	10	10	1	1	1	-0.4	0
chr2:16378694	10	1	10	10	1	1	1	-0.4	0
chr2:16538138	10	1	10	10	1	1	1	-0.4	0
chr2:16700904	10	1	10	10	1	1	1	-0.4	0
chr2:16701893	10	1	10	10	1	1	1	-0.4	0
chr2:16743601	10	1	10	10	1	1	1	-0.4	0
chr2:16883205	10	1	10	10	1	1	1	-0.4	0
chr2:16883205	10	1	10	10	1	1	1	-0.4	0
chr2:17164575	10	1	10	10	1	1	1	-0.4	0
chr2:17164575	10	1	10	10	1	1	1	-0.4	0
chr2:17164575	10	1	10	10	1	1	1	-0.4	0
chr2:17166346	10	1	10	10	1	1	1	-0.4	0
chr2:17269361	10	1	10	10	1	1	1	-0.4	0
chr2:17270224	10	1	10	10	1	1	1	-0.4	0
chr2:17270820	10	1	10	10	1	1	1	-0.4	0
chr2:17375902	10	1	10	10	1	1	1	-0.4	0
chr2:17396810	10	1	10	10	1	1	1	-0.4	0
chr2:17477470	10	1	10	10	1	1	1	-0.4	0
chr2:17477470	10	1	10	10	1	1	1	-0.4	0
chr2:17503577	10	1	10	10	1	1	1	-0.4	0
chr2:17503577	10	1	10	10	1	1	1	-0.4	0
chr2:17504939	10	1	10	10	1	1	1	-0.4	0
chr2:17504939	10	1	10	10	1	1	1	-0.4	0
chr2:17508787	10	1	10	10	1	1	1	-0.4	0
chr2:17510032	10	1	10	10	1	1	1	-0.4	0
chr2:17593654	10	1	10	10	1	1	1	-0.4	0
chr2:17613619	10	1	10	10	1	1	1	-0.4	0
chr2:17639677	10	1	10	10	1	1	1	-0.4	0
chr2:17793167	10	1	10	10	1	1	1	-0.4	0
chr2:17796433	10	1	10	10	1	1	1	-0.4	0
chr2:17796433	10	1	10	10	1	1	1	-0.4	0
chr2:17839760	10	1	10	10	1	1	1	-0.4	0
chr2:17903388	10	1	10	10	1	1	1	-0.4	0
chr2:17903388	10	1	10	10	1	1	1	-0.4	0
chr2:17929049	10	1	10	10	1	1	1	-0.4	0
chr2:17934510	10	1	10	10	1	1	1	-0.4	0
chr2:17934510	10	1	10	10	1	1	1	-0.4	0
chr2:17940252	10	1	10	10	1	1	1	-0.4	0
chr2:17940252	10	1	10	10	1	1	1	-0.4	0
chr2:18021082	10	1	10	10	1	1	1	-0.4	0
chr2:18021082	10	1	10	10	1	1	1	-0.4	0
chr2:18029896	10	1	10	10	1	1	1	-0.4	0
chr2:18029896	10	1	10	10	1	1	1	-0.4	0
chr2:18031090	10	1	10	10	1	1	1	-0.4	0
chr2:18045970	10	1	10	10	1	1	1	-0.4	0
chr2:18083393	10	1	10	10	1	1	1	-0.4	0
chr2:18083393	10	1	10	10	1	1	1	-0.4	0
chr2:18184338	10	1	10	10	1	1	1	-0.4	0
chr2:18186388	10	1	10	10	1	1	1	-0.4	0
chr2:18188028	10	1	10	10	1	1	1	-0.4	0
chr2:18233260	10	1	10	10	1	1	1	-0.4	0
chr2:18272508	10	1	10	10	1	1	1	-0.4	0
chr2:18374281	10	1	10	10	1	1	1	-0.4	0
chr2:18374281	10	1	10	10	1	1	1	-0.4	0
chr2:18419311	10	1	10	10	1	1	1	-0.4	0
chr2:18437162	10	1	10	10	1	1	1	-0.4	0
chr2:18438653	10	1	10	10	1	1	1	-0.4	0
chr2:18438653	10	1	10	10	1	1	1	-0.4	0
chr2:18572110	10	1	10	10	1	1	1	-0.4	0
chr2:18742953	10	1	10	10	1	1	1	-0.4	0
chr2:18798268	10	1	10	10	1	1	1	-0.4	0
chr2:18820528	10	1	10	10	1	1	1	-0.4	0
chr2:18820528	10	1	10	10	1	1	1	-0.4	0
chr2:18822374	10	1	10	10	1	1	1	-0.4	0
chr2:18822374	10	1	10	10	1	1	1	-0.4	0
chr2:18822794	10	1	10	10	1	1	1	-0.4	0
chr2:18910725	10	1	10	10	1	1	1	-0.4	0
chr2:18911264	10	1	10	10	1	1	1	-0.4	0
chr2:18911930	10	1	10	10	1	1	1	-0.4	0
chr2:18911930	10	1	10	10	1	1	1	-0.4	0
chr2:18977796	10	1	10	10	1	1	1	-0.4	0
chr2:19072205	10	1	10	10	1	1	1	-0.4	0
chr2:19101128	10	1	10	10	1	1	1	-0.4	0
chr2:19101128	10	1	10	10	1	1	1	-0.4	0
chr2:19139168	10	1	10	10	1	1	1	-0.4	0
chr2:19242321	10	1	10	10	1	1	1	-0.4	0
chr2:19242321	10	1	10	10	1	1	1	-0.4	0
chr2:19262846	10	1	10	10	1	1	1	-0.4	0
chr2:19262846	10	1	10	10	1	1	1	-0.4	0
chr2:19286977	10	1	10	10	1	1	1	-0.4	0
chr2:19307798	10	1	10	10	1	1	1	-0.4	0
chr2:19474075	10	1	10	10	1	1	1	-0.4	0
chr2:19502454	10	1	10	10	1	1	1	-0.4	0
chr2:19502454	10	1	10	10	1	1	1	-0.4	0
chr2:19558788	10	1	10	10	1	1	1	-0.4	0
chr2:19570048	10	1	10	10	1	1	1	-0.4	0
chr2:19587140	10	1	10	10	1	1	1	-0.4	0
chr2:19622027	10	1	10	10	1	1	1	-0.4	0
chr2:19622353	10	1	10	10	1	1	1	-0.4	0
chr2:19670382	10	1	10	10	1	1	1	-0.4	0
chr2:19670382	10	1	10	10	1	1	1	-0.4	0
chr3:41628	10	1	10	10	1	1	1	-0.4	0
chr3:41628	10	1	10	10	1	1	1	-0.4	0
chr3:51675	10	1	10	10	1	1	1	-0.4	0
chr3:198196	10	1	10	10	1	1	1	-0.4	0
chr3:215092	10	1	10	10	1	1	1	-0.4	0
chr3:309446	10	1	10	10	1	1	1	-0.4	0
chr3:361062	10	1	10	10	1	1	1	-0.4	0
chr3:406555	10	1	10	10	1	1	1	-0.4	0
chr3:510645	10	1	10	10	1	1	1	-0.4	0
chr3:510989	10	1	10	10	1	1	1	-0.4	0
chr3:536645	10	1	10	10	1	1	1	-0.4	0
chr3:538452	10	1	10	10	1	1	1	-0.4	0
chr3:538452	10	1	10	10	1	1	1	-0.4	0
chr3:604997	10	1	10	10	1	1	1	-0.4	0
chr3:849866	10	1	10	10	1	1	1	-0.4	0
chr3:849866	10	1	10	10	1	1	1	-0.4	0
chr3:908139	10	1	10	10	1	1	1	-0.4	0
chr3:908139	10	1	10	10	1	1	1	-0.4	0
chr3:908139	10	1	10	10	1	1	1	-0.4	0
chr3:1034726	10	1	10	10	1	1	1	-0.4	0
chr3:1287110	10	1	10	10	1	1	1	-0.4	0
chr3:1287110	10	1	10	10	1	1	1	-0.4	0
chr3:1291748	10	1	10	10	1	1	1	-0.4	0
chr3:1489611	10	1	10	10	1	1	1	-0.4	0
chr3:1491411	10	1	10	10	1	1	1	-0.4	0
chr3:1491411	10	1	10	10	1	1	1	-0.4	0
chr3:1589934	10	1	10	10	1	1	1	-0.4	0
chr3:1589934	10	1	10	10	1	1	1	-0.4	0
chr3:1617316	10	1	10	10	1	1	1	-0.4	0
chr3:1617316	10	1	10	10	1	1	1	-0.4	0
chr3:1649092	10	1	10	10	1	1	1	-0.4	0
chr3:1657946	10	1	10	10	1	1	1	-0.4	0
chr3:1682156	10	1	10	10	1	1	1	-0.4	0
chr3:1959589	10	1	10	10	1	1	1	-0.4	0
chr3:1983954	10	1	10	10	1	1	1	-0.4	0
chr3:1983954	10	1	10	10	1	1	1	-0.4	0
chr3:2007752	10	1	10	10	1	1	1	-0.4	0
chr3:2007752	10	1	10	10	1	1	1	-0.4	0
chr3:2011576	10	1	10	10	1	1	1	-0.4	0
chr3:2011576	10	1	10	10	1	1	1	-0.4	0
chr3:2124115	10	1	10	10	1	1	1	-0.4	0
chr3:2169921	10	1	10	10	1	1	1	-0.4	0
chr3:2169921	10	1	10	10	1	1	1	-0.4	0
chr3:2300539	10	1	10	10	1	1	1	-0.4	0
chr3:2314872	10	1	10	10	1	1	1	-0.4	0
chr3:2366343	10	1	10	10	1	1	1	-0.4	0
chr3:2413727	10	1	10	10	1	1	1	-0.4	0
chr3:2586732	10	1	10	10	1	1	1	-0.4	0
chr3:2587301	10	1	10	10	1	1	1	-0.4	0
chr3:2608548	10	1	10	10	1	1	1	-0.4	0
chr3:2608548	10	1	10	10	1	1	1	-0.4	0
chr3:2717778	10	1	10	10	1	1	1	-0.4	0
chr3:2717778	10	1	10	10	1	1	1	-0.4	0
chr3:2718216	10	1	10	10	1	1	1	-0.4	0
chr3:2718216	10	1	10	10	1	1	1	-0.4	0
chr3:2954145	10	1	10	10	1	1	1	-0.4	0
chr3:2955735	10	1	10	10	1	1	1	-0.4	0
chr3:3098174	10	1	10	10	1	1	1	-0.4	0
chr3:3098174	10	1	10	10	1	1	1	-0.4	0
chr3:3101523	10	1	10	10	1	1	1	-0.4	0
chr3:3101830	10	1	10	10	1	1	1	-0.4	0
chr3:3126574	10	1	10	10	1	1	1	-0.4	0
chr3:3126574	10	1	10	10	1	1	1	-0.4	0
chr3:3128047	10	1	10	10	1	1	1	-0.4	0
chr3:3130282	10	1	10	10	1	1	1	-0.4	0
chr3:3130282	10	1	10	10	1	1	1	-0.4	0
chr3:3130634	10	1	10	10	1	1	1	-0.4	0
chr3:3130634	10	1	10	10	1	1	1	-0.4	0
chr3:3233611	10	1	10	10	1	1	1	-0.4	0
chr3:3277183	10	1	10	10	1	1	1	-0.4	0
chr3:3330891	10	1	10	10	1	1	1	-0.4	0
chr3:3365861	10	1	10	10	1	1	1	-0.4	0
chr3:3366298	10	1	10	10	1	1	1	-0.4	0
chr3:3366298	10	1	10	10	1	1	1	-0.4	0
chr3:3443265	10	1	10	10	1	1	1	-0.4	0
chr3:3444049	10	1	10	10	1	1	1	-0.4	0
chr3:3663931	10	1	10	10	1	1	1	-0.4	0
chr3:3758421	10	1	10	10	1	1	1	-0.4	0
chr3:3758421	10	1	10	10	1	1	1	-0.4	0
chr3:3919563	10	1	10	10	1	1	1	-0.4	0
chr3:4012606	10	1	10	10	1	1	1	-0.4	0
chr3:4049662	10	1	10	10	1	1	1	-0.4	0
chr3:4138212	10	1	10	10	1	1	1	-0.4	0
chr3:4215363	10	1	10	10	1	1	1	-0.4	0
chr3:4216107	10	1	10	10	1	1	1	-0.4	0
chr3:4219503	10	1	10	10	1	1	1	-0.4	0
chr3:4271556	10	1	10	10	1	1	1	-0.4	0
chr3:4290090	10	1	10	10	1	1	1	-0.4	0
chr3:4409612	10	1	10	10	1	1	1	-0.4	0
chr3:4410054	10	1	10	10	1	1	1	-0.4	0
chr3:4410054	10	1	10	10	1	1	1	-0.4	0
chr3:4484004	10	1	10	10	1	1	1	-0.4	0
chr3:4490422	10	1	10	10	1	1	1	-0.4	0
chr3:4511249	10	1	10	10	1	1	1	-0.4	0
chr3:4641862	10	1	10	10	1	1	1	-0.4	0
chr3:4641862	10	1	10	10	1	1	1	-0.4	0
chr3:4660884	10	1	10	10	1	1	1	-0.4	0
chr3:4677595	10	1	10	10	1	1	1	-0.4	0
chr3:4723934	10	1	10	10	1	1	1	-0.4	0
chr3:4773906	10	1	10	10	1	1	1	-0.4	0
chr3:4774558	10	1	10	10	1	1	1	-0.4	0
chr3:4776186	10	1	10	10	1	1	1	-0.4	0
chr3:4821099	10	1	10	10	1	1	1	-0.4	0
chr3:4821099	10	1	10	10	1	1	1	-0.4	0
chr3:4933043	10	1	10	10	1	1	1	-0.4	0
chr3:5062340	10	1	10	10	1	1	1	-0.4	0
chr3:5084035	10	1	10	10	1	1	1	-0.4	0
chr3:5119832	10	1	10	10	1	1	1	-0.4	0
chr3:5119832	10	1	10	10	1	1	1	-0.4	0
chr3:5122718	10	1	10	10	1	1	1	-0.4	0
chr3:5122718	10	1	10	10	1	1	1	-0.4	0
chr3:5124768	10	1	10	10	1	1	1	-0.4	0
chr3:5124768	10	1	10	10	1	1	1	-0.4	0
chr3:5125552	10	1	10	10	1	1	1	-0.4	0
chr3:5182406	10	1	10	10	1	1	1	-0.4	0
chr3:5223200	10	1	10	10	1	1	1	-0.4	0
chr3:5234461	10	1	10	10	1	1	1	-0.4	0
chr3:5252779	10	1	10	10	1	1	1	-0.4	0
chr3:5339936	10	1	10	10	1	1	1	-0.4	0
chr3:5358728	10	1	10	10	1	1	1	-0.4	0
chr3:5455956	10	1	10	10	1	1	1	-0.4	0
chr3:5468351	10	1	10	10	1	1	1	-0.4	0
chr3:5548076	10	1	10	10	1	1	1	-0.4	0
chr3:5617301	10	1	10	10	1	1	1	-0.4	0
chr3:5645130	10	1	10	10	1	1	1	-0.4	0
chr3:5808598	10	1	10	10	1	1	1	-0.4	0
chr3:5834296	10	1	10	10	1	1	1	-0.4	0
chr3:6133427	10	1	10	10	1	1	1	-0.4	0
chr3:6183118	10	1	10	10	1	1	1	-0.4	0
chr3:6190762	10	1	10	10	1	1	1	-0.4	0
chr3:6190762	10	1	10	10	1	1	1	-0.4	0
chr3:6199713	10	1	10	10	1	1	1	-0.4	0
chr3:6199713	10	1	10	10	1	1	1	-0.4	0
chr3:6240875	10	1	10	10	1	1	1	-0.4	0
chr3:6251561	10	1	10	10	1	1	1	-0.4	0
chr3:6251561	10	1	10	10	1	1	1	-0.4	0
chr3:6373317	10	1	10	10	1	1	1	-0.4	0
chr3:6375102	10	1	10	10	1	1	1	-0.4	0
chr3:6375959	10	1	10	10	1	1	1	-0.4	0
chr3:6375959	10	1	10	10	1	1	1	-0.4	0
chr3:6377332	10	1	10	10	1	1	1	-0.4	0
chr3:6380732	10	1	10	10	1	1	1	-0.4	0
chr3:6380732	10	1	10	10	1	1	1	-0.4	0
chr3:6381072	10	1	10	10	1	1	1	-0.4	0
chr3:6453434	10	1	10	10	1	1	1	-0.4	0
chr3:6538384	10	1	10	10	1	1	1	-0.4	0
chr3:6767707	10	1	10	10	1	1	1	-0.4	0
chr3:6783773	10	1	10	10	1	1	1	-0.4	0
chr3:6803722	10	1	10	10	1	1	1	-0.4	0
chr3:6827957	10	1	10	10	1	1	1	-0.4	0
chr3:6827957	10	1	10	10	1	1	1	-0.4	0
chr3:7104415	10	1	10	10	1	1	1	-0.4	0
chr3:7113946	10	1	10	10	1	1	1	-0.4	0
chr3:7473755	10	1	10	10	1	1	1	-0.4	0
chr3:7503676	10	1	10	10	1	1	1	-0.4	0
chr3:7503676	10	1	10	10	1	1	1	-0.4	0
chr3:7597418	10	1	10	10	1	1	1	-0.4	0
chr3:7652345	10	1	10	10	1	1	1	-0.4	0
chr3:7653093	10	1	10	10	1	1	1	-0.4	0
chr3:7653540	10	1	10	10	1	1	1	-0.4	0
chr3:7654397	10	1	10	10	1	1	1	-0.4	0
chr3:7654397	10	1	10	10	1	1	1	-0.4	0
chr3:7655474	10	1	10	10	1	1	1	-0.4	0
chr3:7665691	10	1	10	10	1	1	1	-0.4	0
chr3:7794900	10	1	10	10	1	1	1	-0.4	0
chr3:7794900	10	1	10	10	1	1	1	-0.4	0
chr3:7795634	10	1	10	10	1	1	1	-0.4	0
chr3:7796166	10	1	10	10	1	1	1	-0.4	0
chr3:7797994	10	1	10	10	1	1	1	-0.4	0
chr3:7797994	10	1	10	10	1	1	1	-0.4	0
chr3:7915205	10	1	10	10	1	1	1	-0.4	0
chr3:7919798	10	1	10	10	1	1	1	-0.4	0
chr3:7919798	10	1	10	10	1	1	1	-0.4	0
chr3:7935984	10	1	10	10	1	1	1	-0.4	0
chr3:7990433	10	1	10	10	1	1	1	-0.4	0
chr3:8073881	10	1	10	10	1	1	1	-0.4	0
chr3:8104460	10	1	10	10	1	1	1	-0.4	0
chr3:8104460	10	1	10	10	1	1	1	-0.4	0
chr3:8109004	10	1	10	10	1	1	1	-0.4	0
chr3:8109519	10	1	10	10	1	1	1	-0.4	0
chr3:8180861	10	1	10	10	1	1	1	-0.4	0
chr3:8181946	10	1	10	10	1	1	1	-0.4	0
chr3:8181946	10	1	10	10	1	1	1	-0.4	0
chr3:8296099	10	1	10	10	1	1	1	-0.4	0
chr3:8296099	10	1	10	10	1	1	1	-0.4	0
chr3:8296099	10	1	10	10	1	1	1	-0.4	0
chr3:8404597	10	1	10	10	1	1	1	-0.4	0
chr3:8451498	10	1	10	10	1	1	1	-0.4	0
chr3:8451498	10	1	10	10	1	1	1	-0.4	0
chr3:8451498	10	1	10	10	1	1	1	-0.4	0
chr3:8531191	10	1	10	10	1	1	1	-0.4	0
chr3:8566762	10	1	10	10	1	1	1	-0.4	0
chr3:8566762	10	1	10	10	1	1	1	-0.4	0
chr3:8594664	10	1	10	10	1	1	1	-0.4	0
chr3:8621661	10	1	10	10	1	1	1	-0.4	0
chr3:8646502	10	1	10	10	1	1	1	-0.4	0
chr3:8648768	10	1	10	10	1	1	1	-0.4	0
chr3:8648768	10	1	10	10	1	1	1	-0.4	0
chr3:8686515	10	1	10	10	1	1	1	-0.4	0
chr3:8687194	10	1	10	10	1	1	1	-0.4	0
chr3:8878378	10	1	10	10	1	1	1	-0.4	0
chr3:8943219	10	1	10	10	1	1	1	-0.4	0
chr3:8979469	10	1	10	10	1	1	1	-0.4	0
chr3:9132145	10	1	10	10	1	1	1	-0.4	0
chr3:9132145	10	1	10	10	1	1	1	-0.4	0
chr3:9195138	10	1	10	10	1	1	1	-0.4	0
chr3:9223995	10	1	10	10	1	1	1	-0.4	0
chr3:9269088	10	1	10	10	1	1	1	-0.4	0
chr3:9307740	10	1	10	10	1	1	1	-0.4	0
chr3:9359718	10	1	10	10	1	1	1	-0.4	0
chr3:9419617	10	1	10	10	1	1	1	-0.4	0
chr3:9419617	10	1	10	10	1	1	1	-0.4	0
chr3:9419617	10	1	10	10	1	1	1	-0.4	0
chr3:9464162	10	1	10	10	1	1	1	-0.4	0
chr3:9472503	10	1	10	10	1	1	1	-0.4	0
chr3:9472503	10	1	10	10	1	1	1	-0.4	0
chr3:9585365	10	1	10	10	1	1	1	-0.4	0
chr3:9591892	10	1	10	10	1	1	1	-0.4	0
chr3:9629018	10	1	10	10	1	1	1	-0.4	0
chr3:9711408	10	1	10	10	1	1	1	-0.4	0
chr3:9711408	10	1	10	10	1	1	1	-0.4	0
chr3:9717164	10	1	10	10	1	1	1	-0.4	0
chr3:9717164	10	1	10	10	1	1	1	-0.4	0
chr3:9722546	10	1	10	10	1	1	1	-0.4	0
chr3:9723600	10	1	10	10	1	1	1	-0.4	0
chr3:9764317	10	1	10	10	1	1	1	-0.4	0
chr3:9783445	10	1	10	10	1	1	1	-0.4	0
chr3:10256615	10	1	10	10	1	1	1	-0.4	0
chr3:10318712	10	1	10	10	1	1	1	-0.4	0
chr3:10384078	10	1	10	10	1	1	1	-0.4	0
chr3:10588460	10	1	10	10	1	1	1	-0.4	0
chr3:11192782	10	1	10	10	1	1	1	-0.4	0
chr3:11655629	10	1	10	10	1	1	1	-0.4	0
chr3:11790646	10	1	10	10	1	1	1	-0.4	0
chr3:11814042	10	1	10	10	1	1	1	-0.4	0
chr3:12453987	10	1	10	10	1	1	1	-0.4	0
chr3:12453987	10	1	10	10	1	1	1	-0.4	0
chr3:12560126	10	1	10	10	1	1	1	-0.4	0
chr3:13587048	10	1	10	10	1	1	1	-0.4	0
chr3:13587352	10	1	10	10	1	1	1	-0.4	0
chr3:13587689	10	1	10	10	1	1	1	-0.4	0
chr3:13587689	10	1	10	10	1	1	1	-0.4	0
chr3:13587689	10	1	10	10	1	1	1	-0.4	0
chr3:13588877	10	1	10	10	1	1	1	-0.4	0
chr3:13589275	10	1	10	10	1	1	1	-0.4	0
chr3:13589275	10	1	10	10	1	1	1	-0.4	0
chr3:13589275	10	1	10	10	1	1	1	-0.4	0
chr3:13590865	10	1	10	10	1	1	1	-0.4	0
chr3:13590865	10	1	10	10	1	1	1	-0.4	0
chr3:13590865	10	1	10	10	1	1	1	-0.4	0
chr3:13591487	10	1	10	10	1	1	1	-0.4	0
chr3:13591487	10	1	10	10	1	1	1	-0.4	0
chr3:13591487	10	1	10	10	1	1	1	-0.4	0
chr3:13591700	10	1	10	10	1	1	1	-0.4	0
chr3:13591700	10	1	10	10	1	1	1	-0.4	0
chr3:13591700	10	1	10	10	1	1	1	-0.4	0
chr3:13591798	10	1	10	10	1	1	1	-0.4	0
chr3:13591798	10	1	10	10	1	1	1	-0.4	0
chr3:13591798	10	1	10	10	1	1	1	-0.4	0
chr3:13709814	10	1	10	10	1	1	1	-0.4	0
chr3:13853930	10	1	10	10	1	1	1	-0.4	0
chr3:14095483	10	1	10	10	1	1	1	-0.4	0
chr3:14194356	10	1	10	10	1	1	1	-0.4	0
chr3:14195799	10	1	10	10	1	1	1	-0.4	0
chr3:14195799	10	1	10	10	1	1	1	-0.4	0
chr3:14195799	10	1	10	10	1	1	1	-0.4	0
chr3:14196027	10	1	10	10	1	1	1	-0.4	0
chr3:14196027	10	1	10	10	1	1	1	-0.4	0
chr3:14196027	10	1	10	10	1	1	1	-0.4	0
chr3:14196694	10	1	10	10	1	1	1	-0.4	0
chr3:14196694	10	1	10	10	1	1	1	-0.4	0
chr3:14196694	10	1	10	10	1	1	1	-0.4	0
chr3:14196814	10	1	10	10	1	1	1	-0.4	0
chr3:14196814	10	1	10	10	1	1	1	-0.4	0
chr3:14196814	10	1	10	10	1	1	1	-0.4	0
chr3:14197396	10	1	10	10	1	1	1	-0.4	0
chr3:14197396	10	1	10	10	1	1	1	-0.4	0
chr3:14197396	10	1	10	10	1	1	1	-0.4	0
chr3:14198164	10	1	10	10	1	1	1	-0.4	0
chr3:14198164	10	1	10	10	1	1	1	-0.4	0
chr3:14198164	10	1	10	10	1	1	1	-0.4	0
chr3:14199002	10	1	10	10	1	1	1	-0.4	0
chr3:14199646	10	1	10	10	1	1	1	-0.4	0
chr3:14199646	10	1	10	10	1	1	1	-0.4	0
chr3:14199646	10	1	10	10	1	1	1	-0.4	0
chr3:14200079	10	1	10	10	1	1	1	-0.4	0
chr3:14200079	10	1	10	10	1	1	1	-0.4	0
chr3:14200079	10	1	10	10	1	1	1	-0.4	0
chr3:14201059	10	1	10	10	1	1	1	-0.4	0
chr3:14201059	10	1	10	10	1	1	1	-0.4	0
chr3:14201687	10	1	10	10	1	1	1	-0.4	0
chr3:14201687	10	1	10	10	1	1	1	-0.4	0
chr3:14201687	10	1	10	10	1	1	1	-0.4	0
chr3:14202136	10	1	10	10	1	1	1	-0.4	0
chr3:14202136	10	1	10	10	1	1	1	-0.4	0
chr3:14202136	10	1	10	10	1	1	1	-0.4	0
chr3:14202196	10	1	10	10	1	1	1	-0.4	0
chr3:14202196	10	1	10	10	1	1	1	-0.4	0
chr3:14202196	10	1	10	10	1	1	1	-0.4	0
chr3:14202813	10	1	10	10	1	1	1	-0.4	0
chr3:14202813	10	1	10	10	1	1	1	-0.4	0
chr3:15186554	10	1	10	10	1	1	1	-0.4	0
chr3:15952412	10	1	10	10	1	1	1	-0.4	0
chr3:16447271	10	1	10	10	1	1	1	-0.4	0
chr3:16448027	10	1	10	10	1	1	1	-0.4	0
chr3:16475726	10	1	10	10	1	1	1	-0.4	0
chr3:16599294	10	1	10	10	1	1	1	-0.4	0
chr3:16599294	10	1	10	10	1	1	1	-0.4	0
chr3:16669558	10	1	10	10	1	1	1	-0.4	0
chr3:16699913	10	1	10	10	1	1	1	-0.4	0
chr3:16790827	10	1	10	10	1	1	1	-0.4	0
chr3:16815220	10	1	10	10	1	1	1	-0.4	0
chr3:16815220	10	1	10	10	1	1	1	-0.4	0
chr3:17137848	10	1	10	10	1	1	1	-0.4	0
chr3:17157817	10	1	10	10	1	1	1	-0.4	0
chr3:17157817	10	1	10	10	1	1	1	-0.4	0
chr3:17255116	10	1	10	10	1	1	1	-0.4	0
chr3:17255116	10	1	10	10	1	1	1	-0.4	0
chr3:17478536	10	1	10	10	1	1	1	-0.4	0
chr3:17478536	10	1	10	10	1	1	1	-0.4	0
chr3:17493244	10	1	10	10	1	1	1	-0.4	0
chr3:17493244	10	1	10	10	1	1	1	-0.4	0
chr3:17494495	10	1	10	10	1	1	1	-0.4	0
chr3:17739790	10	1	10	10	1	1	1	-0.4	0
chr3:18122150	10	1	10	10	1	1	1	-0.4	0
chr3:18126577	10	1	10	10	1	1	1	-0.4	0
chr3:18211636	10	1	10	10	1	1	1	-0.4	0
chr3:18238530	10	1	10	10	1	1	1	-0.4	0
chr3:18373961	10	1	10	10	1	1	1	-0.4	0
chr3:18392944	10	1	10	10	1	1	1	-0.4	0
chr3:18392944	10	1	10	10	1	1	1	-0.4	0
chr3:18392944	10	1	10	10	1	1	1	-0.4	0
chr3:18468008	10	1	10	10	1	1	1	-0.4	0
chr3:18471125	10	1	10	10	1	1	1	-0.4	0
chr3:18516132	10	1	10	10	1	1	1	-0.4	0
chr3:18516132	10	1	10	10	1	1	1	-0.4	0
chr3:18635045	10	1	10	10	1	1	1	-0.4	0
chr3:18651500	10	1	10	10	1	1	1	-0.4	0
chr3:18657605	10	1	10	10	1	1	1	-0.4	0
chr3:18707034	10	1	10	10	1	1	1	-0.4	0
chr3:18821980	10	1	10	10	1	1	1	-0.4	0
chr3:18821980	10	1	10	10	1	1	1	-0.4	0
chr3:18855457	10	1	10	10	1	1	1	-0.4	0
chr3:18881989	10	1	10	10	1	1	1	-0.4	0
chr3:18883325	10	1	10	10	1	1	1	-0.4	0
chr3:18892302	10	1	10	10	1	1	1	-0.4	0
chr3:18893625	10	1	10	10	1	1	1	-0.4	0
chr3:19078604	10	1	10	10	1	1	1	-0.4	0
chr3:19158832	10	1	10	10	1	1	1	-0.4	0
chr3:19210770	10	1	10	10	1	1	1	-0.4	0
chr3:19210770	10	1	10	10	1	1	1	-0.4	0
chr3:19312768	10	1	10	10	1	1	1	-0.4	0
chr3:19406934	10	1	10	10	1	1	1	-0.4	0
chr3:19535156	10	1	10	10	1	1	1	-0.4	0
chr3:19542937	10	1	10	10	1	1	1	-0.4	0
chr3:19807266	10	1	10	10	1	1	1	-0.4	0
chr3:19819502	10	1	10	10	1	1	1	-0.4	0
chr3:19956130	10	1	10	10	1	1	1	-0.4	0
chr3:20148006	10	1	10	10	1	1	1	-0.4	0
chr3:20301571	10	1	10	10	1	1	1	-0.4	0
chr3:20301571	10	1	10	10	1	1	1	-0.4	0
chr3:20339866	10	1	10	10	1	1	1	-0.4	0
chr3:20340272	10	1	10	10	1	1	1	-0.4	0
chr3:20340876	10	1	10	10	1	1	1	-0.4	0
chr3:20346805	10	1	10	10	1	1	1	-0.4	0
chr3:20573823	10	1	10	10	1	1	1	-0.4	0
chr3:20603572	10	1	10	10	1	1	1	-0.4	0
chr3:20603840	10	1	10	10	1	1	1	-0.4	0
chr3:20605243	10	1	10	10	1	1	1	-0.4	0
chr3:20624442	10	1	10	10	1	1	1	-0.4	0
chr3:20634214	10	1	10	10	1	1	1	-0.4	0
chr3:20634214	10	1	10	10	1	1	1	-0.4	0
chr3:20634214	10	1	10	10	1	1	1	-0.4	0
chr3:20667017	10	1	10	10	1	1	1	-0.4	0
chr3:20855862	10	1	10	10	1	1	1	-0.4	0
chr3:20855862	10	1	10	10	1	1	1	-0.4	0
chr3:21007830	10	1	10	10	1	1	1	-0.4	0
chr3:21007830	10	1	10	10	1	1	1	-0.4	0
chr3:21020462	10	1	10	10	1	1	1	-0.4	0
chr3:21059852	10	1	10	10	1	1	1	-0.4	0
chr3:21059852	10	1	10	10	1	1	1	-0.4	0
chr3:21076635	10	1	10	10	1	1	1	-0.4	0
chr3:21121228	10	1	10	10	1	1	1	-0.4	0
chr3:21121228	10	1	10	10	1	1	1	-0.4	0
chr3:21216458	10	1	10	10	1	1	1	-0.4	0
chr3:21217374	10	1	10	10	1	1	1	-0.4	0
chr3:21236390	10	1	10	10	1	1	1	-0.4	0
chr3:21262595	10	1	10	10	1	1	1	-0.4	0
chr3:21343904	10	1	10	10	1	1	1	-0.4	0
chr3:21421441	10	1	10	10	1	1	1	-0.4	0
chr3:21671540	10	1	10	10	1	1	1	-0.4	0
chr3:21679006	10	1	10	10	1	1	1	-0.4	0
chr3:21679006	10	1	10	10	1	1	1	-0.4	0
chr3:21680217	10	1	10	10	1	1	1	-0.4	0
chr3:21715603	10	1	10	10	1	1	1	-0.4	0
chr3:21832383	10	1	10	10	1	1	1	-0.4	0
chr3:21948816	10	1	10	10	1	1	1	-0.4	0
chr3:21995512	10	1	10	10	1	1	1	-0.4	0
chr3:22090619	10	1	10	10	1	1	1	-0.4	0
chr3:22143703	10	1	10	10	1	1	1	-0.4	0
chr3:22186625	10	1	10	10	1	1	1	-0.4	0
chr3:22248801	10	1	10	10	1	1	1	-0.4	0
chr3:22291620	10	1	10	10	1	1	1	-0.4	0
chr3:22291620	10	1	10	10	1	1	1	-0.4	0
chr3:22295206	10	1	10	10	1	1	1	-0.4	0
chr3:22296205	10	1	10	10	1	1	1	-0.4	0
chr3:22320106	10	1	10	10	1	1	1	-0.4	0
chr3:22328024	10	1	10	10	1	1	1	-0.4	0
chr3:22331775	10	1	10	10	1	1	1	-0.4	0
chr3:22374373	10	1	10	10	1	1	1	-0.4	0
chr3:22412124	10	1	10	10	1	1	1	-0.4	0
chr3:22417384	10	1	10	10	1	1	1	-0.4	0
chr3:22417384	10	1	10	10	1	1	1	-0.4	0
chr3:22566630	10	1	10	10	1	1	1	-0.4	0
chr3:22581217	10	1	10	10	1	1	1	-0.4	0
chr3:22670898	10	1	10	10	1	1	1	-0.4	0
chr3:22670898	10	1	10	10	1	1	1	-0.4	0
chr3:22712142	10	1	10	10	1	1	1	-0.4	0
chr3:22712142	10	1	10	10	1	1	1	-0.4	0
chr3:22726409	10	1	10	10	1	1	1	-0.4	0
chr3:22732351	10	1	10	10	1	1	1	-0.4	0
chr3:22732351	10	1	10	10	1	1	1	-0.4	0
chr3:22734033	10	1	10	10	1	1	1	-0.4	0
chr3:22734370	10	1	10	10	1	1	1	-0.4	0
chr3:22734978	10	1	10	10	1	1	1	-0.4	0
chr3:22734978	10	1	10	10	1	1	1	-0.4	0
chr3:22735282	10	1	10	10	1	1	1	-0.4	0
chr3:22735282	10	1	10	10	1	1	1	-0.4	0
chr3:22744469	10	1	10	10	1	1	1	-0.4	0
chr3:22747454	10	1	10	10	1	1	1	-0.4	0
chr3:22747454	10	1	10	10	1	1	1	-0.4	0
chr3:22776378	10	1	10	10	1	1	1	-0.4	0
chr3:22776378	10	1	10	10	1	1	1	-0.4	0
chr3:22794280	10	1	10	10	1	1	1	-0.4	0
chr3:22834965	10	1	10	10	1	1	1	-0.4	0
chr3:22839249	10	1	10	10	1	1	1	-0.4	0
chr3:22887178	10	1	10	10	1	1	1	-0.4	0
chr3:22947859	10	1	10	10	1	1	1	-0.4	0
chr3:23036988	10	1	10	10	1	1	1	-0.4	0
chr3:23038336	10	1	10	10	1	1	1	-0.4	0
chr3:23301273	10	1	10	10	1	1	1	-0.4	0
chr3:23347081	10	1	10	10	1	1	1	-0.4	0
chr3:23389113	10	1	10	10	1	1	1	-0.4	0
chr3:23410708	10	1	10	10	1	1	1	-0.4	0
chr3:23411760	10	1	10	10	1	1	1	-0.4	0
chr4:145452	10	1	10	10	1	1	1	-0.4	0
chr4:145452	10	1	10	10	1	1	1	-0.4	0
chr4:162152	10	1	10	10	1	1	1	-0.4	0
chr4:162545	10	1	10	10	1	1	1	-0.4	0
chr4:297293	10	1	10	10	1	1	1	-0.4	0
chr4:299232	10	1	10	10	1	1	1	-0.4	0
chr4:477226	10	1	10	10	1	1	1	-0.4	0
chr4:485029	10	1	10	10	1	1	1	-0.4	0
chr4:525249	10	1	10	10	1	1	1	-0.4	0
chr4:525249	10	1	10	10	1	1	1	-0.4	0
chr4:550349	10	1	10	10	1	1	1	-0.4	0
chr4:550349	10	1	10	10	1	1	1	-0.4	0
chr4:659901	10	1	10	10	1	1	1	-0.4	0
chr4:659901	10	1	10	10	1	1	1	-0.4	0
chr4:744113	10	1	10	10	1	1	1	-0.4	0
chr4:972465	10	1	10	10	1	1	1	-0.4	0
chr4:1046452	10	1	10	10	1	1	1	-0.4	0
chr4:1072479	10	1	10	10	1	1	1	-0.4	0
chr4:1229243	10	1	10	10	1	1	1	-0.4	0
chr4:1229937	10	1	10	10	1	1	1	-0.4	0
chr4:1308608	10	1	10	10	1	1	1	-0.4	0
chr4:1308608	10	1	10	10	1	1	1	-0.4	0
chr4:1407698	10	1	10	10	1	1	1	-0.4	0
chr4:1415538	10	1	10	10	1	1	1	-0.4	0
chr4:1445828	10	1	10	10	1	1	1	-0.4	0
chr4:2346277	10	1	10	10	1	1	1	-0.4	0
chr4:2349923	10	1	10	10	1	1	1	-0.4	0
chr4:2537085	10	1	10	10	1	1	1	-0.4	0
chr4:2588925	10	1	10	10	1	1	1	-0.4	0
chr4:2593946	10	1	10	10	1	1	1	-0.4	0
chr4:2718394	10	1	10	10	1	1	1	-0.4	0
chr4:2718394	10	1	10	10	1	1	1	-0.4	0
chr4:2718863	10	1	10	10	1	1	1	-0.4	0
chr4:2718863	10	1	10	10	1	1	1	-0.4	0
chr4:3054459	10	1	10	10	1	1	1	-0.4	0
chr4:3054794	10	1	10	10	1	1	1	-0.4	0
chr4:3054794	10	1	10	10	1	1	1	-0.4	0
chr4:3950638	10	1	10	10	1	1	1	-0.4	0
chr4:3950638	10	1	10	10	1	1	1	-0.4	0
chr4:3951204	10	1	10	10	1	1	1	-0.4	0
chr4:3951204	10	1	10	10	1	1	1	-0.4	0
chr4:3951204	10	1	10	10	1	1	1	-0.4	0
chr4:3951289	10	1	10	10	1	1	1	-0.4	0
chr4:3951289	10	1	10	10	1	1	1	-0.4	0
chr4:3951289	10	1	10	10	1	1	1	-0.4	0
chr4:3951913	10	1	10	10	1	1	1	-0.4	0
chr4:3952977	10	1	10	10	1	1	1	-0.4	0
chr4:3952977	10	1	10	10	1	1	1	-0.4	0
chr4:3953570	10	1	10	10	1	1	1	-0.4	0
chr4:3953570	10	1	10	10	1	1	1	-0.4	0
chr4:3953570	10	1	10	10	1	1	1	-0.4	0
chr4:3954074	10	1	10	10	1	1	1	-0.4	0
chr4:3954678	10	1	10	10	1	1	1	-0.4	0
chr4:3954678	10	1	10	10	1	1	1	-0.4	0
chr4:3954678	10	1	10	10	1	1	1	-0.4	0
chr4:3965732	10	1	10	10	1	1	1	-0.4	0
chr4:3965732	10	1	10	10	1	1	1	-0.4	0
chr4:3966540	10	1	10	10	1	1	1	-0.4	0
chr4:3966540	10	1	10	10	1	1	1	-0.4	0
chr4:3969212	10	1	10	10	1	1	1	-0.4	0
chr4:3974764	10	1	10	10	1	1	1	-0.4	0
chr4:3974764	10	1	10	10	1	1	1	-0.4	0
chr4:3977735	10	1	10	10	1	1	1	-0.4	0
chr4:3978681	10	1	10	10	1	1	1	-0.4	0
chr4:3979442	10	1	10	10	1	1	1	-0.4	0
chr4:3979442	10	1	10	10	1	1	1	-0.4	0
chr4:3982513	10	1	10	10	1	1	1	-0.4	0
chr4:3987516	10	1	10	10	1	1	1	-0.4	0
chr4:3987516	10	1	10	10	1	1	1	-0.4	0
chr4:3987516	10	1	10	10	1	1	1	-0.4	0
chr4:3994983	10	1	10	10	1	1	1	-0.4	0
chr4:4000741	10	1	10	10	1	1	1	-0.4	0
chr4:4005979	10	1	10	10	1	1	1	-0.4	0
chr4:4007336	10	1	10	10	1	1	1	-0.4	0
chr4:4009476	10	1	10	10	1	1	1	-0.4	0
chr4:4009808	10	1	10	10	1	1	1	-0.4	0
chr4:4009808	10	1	10	10	1	1	1	-0.4	0
chr4:4009808	10	1	10	10	1	1	1	-0.4	0
chr4:4073652	10	1	10	10	1	1	1	-0.4	0
chr4:4074659	10	1	10	10	1	1	1	-0.4	0
chr4:4074659	10	1	10	10	1	1	1	-0.4	0
chr4:4201092	10	1	10	10	1	1	1	-0.4	0
chr4:4644496	10	1	10	10	1	1	1	-0.4	0
chr4:5736692	10	1	10	10	1	1	1	-0.4	0
chr4:5736692	10	1	10	10	1	1	1	-0.4	0
chr4:5740686	10	1	10	10	1	1	1	-0.4	0
chr4:5740686	10	1	10	10	1	1	1	-0.4	0
chr4:5740918	10	1	10	10	1	1	1	-0.4	0
chr4:5740918	10	1	10	10	1	1	1	-0.4	0
chr4:5741097	10	1	10	10	1	1	1	-0.4	0
chr4:5741097	10	1	10	10	1	1	1	-0.4	0
chr4:6102022	10	1	10	10	1	1	1	-0.4	0
chr4:6355749	10	1	10	10	1	1	1	-0.4	0
chr4:6355749	10	1	10	10	1	1	1	-0.4	0
chr4:6370014	10	1	10	10	1	1	1	-0.4	0
chr4:6370014	10	1	10	10	1	1	1	-0.4	0
chr4:6370014	10	1	10	10	1	1	1	-0.4	0
chr4:6408516	10	1	10	10	1	1	1	-0.4	0
chr4:6905989	10	1	10	10	1	1	1	-0.4	0
chr4:6999806	10	1	10	10	1	1	1	-0.4	0
chr4:7043613	10	1	10	10	1	1	1	-0.4	0
chr4:7140472	10	1	10	10	1	1	1	-0.4	0
chr4:7349471	10	1	10	10	1	1	1	-0.4	0
chr4:7517068	10	1	10	10	1	1	1	-0.4	0
chr4:7522722	10	1	10	10	1	1	1	-0.4	0
chr4:7585778	10	1	10	10	1	1	1	-0.4	0
chr4:7585778	10	1	10	10	1	1	1	-0.4	0
chr4:7589723	10	1	10	10	1	1	1	-0.4	0
chr4:7658251	10	1	10	10	1	1	1	-0.4	0
chr4:7759718	10	1	10	10	1	1	1	-0.4	0
chr4:7786237	10	1	10	10	1	1	1	-0.4	0
chr4:7787357	10	1	10	10	1	1	1	-0.4	0
chr4:7900730	10	1	10	10	1	1	1	-0.4	0
chr4:7968906	10	1	10	10	1	1	1	-0.4	0
chr4:7968906	10	1	10	10	1	1	1	-0.4	0
chr4:8137657	10	1	10	10	1	1	1	-0.4	0
chr4:8140044	10	1	10	10	1	1	1	-0.4	0
chr4:8190052	10	1	10	10	1	1	1	-0.4	0
chr4:8190052	10	1	10	10	1	1	1	-0.4	0
chr4:8200507	10	1	10	10	1	1	1	-0.4	0
chr4:8233881	10	1	10	10	1	1	1	-0.4	0
chr4:8233881	10	1	10	10	1	1	1	-0.4	0
chr4:8426531	10	1	10	10	1	1	1	-0.4	0
chr4:8434645	10	1	10	10	1	1	1	-0.4	0
chr4:8459481	10	1	10	10	1	1	1	-0.4	0
chr4:8523824	10	1	10	10	1	1	1	-0.4	0
chr4:8572151	10	1	10	10	1	1	1	-0.4	0
chr4:8687895	10	1	10	10	1	1	1	-0.4	0
chr4:8694789	10	1	10	10	1	1	1	-0.4	0
chr4:8694789	10	1	10	10	1	1	1	-0.4	0
chr4:8713506	10	1	10	10	1	1	1	-0.4	0
chr4:8880868	10	1	10	10	1	1	1	-0.4	0
chr4:8880868	10	1	10	10	1	1	1	-0.4	0
chr4:9028546	10	1	10	10	1	1	1	-0.4	0
chr4:9128335	10	1	10	10	1	1	1	-0.4	0
chr4:9202278	10	1	10	10	1	1	1	-0.4	0
chr4:9202278	10	1	10	10	1	1	1	-0.4	0
chr4:9250472	10	1	10	10	1	1	1	-0.4	0
chr4:9254864	10	1	10	10	1	1	1	-0.4	0
chr4:9255629	10	1	10	10	1	1	1	-0.4	0
chr4:9255629	10	1	10	10	1	1	1	-0.4	0
chr4:9255870	10	1	10	10	1	1	1	-0.4	0
chr4:9255870	10	1	10	10	1	1	1	-0.4	0
chr4:9406714	10	1	10	10	1	1	1	-0.4	0
chr4:9406714	10	1	10	10	1	1	1	-0.4	0
chr4:9421388	10	1	10	10	1	1	1	-0.4	0
chr4:9516517	10	1	10	10	1	1	1	-0.4	0
chr4:9556334	10	1	10	10	1	1	1	-0.4	0
chr4:9557562	10	1	10	10	1	1	1	-0.4	0
chr4:9557562	10	1	10	10	1	1	1	-0.4	0
chr4:9669184	10	1	10	10	1	1	1	-0.4	0
chr4:9669184	10	1	10	10	1	1	1	-0.4	0
chr4:9759746	10	1	10	10	1	1	1	-0.4	0
chr4:9759746	10	1	10	10	1	1	1	-0.4	0
chr4:10003842	10	1	10	10	1	1	1	-0.4	0
chr4:10201690	10	1	10	10	1	1	1	-0.4	0
chr4:10225113	10	1	10	10	1	1	1	-0.4	0
chr4:10275939	10	1	10	10	1	1	1	-0.4	0
chr4:10296201	10	1	10	10	1	1	1	-0.4	0
chr4:10476801	10	1	10	10	1	1	1	-0.4	0
chr4:10649997	10	1	10	10	1	1	1	-0.4	0
chr4:10649997	10	1	10	10	1	1	1	-0.4	0
chr4:10649997	10	1	10	10	1	1	1	-0.4	0
chr4:11007022	10	1	10	10	1	1	1	-0.4	0
chr4:11034169	10	1	10	10	1	1	1	-0.4	0
chr4:11236450	10	1	10	10	1	1	1	-0.4	0
chr4:11236450	10	1	10	10	1	1	1	-0.4	0
chr4:11335793	10	1	10	10	1	1	1	-0.4	0
chr4:11416821	10	1	10	10	1	1	1	-0.4	0
chr4:11416821	10	1	10	10	1	1	1	-0.4	0
chr4:11622554	10	1	10	10	1	1	1	-0.4	0
chr4:11622554	10	1	10	10	1	1	1	-0.4	0
chr4:11627230	10	1	10	10	1	1	1	-0.4	0
chr4:11627230	10	1	10	10	1	1	1	-0.4	0
chr4:11647118	10	1	10	10	1	1	1	-0.4	0
chr4:11649243	10	1	10	10	1	1	1	-0.4	0
chr4:11657154	10	1	10	10	1	1	1	-0.4	0
chr4:12074920	10	1	10	10	1	1	1	-0.4	0
chr4:12074920	10	1	10	10	1	1	1	-0.4	0
chr4:12086692	10	1	10	10	1	1	1	-0.4	0
chr4:12167119	10	1	10	10	1	1	1	-0.4	0
chr4:12171412	10	1	10	10	1	1	1	-0.4	0
chr4:12261258	10	1	10	10	1	1	1	-0.4	0
chr4:12261258	10	1	10	10	1	1	1	-0.4	0
chr4:12287282	10	1	10	10	1	1	1	-0.4	0
chr4:12293620	10	1	10	10	1	1	1	-0.4	0
chr4:12333033	10	1	10	10	1	1	1	-0.4	0
chr4:12497095	10	1	10	10	1	1	1	-0.4	0
chr4:12537008	10	1	10	10	1	1	1	-0.4	0
chr4:12564015	10	1	10	10	1	1	1	-0.4	0
chr4:12609482	10	1	10	10	1	1	1	-0.4	0
chr4:12609482	10	1	10	10	1	1	1	-0.4	0
chr4:12883864	10	1	10	10	1	1	1	-0.4	0
chr4:12884316	10	1	10	10	1	1	1	-0.4	0
chr4:12885654	10	1	10	10	1	1	1	-0.4	0
chr4:12886051	10	1	10	10	1	1	1	-0.4	0
chr4:12899714	10	1	10	10	1	1	1	-0.4	0
chr4:13023730	10	1	10	10	1	1	1	-0.4	0
chr4:13099602	10	1	10	10	1	1	1	-0.4	0
chr4:13196476	10	1	10	10	1	1	1	-0.4	0
chr4:13196476	10	1	10	10	1	1	1	-0.4	0
chr4:13250250	10	1	10	10	1	1	1	-0.4	0
chr4:13320784	10	1	10	10	1	1	1	-0.4	0
chr4:13460947	10	1	10	10	1	1	1	-0.4	0
chr4:13664547	10	1	10	10	1	1	1	-0.4	0
chr4:13672674	10	1	10	10	1	1	1	-0.4	0
chr4:13672674	10	1	10	10	1	1	1	-0.4	0
chr4:13673054	10	1	10	10	1	1	1	-0.4	0
chr4:13674864	10	1	10	10	1	1	1	-0.4	0
chr4:13677221	10	1	10	10	1	1	1	-0.4	0
chr4:13685982	10	1	10	10	1	1	1	-0.4	0
chr4:13727122	10	1	10	10	1	1	1	-0.4	0
chr4:13727122	10	1	10	10	1	1	1	-0.4	0
chr4:13727456	10	1	10	10	1	1	1	-0.4	0
chr4:13727456	10	1	10	10	1	1	1	-0.4	0
chr4:13810447	10	1	10	10	1	1	1	-0.4	0
chr4:13888872	10	1	10	10	1	1	1	-0.4	0
chr4:13920570	10	1	10	10	1	1	1	-0.4	0
chr4:13950054	10	1	10	10	1	1	1	-0.4	0
chr4:13951227	10	1	10	10	1	1	1	-0.4	0
chr4:13997581	10	1	10	10	1	1	1	-0.4	0
chr4:13997581	10	1	10	10	1	1	1	-0.4	0
chr4:14007237	10	1	10	10	1	1	1	-0.4	0
chr4:14105115	10	1	10	10	1	1	1	-0.4	0
chr4:14118259	10	1	10	10	1	1	1	-0.4	0
chr4:14196861	10	1	10	10	1	1	1	-0.4	0
chr4:14197857	10	1	10	10	1	1	1	-0.4	0
chr4:14202720	10	1	10	10	1	1	1	-0.4	0
chr4:14530608	10	1	10	10	1	1	1	-0.4	0
chr4:14530608	10	1	10	10	1	1	1	-0.4	0
chr4:14580034	10	1	10	10	1	1	1	-0.4	0
chr4:14694566	10	1	10	10	1	1	1	-0.4	0
chr4:14694566	10	1	10	10	1	1	1	-0.4	0
chr4:14696410	10	1	10	10	1	1	1	-0.4	0
chr4:14751129	10	1	10	10	1	1	1	-0.4	0
chr4:14983457	10	1	10	10	1	1	1	-0.4	0
chr4:14990282	10	1	10	10	1	1	1	-0.4	0
chr4:15066915	10	1	10	10	1	1	1	-0.4	0
chr4:15066915	10	1	10	10	1	1	1	-0.4	0
chr4:15067576	10	1	10	10	1	1	1	-0.4	0
chr4:15068519	10	1	10	10	1	1	1	-0.4	0
chr4:15245706	10	1	10	10	1	1	1	-0.4	0
chr4:15290645	10	1	10	10	1	1	1	-0.4	0
chr4:15372716	10	1	10	10	1	1	1	-0.4	0
chr4:15381452	10	1	10	10	1	1	1	-0.4	0
chr4:15385026	10	1	10	10	1	1	1	-0.4	0
chr4:15413122	10	1	10	10	1	1	1	-0.4	0
chr4:15488740	10	1	10	10	1	1	1	-0.4	0
chr4:15488740	10	1	10	10	1	1	1	-0.4	0
chr4:15507076	10	1	10	10	1	1	1	-0.4	0
chr4:15848483	10	1	10	10	1	1	1	-0.4	0
chr4:15895302	10	1	10	10	1	1	1	-0.4	0
chr4:15895302	10	1	10	10	1	1	1	-0.4	0
chr4:15947177	10	1	10	10	1	1	1	-0.4	0
chr4:15947303	10	1	10	10	1	1	1	-0.4	0
chr4:16341398	10	1	10	10	1	1	1	-0.4	0
chr4:16344941	10	1	10	10	1	1	1	-0.4	0
chr4:16411032	10	1	10	10	1	1	1	-0.4	0
chr4:16497378	10	1	10	10	1	1	1	-0.4	0
chr4:16497707	10	1	10	10	1	1	1	-0.4	0
chr4:16497707	10	1	10	10	1	1	1	-0.4	0
chr4:16527336	10	1	10	10	1	1	1	-0.4	0
chr4:16527336	10	1	10	10	1	1	1	-0.4	0
chr4:16560624	10	1	10	10	1	1	1	-0.4	0
chr4:16561106	10	1	10	10	1	1	1	-0.4	0
chr4:16562313	10	1	10	10	1	1	1	-0.4	0
chr4:16613085	10	1	10	10	1	1	1	-0.4	0
chr4:16711107	10	1	10	10	1	1	1	-0.4	0
chr4:16839394	10	1	10	10	1	1	1	-0.4	0
chr4:16941741	10	1	10	10	1	1	1	-0.4	0
chr4:17157494	10	1	10	10	1	1	1	-0.4	0
chr4:17187483	10	1	10	10	1	1	1	-0.4	0
chr4:17280642	10	1	10	10	1	1	1	-0.4	0
chr4:17280642	10	1	10	10	1	1	1	-0.4	0
chr4:17281966	10	1	10	10	1	1	1	-0.4	0
chr4:17281966	10	1	10	10	1	1	1	-0.4	0
chr4:17307357	10	1	10	10	1	1	1	-0.4	0
chr4:17332195	10	1	10	10	1	1	1	-0.4	0
chr4:17375815	10	1	10	10	1	1	1	-0.4	0
chr4:17378670	10	1	10	10	1	1	1	-0.4	0
chr4:17378670	10	1	10	10	1	1	1	-0.4	0
chr4:17378904	10	1	10	10	1	1	1	-0.4	0
chr4:17378904	10	1	10	10	1	1	1	-0.4	0
chr4:17441487	10	1	10	10	1	1	1	-0.4	0
chr4:17560888	10	1	10	10	1	1	1	-0.4	0
chr4:17601766	10	1	10	10	1	1	1	-0.4	0
chr4:17657890	10	1	10	10	1	1	1	-0.4	0
chr4:17748648	10	1	10	10	1	1	1	-0.4	0
chr4:17997822	10	1	10	10	1	1	1	-0.4	0
chr4:18098306	10	1	10	10	1	1	1	-0.4	0
chr4:18125812	10	1	10	10	1	1	1	-0.4	0
chr4:18163333	10	1	10	10	1	1	1	-0.4	0
chr4:18163797	10	1	10	10	1	1	1	-0.4	0
chr4:18206582	10	1	10	10	1	1	1	-0.4	0
chr4:18233310	10	1	10	10	1	1	1	-0.4	0
chr4:18273919	10	1	10	10	1	1	1	-0.4	0
chr4:18296712	10	1	10	10	1	1	1	-0.4	0
chr4:18371064	10	1	10	10	1	1	1	-0.4	0
chr4:18508881	10	1	10	10	1	1	1	-0.4	0
chr4:18511290	10	1	10	10	1	1	1	-0.4	0
chr4:18526894	10	1	10	10	1	1	1	-0.4	0
chr4:18539553	10	1	10	10	1	1	1	-0.4	0
chr4:18556945	10	1	10	10	1	1	1	-0.4	0
chr5:60221	10	1	10	10	1	1	1	-0.4	0
chr5:97284	10	1	10	10	1	1	1	-0.4	0
chr5:142740	10	1	10	10	1	1	1	-0.4	0
chr5:142740	10	1	10	10	1	1	1	-0.4	0
chr5:174446	10	1	10	10	1	1	1	-0.4	0
chr5:174446	10	1	10	10	1	1	1	-0.4	0
chr5:206276	10	1	10	10	1	1	1	-0.4	0
chr5:206276	10	1	10	10	1	1	1	-0.4	0
chr5:209567	10	1	10	10	1	1	1	-0.4	0
chr5:210518	10	1	10	10	1	1	1	-0.4	0
chr5:228277	10	1	10	10	1	1	1	-0.4	0
chr5:228836	10	1	10	10	1	1	1	-0.4	0
chr5:229708	10	1	10	10	1	1	1	-0.4	0
chr5:229708	10	1	10	10	1	1	1	-0.4	0
chr5:266729	10	1	10	10	1	1	1	-0.4	0
chr5:266729	10	1	10	10	1	1	1	-0.4	0
chr5:272373	10	1	10	10	1	1	1	-0.4	0
chr5:308925	10	1	10	10	1	1	1	-0.4	0
chr5:308925	10	1	10	10	1	1	1	-0.4	0
chr5:320754	10	1	10	10	1	1	1	-0.4	0
chr5:320754	10	1	10	10	1	1	1	-0.4	0
chr5:322836	10	1	10	10	1	1	1	-0.4	0
chr5:322836	10	1	10	10	1	1	1	-0.4	0
chr5:389034	10	1	10	10	1	1	1	-0.4	0
chr5:389034	10	1	10	10	1	1	1	-0.4	0
chr5:435938	10	1	10	10	1	1	1	-0.4	0
chr5:553824	10	1	10	10	1	1	1	-0.4	0
chr5:554763	10	1	10	10	1	1	1	-0.4	0
chr5:555187	10	1	10	10	1	1	1	-0.4	0
chr5:556355	10	1	10	10	1	1	1	-0.4	0
chr5:597291	10	1	10	10	1	1	1	-0.4	0
chr5:597291	10	1	10	10	1	1	1	-0.4	0
chr5:801025	10	1	10	10	1	1	1	-0.4	0
chr5:941566	10	1	10	10	1	1	1	-0.4	0
chr5:965000	10	1	10	10	1	1	1	-0.4	0
chr5:965000	10	1	10	10	1	1	1	-0.4	0
chr5:966102	10	1	10	10	1	1	1	-0.4	0
chr5:1042820	10	1	10	10	1	1	1	-0.4	0
chr5:1052673	10	1	10	10	1	1	1	-0.4	0
chr5:1057126	10	1	10	10	1	1	1	-0.4	0
chr5:1128914	10	1	10	10	1	1	1	-0.4	0
chr5:1205608	10	1	10	10	1	1	1	-0.4	0
chr5:1205608	10	1	10	10	1	1	1	-0.4	0
chr5:1216625	10	1	10	10	1	1	1	-0.4	0
chr5:1319216	10	1	10	10	1	1	1	-0.4	0
chr5:1319216	10	1	10	10	1	1	1	-0.4	0
chr5:1608484	10	1	10	10	1	1	1	-0.4	0
chr5:1609050	10	1	10	10	1	1	1	-0.4	0
chr5:1610178	10	1	10	10	1	1	1	-0.4	0
chr5:1636405	10	1	10	10	1	1	1	-0.4	0
chr5:1636405	10	1	10	10	1	1	1	-0.4	0
chr5:1670212	10	1	10	10	1	1	1	-0.4	0
chr5:1670212	10	1	10	10	1	1	1	-0.4	0
chr5:1742664	10	1	10	10	1	1	1	-0.4	0
chr5:1843844	10	1	10	10	1	1	1	-0.4	0
chr5:1843844	10	1	10	10	1	1	1	-0.4	0
chr5:1878452	10	1	10	10	1	1	1	-0.4	0
chr5:1931722	10	1	10	10	1	1	1	-0.4	0
chr5:2063596	10	1	10	10	1	1	1	-0.4	0
chr5:2204086	10	1	10	10	1	1	1	-0.4	0
chr5:2299204	10	1	10	10	1	1	1	-0.4	0
chr5:2354722	10	1	10	10	1	1	1	-0.4	0
chr5:2354722	10	1	10	10	1	1	1	-0.4	0
chr5:2399628	10	1	10	10	1	1	1	-0.4	0
chr5:2399628	10	1	10	10	1	1	1	-0.4	0
chr5:2400552	10	1	10	10	1	1	1	-0.4	0
chr5:2400552	10	1	10	10	1	1	1	-0.4	0
chr5:2400863	10	1	10	10	1	1	1	-0.4	0
chr5:2400863	10	1	10	10	1	1	1	-0.4	0
chr5:2430134	10	1	10	10	1	1	1	-0.4	0
chr5:2606170	10	1	10	10	1	1	1	-0.4	0
chr5:2614878	10	1	10	10	1	1	1	-0.4	0
chr5:2614878	10	1	10	10	1	1	1	-0.4	0
chr5:2913373	10	1	10	10	1	1	1	-0.4	0
chr5:2921216	10	1	10	10	1	1	1	-0.4	0
chr5:2935185	10	1	10	10	1	1	1	-0.4	0
chr5:2935797	10	1	10	10	1	1	1	-0.4	0
chr5:2941070	10	1	10	10	1	1	1	-0.4	0
chr5:2993034	10	1	10	10	1	1	1	-0.4	0
chr5:3253178	10	1	10	10	1	1	1	-0.4	0
chr5:3253178	10	1	10	10	1	1	1	-0.4	0
chr5:3253178	10	1	10	10	1	1	1	-0.4	0
chr5:3472843	10	1	10	10	1	1	1	-0.4	0
chr5:3515294	10	1	10	10	1	1	1	-0.4	0
chr5:3525047	10	1	10	10	1	1	1	-0.4	0
chr5:3595244	10	1	10	10	1	1	1	-0.4	0
chr5:3615994	10	1	10	10	1	1	1	-0.4	0
chr5:3615994	10	1	10	10	1	1	1	-0.4	0
chr5:3695136	10	1	10	10	1	1	1	-0.4	0
chr5:3708324	10	1	10	10	1	1	1	-0.4	0
chr5:3708324	10	1	10	10	1	1	1	-0.4	0
chr5:3784050	10	1	10	10	1	1	1	-0.4	0
chr5:3784050	10	1	10	10	1	1	1	-0.4	0
chr5:3784435	10	1	10	10	1	1	1	-0.4	0
chr5:3857090	10	1	10	10	1	1	1	-0.4	0
chr5:3857090	10	1	10	10	1	1	1	-0.4	0
chr5:3864674	10	1	10	10	1	1	1	-0.4	0
chr5:3864674	10	1	10	10	1	1	1	-0.4	0
chr5:4053830	10	1	10	10	1	1	1	-0.4	0
chr5:4156300	10	1	10	10	1	1	1	-0.4	0
chr5:4156300	10	1	10	10	1	1	1	-0.4	0
chr5:4158806	10	1	10	10	1	1	1	-0.4	0
chr5:4162071	10	1	10	10	1	1	1	-0.4	0
chr5:4181256	10	1	10	10	1	1	1	-0.4	0
chr5:4181256	10	1	10	10	1	1	1	-0.4	0
chr5:4203382	10	1	10	10	1	1	1	-0.4	0
chr5:4241247	10	1	10	10	1	1	1	-0.4	0
chr5:4530600	10	1	10	10	1	1	1	-0.4	0
chr5:4554087	10	1	10	10	1	1	1	-0.4	0
chr5:4554087	10	1	10	10	1	1	1	-0.4	0
chr5:4572598	10	1	10	10	1	1	1	-0.4	0
chr5:4572598	10	1	10	10	1	1	1	-0.4	0
chr5:4636218	10	1	10	10	1	1	1	-0.4	0
chr5:4636536	10	1	10	10	1	1	1	-0.4	0
chr5:4691797	10	1	10	10	1	1	1	-0.4	0
chr5:4759840	10	1	10	10	1	1	1	-0.4	0
chr5:4761304	10	1	10	10	1	1	1	-0.4	0
chr5:4761304	10	1	10	10	1	1	1	-0.4	0
chr5:4761949	10	1	10	10	1	1	1	-0.4	0
chr5:4825470	10	1	10	10	1	1	1	-0.4	0
chr5:4825470	10	1	10	10	1	1	1	-0.4	0
chr5:5178422	10	1	10	10	1	1	1	-0.4	0
chr5:5181953	10	1	10	10	1	1	1	-0.4	0
chr5:5216095	10	1	10	10	1	1	1	-0.4	0
chr5:5236719	10	1	10	10	1	1	1	-0.4	0
chr5:5350130	10	1	10	10	1	1	1	-0.4	0
chr5:5543856	10	1	10	10	1	1	1	-0.4	0
chr5:5543856	10	1	10	10	1	1	1	-0.4	0
chr5:5560843	10	1	10	10	1	1	1	-0.4	0
chr5:5719140	10	1	10	10	1	1	1	-0.4	0
chr5:5719140	10	1	10	10	1	1	1	-0.4	0
chr5:5748240	10	1	10	10	1	1	1	-0.4	0
chr5:5799300	10	1	10	10	1	1	1	-0.4	0
chr5:5808399	10	1	10	10	1	1	1	-0.4	0
chr5:5885768	10	1	10	10	1	1	1	-0.4	0
chr5:5898763	10	1	10	10	1	1	1	-0.4	0
chr5:5924340	10	1	10	10	1	1	1	-0.4	0
chr5:5924340	10	1	10	10	1	1	1	-0.4	0
chr5:6063973	10	1	10	10	1	1	1	-0.4	0
chr5:6063973	10	1	10	10	1	1	1	-0.4	0
chr5:6127355	10	1	10	10	1	1	1	-0.4	0
chr5:6361999	10	1	10	10	1	1	1	-0.4	0
chr5:6389382	10	1	10	10	1	1	1	-0.4	0
chr5:6389382	10	1	10	10	1	1	1	-0.4	0
chr5:6424806	10	1	10	10	1	1	1	-0.4	0
chr5:6457845	10	1	10	10	1	1	1	-0.4	0
chr5:6494976	10	1	10	10	1	1	1	-0.4	0
chr5:6495514	10	1	10	10	1	1	1	-0.4	0
chr5:6495514	10	1	10	10	1	1	1	-0.4	0
chr5:6614379	10	1	10	10	1	1	1	-0.4	0
chr5:6670442	10	1	10	10	1	1	1	-0.4	0
chr5:6670442	10	1	10	10	1	1	1	-0.4	0
chr5:6695124	10	1	10	10	1	1	1	-0.4	0
chr5:6695124	10	1	10	10	1	1	1	-0.4	0
chr5:6740835	10	1	10	10	1	1	1	-0.4	0
chr5:6812456	10	1	10	10	1	1	1	-0.4	0
chr5:6832675	10	1	10	10	1	1	1	-0.4	0
chr5:6975300	10	1	10	10	1	1	1	-0.4	0
chr5:6975300	10	1	10	10	1	1	1	-0.4	0
chr5:7069232	10	1	10	10	1	1	1	-0.4	0
chr5:7205676	10	1	10	10	1	1	1	-0.4	0
chr5:7217432	10	1	10	10	1	1	1	-0.4	0
chr5:7227022	10	1	10	10	1	1	1	-0.4	0
chr5:7243010	10	1	10	10	1	1	1	-0.4	0
chr5:7249079	10	1	10	10	1	1	1	-0.4	0
chr5:7318563	10	1	10	10	1	1	1	-0.4	0
chr5:7379815	10	1	10	10	1	1	1	-0.4	0
chr5:7464366	10	1	10	10	1	1	1	-0.4	0
chr5:7513020	10	1	10	10	1	1	1	-0.4	0
chr5:7513020	10	1	10	10	1	1	1	-0.4	0
chr5:7524891	10	1	10	10	1	1	1	-0.4	0
chr5:7524891	10	1	10	10	1	1	1	-0.4	0
chr5:7737761	10	1	10	10	1	1	1	-0.4	0
chr5:7748769	10	1	10	10	1	1	1	-0.4	0
chr5:7810069	10	1	10	10	1	1	1	-0.4	0
chr5:7842702	10	1	10	10	1	1	1	-0.4	0
chr5:7842702	10	1	10	10	1	1	1	-0.4	0
chr5:7915598	10	1	10	10	1	1	1	-0.4	0
chr5:7960210	10	1	10	10	1	1	1	-0.4	0
chr5:8112538	10	1	10	10	1	1	1	-0.4	0
chr5:8525796	10	1	10	10	1	1	1	-0.4	0
chr5:8529581	10	1	10	10	1	1	1	-0.4	0
chr5:8591294	10	1	10	10	1	1	1	-0.4	0
chr5:8698491	10	1	10	10	1	1	1	-0.4	0
chr5:8731843	10	1	10	10	1	1	1	-0.4	0
chr5:8731843	10	1	10	10	1	1	1	-0.4	0
chr5:8731843	10	1	10	10	1	1	1	-0.4	0
chr5:8736391	10	1	10	10	1	1	1	-0.4	0
chr5:8775090	10	1	10	10	1	1	1	-0.4	0
chr5:8794935	10	1	10	10	1	1	1	-0.4	0
chr5:8972764	10	1	10	10	1	1	1	-0.4	0
chr5:9136505	10	1	10	10	1	1	1	-0.4	0
chr5:9137616	10	1	10	10	1	1	1	-0.4	0
chr5:9137616	10	1	10	10	1	1	1	-0.4	0
chr5:9137796	10	1	10	10	1	1	1	-0.4	0
chr5:9137796	10	1	10	10	1	1	1	-0.4	0
chr5:9138627	10	1	10	10	1	1	1	-0.4	0
chr5:9357092	10	1	10	10	1	1	1	-0.4	0
chr5:9357092	10	1	10	10	1	1	1	-0.4	0
chr5:9484978	10	1	10	10	1	1	1	-0.4	0
chr5:9485481	10	1	10	10	1	1	1	-0.4	0
chr5:9515714	10	1	10	10	1	1	1	-0.4	0
chr5:9670882	10	1	10	10	1	1	1	-0.4	0
chr5:9670882	10	1	10	10	1	1	1	-0.4	0
chr5:9674264	10	1	10	10	1	1	1	-0.4	0
chr5:9674264	10	1	10	10	1	1	1	-0.4	0
chr5:9874774	10	1	10	10	1	1	1	-0.4	0
chr5:10293051	10	1	10	10	1	1	1	-0.4	0
chr5:10799599	10	1	10	10	1	1	1	-0.4	0
chr5:11185067	10	1	10	10	1	1	1	-0.4	0
chr5:11185067	10	1	10	10	1	1	1	-0.4	0
chr5:11185745	10	1	10	10	1	1	1	-0.4	0
chr5:11185745	10	1	10	10	1	1	1	-0.4	0
chr5:11186458	10	1	10	10	1	1	1	-0.4	0
chr5:11186458	10	1	10	10	1	1	1	-0.4	0
chr5:11703039	10	1	10	10	1	1	1	-0.4	0
chr5:11704274	10	1	10	10	1	1	1	-0.4	0
chr5:11705337	10	1	10	10	1	1	1	-0.4	0
chr5:11705337	10	1	10	10	1	1	1	-0.4	0
chr5:11709101	10	1	10	10	1	1	1	-0.4	0
chr5:11723667	10	1	10	10	1	1	1	-0.4	0
chr5:11723667	10	1	10	10	1	1	1	-0.4	0
chr5:11724477	10	1	10	10	1	1	1	-0.4	0
chr5:11726099	10	1	10	10	1	1	1	-0.4	0
chr5:11726532	10	1	10	10	1	1	1	-0.4	0
chr5:11726897	10	1	10	10	1	1	1	-0.4	0
chr5:11727636	10	1	10	10	1	1	1	-0.4	0
chr5:11727636	10	1	10	10	1	1	1	-0.4	0
chr5:11727636	10	1	10	10	1	1	1	-0.4	0
chr5:11727705	10	1	10	10	1	1	1	-0.4	0
chr5:11727705	10	1	10	10	1	1	1	-0.4	0
chr5:11727705	10	1	10	10	1	1	1	-0.4	0
chr5:11728312	10	1	10	10	1	1	1	-0.4	0
chr5:11728644	10	1	10	10	1	1	1	-0.4	0
chr5:11728644	10	1	10	10	1	1	1	-0.4	0
chr5:11730483	10	1	10	10	1	1	1	-0.4	0
chr5:11730483	10	1	10	10	1	1	1	-0.4	0
chr5:11730483	10	1	10	10	1	1	1	-0.4	0
chr5:11731297	10	1	10	10	1	1	1	-0.4	0
chr5:11731539	10	1	10	10	1	1	1	-0.4	0
chr5:11731539	10	1	10	10	1	1	1	-0.4	0
chr5:11731539	10	1	10	10	1	1	1	-0.4	0
chr5:11732240	10	1	10	10	1	1	1	-0.4	0
chr5:11732240	10	1	10	10	1	1	1	-0.4	0
chr5:11732240	10	1	10	10	1	1	1	-0.4	0
chr5:11732428	10	1	10	10	1	1	1	-0.4	0
chr5:11733740	10	1	10	10	1	1	1	-0.4	0
chr5:11733740	10	1	10	10	1	1	1	-0.4	0
chr5:11734883	10	1	10	10	1	1	1	-0.4	0
chr5:11735231	10	1	10	10	1	1	1	-0.4	0
chr5:11736052	10	1	10	10	1	1	1	-0.4	0
chr5:11736052	10	1	10	10	1	1	1	-0.4	0
chr5:12602048	10	1	10	10	1	1	1	-0.4	0
chr5:12602048	10	1	10	10	1	1	1	-0.4	0
chr5:12877666	10	1	10	10	1	1	1	-0.4	0
chr5:12886399	10	1	10	10	1	1	1	-0.4	0
chr5:13466037	10	1	10	10	1	1	1	-0.4	0
chr5:13612631	10	1	10	10	1	1	1	-0.4	0
chr5:13826289	10	1	10	10	1	1	1	-0.4	0
chr5:13833374	10	1	10	10	1	1	1	-0.4	0
chr5:14998488	10	1	10	10	1	1	1	-0.4	0
chr5:15065186	10	1	10	10	1	1	1	-0.4	0
chr5:15065186	10	1	10	10	1	1	1	-0.4	0
chr5:15280023	10	1	10	10	1	1	1	-0.4	0
chr5:15377152	10	1	10	10	1	1	1	-0.4	0
chr5:15377152	10	1	10	10	1	1	1	-0.4	0
chr5:15378142	10	1	10	10	1	1	1	-0.4	0
chr5:15378142	10	1	10	10	1	1	1	-0.4	0
chr5:15380834	10	1	10	10	1	1	1	-0.4	0
chr5:15380834	10	1	10	10	1	1	1	-0.4	0
chr5:15381168	10	1	10	10	1	1	1	-0.4	0
chr5:15381168	10	1	10	10	1	1	1	-0.4	0
chr5:15383931	10	1	10	10	1	1	1	-0.4	0
chr5:15526956	10	1	10	10	1	1	1	-0.4	0
chr5:15526956	10	1	10	10	1	1	1	-0.4	0
chr5:15602370	10	1	10	10	1	1	1	-0.4	0
chr5:15631382	10	1	10	10	1	1	1	-0.4	0
chr5:15636291	10	1	10	10	1	1	1	-0.4	0
chr5:15641112	10	1	10	10	1	1	1	-0.4	0
chr5:15641112	10	1	10	10	1	1	1	-0.4	0
chr5:15642784	10	1	10	10	1	1	1	-0.4	0
chr5:15642784	10	1	10	10	1	1	1	-0.4	0
chr5:15643504	10	1	10	10	1	1	1	-0.4	0
chr5:15742575	10	1	10	10	1	1	1	-0.4	0
chr5:15742575	10	1	10	10	1	1	1	-0.4	0
chr5:16207120	10	1	10	10	1	1	1	-0.4	0
chr5:16207120	10	1	10	10	1	1	1	-0.4	0
chr5:16324851	10	1	10	10	1	1	1	-0.4	0
chr5:16366606	10	1	10	10	1	1	1	-0.4	0
chr5:16507627	10	1	10	10	1	1	1	-0.4	0
chr5:16797970	10	1	10	10	1	1	1	-0.4	0
chr5:17141525	10	1	10	10	1	1	1	-0.4	0
chr5:17141525	10	1	10	10	1	1	1	-0.4	0
chr5:17256938	10	1	10	10	1	1	1	-0.4	0
chr5:17535167	10	1	10	10	1	1	1	-0.4	0
chr5:17535167	10	1	10	10	1	1	1	-0.4	0
chr5:17535167	10	1	10	10	1	1	1	-0.4	0
chr5:17550489	10	1	10	10	1	1	1	-0.4	0
chr5:17585273	10	1	10	10	1	1	1	-0.4	0
chr5:17638967	10	1	10	10	1	1	1	-0.4	0
chr5:17731498	10	1	10	10	1	1	1	-0.4	0
chr5:17840554	10	1	10	10	1	1	1	-0.4	0
chr5:17843799	10	1	10	10	1	1	1	-0.4	0
chr5:17843799	10	1	10	10	1	1	1	-0.4	0
chr5:17911463	10	1	10	10	1	1	1	-0.4	0
chr5:17913554	10	1	10	10	1	1	1	-0.4	0
chr5:17913554	10	1	10	10	1	1	1	-0.4	0
chr5:18213753	10	1	10	10	1	1	1	-0.4	0
chr5:18213753	10	1	10	10	1	1	1	-0.4	0
chr5:18215723	10	1	10	10	1	1	1	-0.4	0
chr5:18369846	10	1	10	10	1	1	1	-0.4	0
chr5:18677363	10	1	10	10	1	1	1	-0.4	0
chr5:18834816	10	1	10	10	1	1	1	-0.4	0
chr5:18974273	10	1	10	10	1	1	1	-0.4	0
chr5:19287532	10	1	10	10	1	1	1	-0.4	0
chr5:19287532	10	1	10	10	1	1	1	-0.4	0
chr5:19288378	10	1	10	10	1	1	1	-0.4	0
chr5:19302074	10	1	10	10	1	1	1	-0.4	0
chr5:19317416	10	1	10	10	1	1	1	-0.4	0
chr5:19358047	10	1	10	10	1	1	1	-0.4	0
chr5:19395880	10	1	10	10	1	1	1	-0.4	0
chr5:19395880	10	1	10	10	1	1	1	-0.4	0
chr5:19402634	10	1	10	10	1	1	1	-0.4	0
chr5:19402634	10	1	10	10	1	1	1	-0.4	0
chr5:19402634	10	1	10	10	1	1	1	-0.4	0
chr5:19507590	10	1	10	10	1	1	1	-0.4	0
chr5:19507590	10	1	10	10	1	1	1	-0.4	0
chr5:19549685	10	1	10	10	1	1	1	-0.4	0
chr5:19584248	10	1	10	10	1	1	1	-0.4	0
chr5:19721475	10	1	10	10	1	1	1	-0.4	0
chr5:19899305	10	1	10	10	1	1	1	-0.4	0
chr5:19977988	10	1	10	10	1	1	1	-0.4	0
chr5:19977988	10	1	10	10	1	1	1	-0.4	0
chr5:20013409	10	1	10	10	1	1	1	-0.4	0
chr5:20017530	10	1	10	10	1	1	1	-0.4	0
chr5:20156346	10	1	10	10	1	1	1	-0.4	0
chr5:20167488	10	1	10	10	1	1	1	-0.4	0
chr5:20193408	10	1	10	10	1	1	1	-0.4	0
chr5:20796463	10	1	10	10	1	1	1	-0.4	0
chr5:20900322	10	1	10	10	1	1	1	-0.4	0
chr5:21161279	10	1	10	10	1	1	1	-0.4	0
chr5:21161279	10	1	10	10	1	1	1	-0.4	0
chr5:21262796	10	1	10	10	1	1	1	-0.4	0
chr5:21515432	10	1	10	10	1	1	1	-0.4	0
chr5:21562594	10	1	10	10	1	1	1	-0.4	0
chr5:21562594	10	1	10	10	1	1	1	-0.4	0
chr5:21663732	10	1	10	10	1	1	1	-0.4	0
chr5:21663732	10	1	10	10	1	1	1	-0.4	0
chr5:21688190	10	1	10	10	1	1	1	-0.4	0
chr5:21700246	10	1	10	10	1	1	1	-0.4	0
chr5:21700246	10	1	10	10	1	1	1	-0.4	0
chr5:21700246	10	1	10	10	1	1	1	-0.4	0
chr5:21737273	10	1	10	10	1	1	1	-0.4	0
chr5:21794408	10	1	10	10	1	1	1	-0.4	0
chr5:21794408	10	1	10	10	1	1	1	-0.4	0
chr5:21990818	10	1	10	10	1	1	1	-0.4	0
chr5:21990818	10	1	10	10	1	1	1	-0.4	0
chr5:21991346	10	1	10	10	1	1	1	-0.4	0
chr5:21991346	10	1	10	10	1	1	1	-0.4	0
chr5:21991476	10	1	10	10	1	1	1	-0.4	0
chr5:21991476	10	1	10	10	1	1	1	-0.4	0
chr5:21992418	10	1	10	10	1	1	1	-0.4	0
chr5:21993037	10	1	10	10	1	1	1	-0.4	0
chr5:22039070	10	1	10	10	1	1	1	-0.4	0
chr5:22039070	10	1	10	10	1	1	1	-0.4	0
chr5:22039370	10	1	10	10	1	1	1	-0.4	0
chr5:22039370	10	1	10	10	1	1	1	-0.4	0
chr5:22308140	10	1	10	10	1	1	1	-0.4	0
chr5:22308778	10	1	10	10	1	1	1	-0.4	0
chr5:22309496	10	1	10	10	1	1	1	-0.4	0
chr5:22312992	10	1	10	10	1	1	1	-0.4	0
chr5:22312992	10	1	10	10	1	1	1	-0.4	0
chr5:22493335	10	1	10	10	1	1	1	-0.4	0
chr5:22496017	10	1	10	10	1	1	1	-0.4	0
chr5:22735817	10	1	10	10	1	1	1	-0.4	0
chr5:22758164	10	1	10	10	1	1	1	-0.4	0
chr5:22972684	10	1	10	10	1	1	1	-0.4	0
chr5:22996052	10	1	10	10	1	1	1	-0.4	0
chr5:22997289	10	1	10	10	1	1	1	-0.4	0
chr5:23001313	10	1	10	10	1	1	1	-0.4	0
chr5:23131586	10	1	10	10	1	1	1	-0.4	0
chr5:23131586	10	1	10	10	1	1	1	-0.4	0
chr5:23164097	10	1	10	10	1	1	1	-0.4	0
chr5:23168481	10	1	10	10	1	1	1	-0.4	0
chr5:23169170	10	1	10	10	1	1	1	-0.4	0
chr5:23170526	10	1	10	10	1	1	1	-0.4	0
chr5:23170526	10	1	10	10	1	1	1	-0.4	0
chr5:23286045	10	1	10	10	1	1	1	-0.4	0
chr5:23286045	10	1	10	10	1	1	1	-0.4	0
chr5:23355609	10	1	10	10	1	1	1	-0.4	0
chr5:23357610	10	1	10	10	1	1	1	-0.4	0
chr5:23359891	10	1	10	10	1	1	1	-0.4	0
chr5:23385770	10	1	10	10	1	1	1	-0.4	0
chr5:23400640	10	1	10	10	1	1	1	-0.4	0
chr5:23400640	10	1	10	10	1	1	1	-0.4	0
chr5:23401485	10	1	10	10	1	1	1	-0.4	0
chr5:23402150	10	1	10	10	1	1	1	-0.4	0
chr5:23449632	10	1	10	10	1	1	1	-0.4	0
chr5:23449632	10	1	10	10	1	1	1	-0.4	0
chr5:23584686	10	1	10	10	1	1	1	-0.4	0
chr5:23584686	10	1	10	10	1	1	1	-0.4	0
chr5:23700548	10	1	10	10	1	1	1	-0.4	0
chr5:23725155	10	1	10	10	1	1	1	-0.4	0
chr5:23786540	10	1	10	10	1	1	1	-0.4	0
chr5:23850067	10	1	10	10	1	1	1	-0.4	0
chr5:23997820	10	1	10	10	1	1	1	-0.4	0
chr5:24066238	10	1	10	10	1	1	1	-0.4	0
chr5:24066238	10	1	10	10	1	1	1	-0.4	0
chr5:24075806	10	1	10	10	1	1	1	-0.4	0
chr5:24081148	10	1	10	10	1	1	1	-0.4	0
chr5:24140250	10	1	10	10	1	1	1	-0.4	0
chr5:24140250	10	1	10	10	1	1	1	-0.4	0
chr5:24290931	10	1	10	10	1	1	1	-0.4	0
chr5:24301204	10	1	10	10	1	1	1	-0.4	0
chr5:24336396	10	1	10	10	1	1	1	-0.4	0
chr5:24336396	10	1	10	10	1	1	1	-0.4	0
chr5:24436851	10	1	10	10	1	1	1	-0.4	0
chr5:24437145	10	1	10	10	1	1	1	-0.4	0
chr5:24461206	10	1	10	10	1	1	1	-0.4	0
chr5:24461206	10	1	10	10	1	1	1	-0.4	0
chr5:24529990	10	1	10	10	1	1	1	-0.4	0
chr5:24608604	10	1	10	10	1	1	1	-0.4	0
chr5:24741117	10	1	10	10	1	1	1	-0.4	0
chr5:24764301	10	1	10	10	1	1	1	-0.4	0
chr5:24764301	10	1	10	10	1	1	1	-0.4	0
chr5:24990694	10	1	10	10	1	1	1	-0.4	0
chr5:25019195	10	1	10	10	1	1	1	-0.4	0
chr5:25037900	10	1	10	10	1	1	1	-0.4	0
chr5:25234612	10	1	10	10	1	1	1	-0.4	0
chr5:25234612	10	1	10	10	1	1	1	-0.4	0
chr5:25263971	10	1	10	10	1	1	1	-0.4	0
chr5:25281670	10	1	10	10	1	1	1	-0.4	0
chr5:25302514	10	1	10	10	1	1	1	-0.4	0
chr5:25378849	10	1	10	10	1	1	1	-0.4	0
chr5:25379085	10	1	10	10	1	1	1	-0.4	0
chr5:25387166	10	1	10	10	1	1	1	-0.4	0
chr5:25528271	10	1	10	10	1	1	1	-0.4	0
chr5:25528271	10	1	10	10	1	1	1	-0.4	0
chr5:25628407	10	1	10	10	1	1	1	-0.4	0
chr5:25704470	10	1	10	10	1	1	1	-0.4	0
chr5:25704749	10	1	10	10	1	1	1	-0.4	0
chr5:25711006	10	1	10	10	1	1	1	-0.4	0
chr5:25718255	10	1	10	10	1	1	1	-0.4	0
chr5:25750582	10	1	10	10	1	1	1	-0.4	0
chr5:25906957	10	1	10	10	1	1	1	-0.4	0
chr5:26012317	10	1	10	10	1	1	1	-0.4	0
chr5:26042818	10	1	10	10	1	1	1	-0.4	0
chr5:26242240	10	1	10	10	1	1	1	-0.4	0
chr5:26242240	10	1	10	10	1	1	1	-0.4	0
chr5:26263164	10	1	10	10	1	1	1	-0.4	0
chr5:26263813	10	1	10	10	1	1	1	-0.4	0
chr5:26431289	10	1	10	10	1	1	1	-0.4	0
chr5:26455029	10	1	10	10	1	1	1	-0.4	0
chr5:26470728	10	1	10	10	1	1	1	-0.4	0
chr5:26470728	10	1	10	10	1	1	1	-0.4	0
chr5:26499079	10	1	10	10	1	1	1	-0.4	0
chr5:26506478	10	1	10	10	1	1	1	-0.4	0
chr5:26506478	10	1	10	10	1	1	1	-0.4	0
chr5:26657744	10	1	10	10	1	1	1	-0.4	0
chr5:26710472	10	1	10	10	1	1	1	-0.4	0
chr5:26766902	10	1	10	10	1	1	1	-0.4	0
chr5:26850076	10	1	10	10	1	1	1	-0.4	0
chr5:26855432	10	1	10	10	1	1	1	-0.4	0
chr5:26903831	10	1	10	10	1	1	1	-0.4	0
chr5:26933341	10	1	10	10	1	1	1	-0.4	0
chr5:26933341	10	1	10	10	1	1	1	-0.4	0
chr5:26949935	10	1	10	10	1	1	1	-0.4	0
