Position	IP	Control	Fold	Expectd	Q_-lg10	P_-lg10	P_poiss	IPvsEMP	Noise
chr1:21009	10	1	10	10	1	1	1	-0.4	0
chr1:38126	10	1	10	10	1	1	1	-0.4	0
chr1:120556	10	1	10	10	1	1	1	-0.4	0
chr1:128511	10	1	10	10	1	1	1	-0.4	0
chr1:136025	10	1	10	10	1	1	1	-0.4	0
chr1:182405	10	1	10	10	1	1	1	-0.4	0
chr1:183494	10	1	10	10	1	1	1	-0.4	0
chr1:199462	10	1	10	10	1	1	1	-0.4	0
chr1:269752	10	1	10	10	1	1	1	-0.4	0
chr1:324960	10	1	10	10	1	1	1	-0.4	0
chr1:364337	10	1	10	10	1	1	1	-0.4	0
chr1:426730	10	1	10	10	1	1	1	-0.4	0
chr1:428434	10	1	10	10	1	1	1	-0.4	0
chr1:437012	10	1	10	10	1	1	1	-0.4	0
chr1:473768	10	1	10	10	1	1	1	-0.4	0
chr1:483835	10	1	10	10	1	1	1	-0.4	0
chr1:485715	10	1	10	10	1	1	1	-0.4	0
chr1:786508	10	1	10	10	1	1	1	-0.4	0
chr1:787020	10	1	10	10	1	1	1	-0.4	0
chr1:819480	10	1	10	10	1	1	1	-0.4	0
chr1:830523	10	1	10	10	1	1	1	-0.4	0
chr1:853800	10	1	10	10	1	1	1	-0.4	0
chr1:933521	10	1	10	10	1	1	1	-0.4	0
chr1:958077	10	1	10	10	1	1	1	-0.4	0
chr1:979071	10	1	10	10	1	1	1	-0.4	0
chr1:1131898	10	1	10	10	1	1	1	-0.4	0
chr1:1333528	10	1	10	10	1	1	1	-0.4	0
chr1:1337968	10	1	10	10	1	1	1	-0.4	0
chr1:1659493	10	1	10	10	1	1	1	-0.4	0
chr1:1709596	10	1	10	10	1	1	1	-0.4	0
chr1:1815571	10	1	10	10	1	1	1	-0.4	0
chr1:1882718	10	1	10	10	1	1	1	-0.4	0
chr1:1977633	10	1	10	10	1	1	1	-0.4	0
chr1:2013557	10	1	10	10	1	1	1	-0.4	0
chr1:2152452	10	1	10	10	1	1	1	-0.4	0
chr1:2168433	10	1	10	10	1	1	1	-0.4	0
chr1:2188471	10	1	10	10	1	1	1	-0.4	0
chr1:2191143	10	1	10	10	1	1	1	-0.4	0
chr1:2197370	10	1	10	10	1	1	1	-0.4	0
chr1:2199896	10	1	10	10	1	1	1	-0.4	0
chr1:2224555	10	1	10	10	1	1	1	-0.4	0
chr1:2312801	10	1	10	10	1	1	1	-0.4	0
chr1:2339723	10	1	10	10	1	1	1	-0.4	0
chr1:2348940	10	1	10	10	1	1	1	-0.4	0
chr1:2352065	10	1	10	10	1	1	1	-0.4	0
chr1:2368685	10	1	10	10	1	1	1	-0.4	0
chr1:2518721	10	1	10	10	1	1	1	-0.4	0
chr1:2522849	10	1	10	10	1	1	1	-0.4	0
chr1:2530323	10	1	10	10	1	1	1	-0.4	0
chr1:2590300	10	1	10	10	1	1	1	-0.4	0
chr1:2621638	10	1	10	10	1	1	1	-0.4	0
chr1:2755737	10	1	10	10	1	1	1	-0.4	0
chr1:2818160	10	1	10	10	1	1	1	-0.4	0
chr1:2848259	10	1	10	10	1	1	1	-0.4	0
chr1:2872697	10	1	10	10	1	1	1	-0.4	0
chr1:3122468	10	1	10	10	1	1	1	-0.4	0
chr1:3184491	10	1	10	10	1	1	1	-0.4	0
chr1:3240248	10	1	10	10	1	1	1	-0.4	0
chr1:3255818	10	1	10	10	1	1	1	-0.4	0
chr1:3269999	10	1	10	10	1	1	1	-0.4	0
chr1:3272628	10	1	10	10	1	1	1	-0.4	0
chr1:3442488	10	1	10	10	1	1	1	-0.4	0
chr1:3554100	10	1	10	10	1	1	1	-0.4	0
chr1:3671243	10	1	10	10	1	1	1	-0.4	0
chr1:3681685	10	1	10	10	1	1	1	-0.4	0
chr1:3709673	10	1	10	10	1	1	1	-0.4	0
chr1:3760386	10	1	10	10	1	1	1	-0.4	0
chr1:3774614	10	1	10	10	1	1	1	-0.4	0
chr1:3993912	10	1	10	10	1	1	1	-0.4	0
chr1:4102731	10	1	10	10	1	1	1	-0.4	0
chr1:4242811	10	1	10	10	1	1	1	-0.4	0
chr1:4243276	10	1	10	10	1	1	1	-0.4	0
chr1:4268881	10	1	10	10	1	1	1	-0.4	0
chr1:4276232	10	1	10	10	1	1	1	-0.4	0
chr1:4321027	10	1	10	10	1	1	1	-0.4	0
chr1:4413032	10	1	10	10	1	1	1	-0.4	0
chr1:4458569	10	1	10	10	1	1	1	-0.4	0
chr1:4534113	10	1	10	10	1	1	1	-0.4	0
chr1:4536256	10	1	10	10	1	1	1	-0.4	0
chr1:4540782	10	1	10	10	1	1	1	-0.4	0
chr1:4555729	10	1	10	10	1	1	1	-0.4	0
chr1:4590956	10	1	10	10	1	1	1	-0.4	0
chr1:4647785	10	1	10	10	1	1	1	-0.4	0
chr1:4872761	10	1	10	10	1	1	1	-0.4	0
chr1:4893562	10	1	10	10	1	1	1	-0.4	0
chr1:4964533	10	1	10	10	1	1	1	-0.4	0
chr1:4976219	10	1	10	10	1	1	1	-0.4	0
chr1:4998023	10	1	10	10	1	1	1	-0.4	0
chr1:5091526	10	1	10	10	1	1	1	-0.4	0
chr1:5129606	10	1	10	10	1	1	1	-0.4	0
chr1:5130585	10	1	10	10	1	1	1	-0.4	0
chr1:5145683	10	1	10	10	1	1	1	-0.4	0
chr1:5151513	10	1	10	10	1	1	1	-0.4	0
chr1:5177333	10	1	10	10	1	1	1	-0.4	0
chr1:5202634	10	1	10	10	1	1	1	-0.4	0
chr1:5315057	10	1	10	10	1	1	1	-0.4	0
chr1:5386643	10	1	10	10	1	1	1	-0.4	0
chr1:5525345	10	1	10	10	1	1	1	-0.4	0
chr1:5532221	10	1	10	10	1	1	1	-0.4	0
chr1:5539819	10	1	10	10	1	1	1	-0.4	0
chr1:5617820	10	1	10	10	1	1	1	-0.4	0
chr1:5685229	10	1	10	10	1	1	1	-0.4	0
chr1:5842996	10	1	10	10	1	1	1	-0.4	0
chr1:6027529	10	1	10	10	1	1	1	-0.4	0
chr1:6088280	10	1	10	10	1	1	1	-0.4	0
chr1:6224267	10	1	10	10	1	1	1	-0.4	0
chr1:6298512	10	1	10	10	1	1	1	-0.4	0
chr1:6324993	10	1	10	10	1	1	1	-0.4	0
chr1:6325689	10	1	10	10	1	1	1	-0.4	0
chr1:6361619	10	1	10	10	1	1	1	-0.4	0
chr1:6389937	10	1	10	10	1	1	1	-0.4	0
chr1:6508138	10	1	10	10	1	1	1	-0.4	0
chr1:6528520	10	1	10	10	1	1	1	-0.4	0
chr1:6633703	10	1	10	10	1	1	1	-0.4	0
chr1:6634758	10	1	10	10	1	1	1	-0.4	0
chr1:6643834	10	1	10	10	1	1	1	-0.4	0
chr1:6677806	10	1	10	10	1	1	1	-0.4	0
chr1:6754344	10	1	10	10	1	1	1	-0.4	0
chr1:6799959	10	1	10	10	1	1	1	-0.4	0
chr1:6802793	10	1	10	10	1	1	1	-0.4	0
chr1:6812893	10	1	10	10	1	1	1	-0.4	0
chr1:6832295	10	1	10	10	1	1	1	-0.4	0
chr1:6865837	10	1	10	10	1	1	1	-0.4	0
chr1:6868171	10	1	10	10	1	1	1	-0.4	0
chr1:6884741	10	1	10	10	1	1	1	-0.4	0
chr1:6946354	10	1	10	10	1	1	1	-0.4	0
chr1:7149983	10	1	10	10	1	1	1	-0.4	0
chr1:7154005	10	1	10	10	1	1	1	-0.4	0
chr1:7312529	10	1	10	10	1	1	1	-0.4	0
chr1:7337810	10	1	10	10	1	1	1	-0.4	0
chr1:7339767	10	1	10	10	1	1	1	-0.4	0
chr1:7391769	10	1	10	10	1	1	1	-0.4	0
chr1:7396946	10	1	10	10	1	1	1	-0.4	0
chr1:7456707	10	1	10	10	1	1	1	-0.4	0
chr1:7489015	10	1	10	10	1	1	1	-0.4	0
chr1:7490721	10	1	10	10	1	1	1	-0.4	0
chr1:7508417	10	1	10	10	1	1	1	-0.4	0
chr1:7872931	10	1	10	10	1	1	1	-0.4	0
chr1:7873535	10	1	10	10	1	1	1	-0.4	0
chr1:7896333	10	1	10	10	1	1	1	-0.4	0
chr1:7897809	10	1	10	10	1	1	1	-0.4	0
chr1:8153790	10	1	10	10	1	1	1	-0.4	0
chr1:8276299	10	1	10	10	1	1	1	-0.4	0
chr1:8911407	10	1	10	10	1	1	1	-0.4	0
chr1:8938265	10	1	10	10	1	1	1	-0.4	0
chr1:8975782	10	1	10	10	1	1	1	-0.4	0
chr1:8976291	10	1	10	10	1	1	1	-0.4	0
chr1:8979428	10	1	10	10	1	1	1	-0.4	0
chr1:8987791	10	1	10	10	1	1	1	-0.4	0
chr1:8988757	10	1	10	10	1	1	1	-0.4	0
chr1:9140870	10	1	10	10	1	1	1	-0.4	0
chr1:9348522	10	1	10	10	1	1	1	-0.4	0
chr1:9454994	10	1	10	10	1	1	1	-0.4	0
chr1:9481181	10	1	10	10	1	1	1	-0.4	0
chr1:9648204	10	1	10	10	1	1	1	-0.4	0
chr1:9748146	10	1	10	10	1	1	1	-0.4	0
chr1:9867863	10	1	10	10	1	1	1	-0.4	0
chr1:9924460	10	1	10	10	1	1	1	-0.4	0
chr1:10233089	10	1	10	10	1	1	1	-0.4	0
chr1:10244170	10	1	10	10	1	1	1	-0.4	0
chr1:10247657	10	1	10	10	1	1	1	-0.4	0
chr1:10420176	10	1	10	10	1	1	1	-0.4	0
chr1:10491918	10	1	10	10	1	1	1	-0.4	0
chr1:10581579	10	1	10	10	1	1	1	-0.4	0
chr1:10677080	10	1	10	10	1	1	1	-0.4	0
chr1:10721289	10	1	10	10	1	1	1	-0.4	0
chr1:10850837	10	1	10	10	1	1	1	-0.4	0
chr1:10854538	10	1	10	10	1	1	1	-0.4	0
chr1:10886623	10	1	10	10	1	1	1	-0.4	0
chr1:10891410	10	1	10	10	1	1	1	-0.4	0
chr1:10892218	10	1	10	10	1	1	1	-0.4	0
chr1:10908884	10	1	10	10	1	1	1	-0.4	0
chr1:11222893	10	1	10	10	1	1	1	-0.4	0
chr1:11423787	10	1	10	10	1	1	1	-0.4	0
chr1:11545837	10	1	10	10	1	1	1	-0.4	0
chr1:11751994	10	1	10	10	1	1	1	-0.4	0
chr1:11874754	10	1	10	10	1	1	1	-0.4	0
chr1:11930068	10	1	10	10	1	1	1	-0.4	0
chr1:11931034	10	1	10	10	1	1	1	-0.4	0
chr1:12051268	10	1	10	10	1	1	1	-0.4	0
chr1:12059460	10	1	10	10	1	1	1	-0.4	0
chr1:12177617	10	1	10	10	1	1	1	-0.4	0
chr1:12180712	10	1	10	10	1	1	1	-0.4	0
chr1:12376114	10	1	10	10	1	1	1	-0.4	0
chr1:12473834	10	1	10	10	1	1	1	-0.4	0
chr1:12518798	10	1	10	10	1	1	1	-0.4	0
chr1:12964799	10	1	10	10	1	1	1	-0.4	0
chr1:14149386	10	1	10	10	1	1	1	-0.4	0
chr1:14150474	10	1	10	10	1	1	1	-0.4	0
chr1:14165507	10	1	10	10	1	1	1	-0.4	0
chr1:14721366	10	1	10	10	1	1	1	-0.4	0
chr1:15880568	10	1	10	10	1	1	1	-0.4	0
chr1:16137858	10	1	10	10	1	1	1	-0.4	0
chr1:16739079	10	1	10	10	1	1	1	-0.4	0
chr1:17291273	10	1	10	10	1	1	1	-0.4	0
chr1:17295525	10	1	10	10	1	1	1	-0.4	0
chr1:17343011	10	1	10	10	1	1	1	-0.4	0
chr1:17623413	10	1	10	10	1	1	1	-0.4	0
chr1:17644934	10	1	10	10	1	1	1	-0.4	0
chr1:17702749	10	1	10	10	1	1	1	-0.4	0
chr1:17825527	10	1	10	10	1	1	1	-0.4	0
chr1:17983638	10	1	10	10	1	1	1	-0.4	0
chr1:18137936	10	1	10	10	1	1	1	-0.4	0
chr1:18238555	10	1	10	10	1	1	1	-0.4	0
chr1:18322457	10	1	10	10	1	1	1	-0.4	0
chr1:18366781	10	1	10	10	1	1	1	-0.4	0
chr1:18497265	10	1	10	10	1	1	1	-0.4	0
chr1:18507947	10	1	10	10	1	1	1	-0.4	0
chr1:18582018	10	1	10	10	1	1	1	-0.4	0
chr1:18680944	10	1	10	10	1	1	1	-0.4	0
chr1:18927057	10	1	10	10	1	1	1	-0.4	0
chr1:18927676	10	1	10	10	1	1	1	-0.4	0
chr1:19105640	10	1	10	10	1	1	1	-0.4	0
chr1:19250731	10	1	10	10	1	1	1	-0.4	0
chr1:19257277	10	1	10	10	1	1	1	-0.4	0
chr1:19278697	10	1	10	10	1	1	1	-0.4	0
chr1:19390770	10	1	10	10	1	1	1	-0.4	0
chr1:19443540	10	1	10	10	1	1	1	-0.4	0
chr1:19493162	10	1	10	10	1	1	1	-0.4	0
chr1:19825465	10	1	10	10	1	1	1	-0.4	0
chr1:19903753	10	1	10	10	1	1	1	-0.4	0
chr1:19915241	10	1	10	10	1	1	1	-0.4	0
chr1:19936170	10	1	10	10	1	1	1	-0.4	0
chr1:20010071	10	1	10	10	1	1	1	-0.4	0
chr1:20015024	10	1	10	10	1	1	1	-0.4	0
chr1:20060012	10	1	10	10	1	1	1	-0.4	0
chr1:20071071	10	1	10	10	1	1	1	-0.4	0
chr1:20150053	10	1	10	10	1	1	1	-0.4	0
chr1:20234347	10	1	10	10	1	1	1	-0.4	0
chr1:20431756	10	1	10	10	1	1	1	-0.4	0
chr1:20462936	10	1	10	10	1	1	1	-0.4	0
chr1:20497795	10	1	10	10	1	1	1	-0.4	0
chr1:20567174	10	1	10	10	1	1	1	-0.4	0
chr1:20599605	10	1	10	10	1	1	1	-0.4	0
chr1:20604103	10	1	10	10	1	1	1	-0.4	0
chr1:20707078	10	1	10	10	1	1	1	-0.4	0
chr1:20813853	10	1	10	10	1	1	1	-0.4	0
chr1:20876545	10	1	10	10	1	1	1	-0.4	0
chr1:20938379	10	1	10	10	1	1	1	-0.4	0
chr1:20948295	10	1	10	10	1	1	1	-0.4	0
chr1:20976311	10	1	10	10	1	1	1	-0.4	0
chr1:21007967	10	1	10	10	1	1	1	-0.4	0
chr1:21443020	10	1	10	10	1	1	1	-0.4	0
chr1:21443625	10	1	10	10	1	1	1	-0.4	0
chr1:21468519	10	1	10	10	1	1	1	-0.4	0
chr1:21611840	10	1	10	10	1	1	1	-0.4	0
chr1:22057404	10	1	10	10	1	1	1	-0.4	0
chr1:22166817	10	1	10	10	1	1	1	-0.4	0
chr1:22447255	10	1	10	10	1	1	1	-0.4	0
chr1:22664422	10	1	10	10	1	1	1	-0.4	0
chr1:22668422	10	1	10	10	1	1	1	-0.4	0
chr1:22672974	10	1	10	10	1	1	1	-0.4	0
chr1:22800130	10	1	10	10	1	1	1	-0.4	0
chr1:22834650	10	1	10	10	1	1	1	-0.4	0
chr1:22878680	10	1	10	10	1	1	1	-0.4	0
chr1:22934642	10	1	10	10	1	1	1	-0.4	0
chr1:22977658	10	1	10	10	1	1	1	-0.4	0
chr1:23020391	10	1	10	10	1	1	1	-0.4	0
chr1:23100980	10	1	10	10	1	1	1	-0.4	0
chr1:23125822	10	1	10	10	1	1	1	-0.4	0
chr1:23801816	10	1	10	10	1	1	1	-0.4	0
chr1:23895862	10	1	10	10	1	1	1	-0.4	0
chr1:23897340	10	1	10	10	1	1	1	-0.4	0
chr1:24001384	10	1	10	10	1	1	1	-0.4	0
chr1:24361325	10	1	10	10	1	1	1	-0.4	0
chr1:24432941	10	1	10	10	1	1	1	-0.4	0
chr1:24443045	10	1	10	10	1	1	1	-0.4	0
chr1:24494757	10	1	10	10	1	1	1	-0.4	0
chr1:24538786	10	1	10	10	1	1	1	-0.4	0
chr1:24637003	10	1	10	10	1	1	1	-0.4	0
chr1:24798758	10	1	10	10	1	1	1	-0.4	0
chr1:24877784	10	1	10	10	1	1	1	-0.4	0
chr1:24909009	10	1	10	10	1	1	1	-0.4	0
chr1:25008577	10	1	10	10	1	1	1	-0.4	0
chr1:25138219	10	1	10	10	1	1	1	-0.4	0
chr1:25156434	10	1	10	10	1	1	1	-0.4	0
chr1:25203021	10	1	10	10	1	1	1	-0.4	0
chr1:25217716	10	1	10	10	1	1	1	-0.4	0
chr1:25230127	10	1	10	10	1	1	1	-0.4	0
chr1:25272021	10	1	10	10	1	1	1	-0.4	0
chr1:25274204	10	1	10	10	1	1	1	-0.4	0
chr1:25417626	10	1	10	10	1	1	1	-0.4	0
chr1:25425666	10	1	10	10	1	1	1	-0.4	0
chr1:25541947	10	1	10	10	1	1	1	-0.4	0
chr1:25599475	10	1	10	10	1	1	1	-0.4	0
chr1:25610979	10	1	10	10	1	1	1	-0.4	0
chr1:25682345	10	1	10	10	1	1	1	-0.4	0
chr1:25732340	10	1	10	10	1	1	1	-0.4	0
chr1:25840709	10	1	10	10	1	1	1	-0.4	0
chr1:25877724	10	1	10	10	1	1	1	-0.4	0
chr1:26035691	10	1	10	10	1	1	1	-0.4	0
chr1:26057215	10	1	10	10	1	1	1	-0.4	0
chr1:26117995	10	1	10	10	1	1	1	-0.4	0
chr1:26221862	10	1	10	10	1	1	1	-0.4	0
chr1:26265979	10	1	10	10	1	1	1	-0.4	0
chr1:26279244	10	1	10	10	1	1	1	-0.4	0
chr1:26306760	10	1	10	10	1	1	1	-0.4	0
chr1:26329814	10	1	10	10	1	1	1	-0.4	0
chr1:26335631	10	1	10	10	1	1	1	-0.4	0
chr1:26397563	10	1	10	10	1	1	1	-0.4	0
chr1:26482462	10	1	10	10	1	1	1	-0.4	0
chr1:26541607	10	1	10	10	1	1	1	-0.4	0
chr1:26552238	10	1	10	10	1	1	1	-0.4	0
chr1:26555695	10	1	10	10	1	1	1	-0.4	0
chr1:26587525	10	1	10	10	1	1	1	-0.4	0
chr1:26592489	10	1	10	10	1	1	1	-0.4	0
chr1:26699317	10	1	10	10	1	1	1	-0.4	0
chr1:26727572	10	1	10	10	1	1	1	-0.4	0
chr1:26909702	10	1	10	10	1	1	1	-0.4	0
chr1:26970618	10	1	10	10	1	1	1	-0.4	0
chr1:27048344	10	1	10	10	1	1	1	-0.4	0
chr1:27148362	10	1	10	10	1	1	1	-0.4	0
chr1:27275968	10	1	10	10	1	1	1	-0.4	0
chr1:27363041	10	1	10	10	1	1	1	-0.4	0
chr1:27578735	10	1	10	10	1	1	1	-0.4	0
chr1:27749344	10	1	10	10	1	1	1	-0.4	0
chr1:27831953	10	1	10	10	1	1	1	-0.4	0
chr1:27859545	10	1	10	10	1	1	1	-0.4	0
chr1:27953213	10	1	10	10	1	1	1	-0.4	0
chr1:27953935	10	1	10	10	1	1	1	-0.4	0
chr1:27999985	10	1	10	10	1	1	1	-0.4	0
chr1:28036384	10	1	10	10	1	1	1	-0.4	0
chr1:28145980	10	1	10	10	1	1	1	-0.4	0
chr1:28164611	10	1	10	10	1	1	1	-0.4	0
chr1:28183634	10	1	10	10	1	1	1	-0.4	0
chr1:28232864	10	1	10	10	1	1	1	-0.4	0
chr1:28284772	10	1	10	10	1	1	1	-0.4	0
chr1:28302038	10	1	10	10	1	1	1	-0.4	0
chr1:28362052	10	1	10	10	1	1	1	-0.4	0
chr1:28393620	10	1	10	10	1	1	1	-0.4	0
chr1:28460556	10	1	10	10	1	1	1	-0.4	0
chr1:28644845	10	1	10	10	1	1	1	-0.4	0
chr1:28745912	10	1	10	10	1	1	1	-0.4	0
chr1:28776863	10	1	10	10	1	1	1	-0.4	0
chr1:28783288	10	1	10	10	1	1	1	-0.4	0
chr1:28860354	10	1	10	10	1	1	1	-0.4	0
chr1:28876200	10	1	10	10	1	1	1	-0.4	0
chr1:28880497	10	1	10	10	1	1	1	-0.4	0
chr1:28938697	10	1	10	10	1	1	1	-0.4	0
chr1:29056447	10	1	10	10	1	1	1	-0.4	0
chr1:29196282	10	1	10	10	1	1	1	-0.4	0
chr1:29248140	10	1	10	10	1	1	1	-0.4	0
chr1:29327762	10	1	10	10	1	1	1	-0.4	0
chr1:29328850	10	1	10	10	1	1	1	-0.4	0
chr1:29361056	10	1	10	10	1	1	1	-0.4	0
chr1:29361521	10	1	10	10	1	1	1	-0.4	0
chr1:29362999	10	1	10	10	1	1	1	-0.4	0
chr1:29364887	10	1	10	10	1	1	1	-0.4	0
chr1:29519456	10	1	10	10	1	1	1	-0.4	0
chr1:29573068	10	1	10	10	1	1	1	-0.4	0
chr1:29601868	10	1	10	10	1	1	1	-0.4	0
chr1:29638646	10	1	10	10	1	1	1	-0.4	0
chr1:29645593	10	1	10	10	1	1	1	-0.4	0
chr1:29660020	10	1	10	10	1	1	1	-0.4	0
chr1:29730442	10	1	10	10	1	1	1	-0.4	0
chr1:29762747	10	1	10	10	1	1	1	-0.4	0
chr1:29949391	10	1	10	10	1	1	1	-0.4	0
chr1:29975566	10	1	10	10	1	1	1	-0.4	0
chr1:29990714	10	1	10	10	1	1	1	-0.4	0
chr1:30000046	10	1	10	10	1	1	1	-0.4	0
chr1:30011526	10	1	10	10	1	1	1	-0.4	0
chr1:30104537	10	1	10	10	1	1	1	-0.4	0
chr1:30156631	10	1	10	10	1	1	1	-0.4	0
chr1:30243518	10	1	10	10	1	1	1	-0.4	0
chr1:30244967	10	1	10	10	1	1	1	-0.4	0
chr1:30249376	10	1	10	10	1	1	1	-0.4	0
chr1:30292860	10	1	10	10	1	1	1	-0.4	0
chr1:30295598	10	1	10	10	1	1	1	-0.4	0
chr1:30303085	10	1	10	10	1	1	1	-0.4	0
chr1:30375710	10	1	10	10	1	1	1	-0.4	0
chr2:1374	10	1	10	10	1	1	1	-0.4	0
chr2:2654	10	1	10	10	1	1	1	-0.4	0
chr2:3427	10	1	10	10	1	1	1	-0.4	0
chr2:10014	10	1	10	10	1	1	1	-0.4	0
chr2:100415	10	1	10	10	1	1	1	-0.4	0
chr2:115003	10	1	10	10	1	1	1	-0.4	0
chr2:203120	10	1	10	10	1	1	1	-0.4	0
chr2:228512	10	1	10	10	1	1	1	-0.4	0
chr2:239526	10	1	10	10	1	1	1	-0.4	0
chr2:259050	10	1	10	10	1	1	1	-0.4	0
chr2:261900	10	1	10	10	1	1	1	-0.4	0
chr2:263452	10	1	10	10	1	1	1	-0.4	0
chr2:477858	10	1	10	10	1	1	1	-0.4	0
chr2:560781	10	1	10	10	1	1	1	-0.4	0
chr2:587588	10	1	10	10	1	1	1	-0.4	0
chr2:621298	10	1	10	10	1	1	1	-0.4	0
chr2:1140106	10	1	10	10	1	1	1	-0.4	0
chr2:1406780	10	1	10	10	1	1	1	-0.4	0
chr2:1586039	10	1	10	10	1	1	1	-0.4	0
chr2:1604274	10	1	10	10	1	1	1	-0.4	0
chr2:2024092	10	1	10	10	1	1	1	-0.4	0
chr2:2289723	10	1	10	10	1	1	1	-0.4	0
chr2:2894965	10	1	10	10	1	1	1	-0.4	0
chr2:3283521	10	1	10	10	1	1	1	-0.4	0
chr2:3296166	10	1	10	10	1	1	1	-0.4	0
chr2:3335213	10	1	10	10	1	1	1	-0.4	0
chr2:3338098	10	1	10	10	1	1	1	-0.4	0
chr2:3342792	10	1	10	10	1	1	1	-0.4	0
chr2:3356845	10	1	10	10	1	1	1	-0.4	0
chr2:3359111	10	1	10	10	1	1	1	-0.4	0
chr2:3412772	10	1	10	10	1	1	1	-0.4	0
chr2:3438342	10	1	10	10	1	1	1	-0.4	0
chr2:3438679	10	1	10	10	1	1	1	-0.4	0
chr2:3463843	10	1	10	10	1	1	1	-0.4	0
chr2:3478323	10	1	10	10	1	1	1	-0.4	0
chr2:3485145	10	1	10	10	1	1	1	-0.4	0
chr2:3486087	10	1	10	10	1	1	1	-0.4	0
chr2:3616071	10	1	10	10	1	1	1	-0.4	0
chr2:3619028	10	1	10	10	1	1	1	-0.4	0
chr2:3619518	10	1	10	10	1	1	1	-0.4	0
chr2:3620017	10	1	10	10	1	1	1	-0.4	0
chr2:3621221	10	1	10	10	1	1	1	-0.4	0
chr2:3622603	10	1	10	10	1	1	1	-0.4	0
chr2:3623463	10	1	10	10	1	1	1	-0.4	0
chr2:3624617	10	1	10	10	1	1	1	-0.4	0
chr2:3626306	10	1	10	10	1	1	1	-0.4	0
chr2:3626980	10	1	10	10	1	1	1	-0.4	0
chr2:3627329	10	1	10	10	1	1	1	-0.4	0
chr2:4477622	10	1	10	10	1	1	1	-0.4	0
chr2:5691961	10	1	10	10	1	1	1	-0.4	0
chr2:6315804	10	1	10	10	1	1	1	-0.4	0
chr2:6321378	10	1	10	10	1	1	1	-0.4	0
chr2:6758435	10	1	10	10	1	1	1	-0.4	0
chr2:7190966	10	1	10	10	1	1	1	-0.4	0
chr2:7230279	10	1	10	10	1	1	1	-0.4	0
chr2:7422225	10	1	10	10	1	1	1	-0.4	0
chr2:7692367	10	1	10	10	1	1	1	-0.4	0
chr2:7693533	10	1	10	10	1	1	1	-0.4	0
chr2:7864150	10	1	10	10	1	1	1	-0.4	0
chr2:7944786	10	1	10	10	1	1	1	-0.4	0
chr2:8220006	10	1	10	10	1	1	1	-0.4	0
chr2:8495926	10	1	10	10	1	1	1	-0.4	0
chr2:8534728	10	1	10	10	1	1	1	-0.4	0
chr2:8567110	10	1	10	10	1	1	1	-0.4	0
chr2:8695151	10	1	10	10	1	1	1	-0.4	0
chr2:8710351	10	1	10	10	1	1	1	-0.4	0
chr2:8764086	10	1	10	10	1	1	1	-0.4	0
chr2:8851091	10	1	10	10	1	1	1	-0.4	0
chr2:8985654	10	1	10	10	1	1	1	-0.4	0
chr2:8993046	10	1	10	10	1	1	1	-0.4	0
chr2:8998609	10	1	10	10	1	1	1	-0.4	0
chr2:9002967	10	1	10	10	1	1	1	-0.4	0
chr2:9006579	10	1	10	10	1	1	1	-0.4	0
chr2:9064507	10	1	10	10	1	1	1	-0.4	0
chr2:9076052	10	1	10	10	1	1	1	-0.4	0
chr2:9248526	10	1	10	10	1	1	1	-0.4	0
chr2:9386398	10	1	10	10	1	1	1	-0.4	0
chr2:9418862	10	1	10	10	1	1	1	-0.4	0
chr2:9517510	10	1	10	10	1	1	1	-0.4	0
chr2:9539774	10	1	10	10	1	1	1	-0.4	0
chr2:9741709	10	1	10	10	1	1	1	-0.4	0
chr2:9923703	10	1	10	10	1	1	1	-0.4	0
chr2:9924910	10	1	10	10	1	1	1	-0.4	0
chr2:9926472	10	1	10	10	1	1	1	-0.4	0
chr2:9938166	10	1	10	10	1	1	1	-0.4	0
chr2:9978143	10	1	10	10	1	1	1	-0.4	0
chr2:10065633	10	1	10	10	1	1	1	-0.4	0
chr2:10072035	10	1	10	10	1	1	1	-0.4	0
chr2:10122248	10	1	10	10	1	1	1	-0.4	0
chr2:10191683	10	1	10	10	1	1	1	-0.4	0
chr2:10243761	10	1	10	10	1	1	1	-0.4	0
chr2:10257935	10	1	10	10	1	1	1	-0.4	0
chr2:10281707	10	1	10	10	1	1	1	-0.4	0
chr2:10367004	10	1	10	10	1	1	1	-0.4	0
chr2:10430810	10	1	10	10	1	1	1	-0.4	0
chr2:10438191	10	1	10	10	1	1	1	-0.4	0
chr2:10629117	10	1	10	10	1	1	1	-0.4	0
chr2:10741370	10	1	10	10	1	1	1	-0.4	0
chr2:10771513	10	1	10	10	1	1	1	-0.4	0
chr2:10853032	10	1	10	10	1	1	1	-0.4	0
chr2:10975771	10	1	10	10	1	1	1	-0.4	0
chr2:11009686	10	1	10	10	1	1	1	-0.4	0
chr2:11150422	10	1	10	10	1	1	1	-0.4	0
chr2:11277803	10	1	10	10	1	1	1	-0.4	0
chr2:11296456	10	1	10	10	1	1	1	-0.4	0
chr2:11336713	10	1	10	10	1	1	1	-0.4	0
chr2:11380459	10	1	10	10	1	1	1	-0.4	0
chr2:11563752	10	1	10	10	1	1	1	-0.4	0
chr2:11567159	10	1	10	10	1	1	1	-0.4	0
chr2:11644287	10	1	10	10	1	1	1	-0.4	0
chr2:11683696	10	1	10	10	1	1	1	-0.4	0
chr2:11684324	10	1	10	10	1	1	1	-0.4	0
chr2:11800985	10	1	10	10	1	1	1	-0.4	0
chr2:11834340	10	1	10	10	1	1	1	-0.4	0
chr2:11866955	10	1	10	10	1	1	1	-0.4	0
chr2:11961660	10	1	10	10	1	1	1	-0.4	0
chr2:11977505	10	1	10	10	1	1	1	-0.4	0
chr2:12023806	10	1	10	10	1	1	1	-0.4	0
chr2:12122586	10	1	10	10	1	1	1	-0.4	0
chr2:12409439	10	1	10	10	1	1	1	-0.4	0
chr2:12419946	10	1	10	10	1	1	1	-0.4	0
chr2:12872027	10	1	10	10	1	1	1	-0.4	0
chr2:12905325	10	1	10	10	1	1	1	-0.4	0
chr2:12937258	10	1	10	10	1	1	1	-0.4	0
chr2:12972753	10	1	10	10	1	1	1	-0.4	0
chr2:12997506	10	1	10	10	1	1	1	-0.4	0
chr2:13014867	10	1	10	10	1	1	1	-0.4	0
chr2:13146098	10	1	10	10	1	1	1	-0.4	0
chr2:13201456	10	1	10	10	1	1	1	-0.4	0
chr2:13289436	10	1	10	10	1	1	1	-0.4	0
chr2:13631964	10	1	10	10	1	1	1	-0.4	0
chr2:13660516	10	1	10	10	1	1	1	-0.4	0
chr2:13689497	10	1	10	10	1	1	1	-0.4	0
chr2:13692744	10	1	10	10	1	1	1	-0.4	0
chr2:13702677	10	1	10	10	1	1	1	-0.4	0
chr2:14180303	10	1	10	10	1	1	1	-0.4	0
chr2:14209425	10	1	10	10	1	1	1	-0.4	0
chr2:14231317	10	1	10	10	1	1	1	-0.4	0
chr2:14253111	10	1	10	10	1	1	1	-0.4	0
chr2:14260821	10	1	10	10	1	1	1	-0.4	0
chr2:14261889	10	1	10	10	1	1	1	-0.4	0
chr2:14495896	10	1	10	10	1	1	1	-0.4	0
chr2:14654089	10	1	10	10	1	1	1	-0.4	0
chr2:14746367	10	1	10	10	1	1	1	-0.4	0
chr2:15021592	10	1	10	10	1	1	1	-0.4	0
chr2:15066379	10	1	10	10	1	1	1	-0.4	0
chr2:15073916	10	1	10	10	1	1	1	-0.4	0
chr2:15081118	10	1	10	10	1	1	1	-0.4	0
chr2:15100097	10	1	10	10	1	1	1	-0.4	0
chr2:15110220	10	1	10	10	1	1	1	-0.4	0
chr2:15189878	10	1	10	10	1	1	1	-0.4	0
chr2:15193382	10	1	10	10	1	1	1	-0.4	0
chr2:15207474	10	1	10	10	1	1	1	-0.4	0
chr2:15228722	10	1	10	10	1	1	1	-0.4	0
chr2:15229148	10	1	10	10	1	1	1	-0.4	0
chr2:15345928	10	1	10	10	1	1	1	-0.4	0
chr2:15514983	10	1	10	10	1	1	1	-0.4	0
chr2:15521765	10	1	10	10	1	1	1	-0.4	0
chr2:15559098	10	1	10	10	1	1	1	-0.4	0
chr2:15601442	10	1	10	10	1	1	1	-0.4	0
chr2:15706160	10	1	10	10	1	1	1	-0.4	0
chr2:15773526	10	1	10	10	1	1	1	-0.4	0
chr2:15790652	10	1	10	10	1	1	1	-0.4	0
chr2:15846875	10	1	10	10	1	1	1	-0.4	0
chr2:15849867	10	1	10	10	1	1	1	-0.4	0
chr2:16108135	10	1	10	10	1	1	1	-0.4	0
chr2:16157557	10	1	10	10	1	1	1	-0.4	0
chr2:16215489	10	1	10	10	1	1	1	-0.4	0
chr2:16216834	10	1	10	10	1	1	1	-0.4	0
chr2:16237453	10	1	10	10	1	1	1	-0.4	0
chr2:16255001	10	1	10	10	1	1	1	-0.4	0
chr2:16257822	10	1	10	10	1	1	1	-0.4	0
chr2:16265235	10	1	10	10	1	1	1	-0.4	0
chr2:16360088	10	1	10	10	1	1	1	-0.4	0
chr2:16368490	10	1	10	10	1	1	1	-0.4	0
chr2:16413657	10	1	10	10	1	1	1	-0.4	0
chr2:16449691	10	1	10	10	1	1	1	-0.4	0
chr2:16474172	10	1	10	10	1	1	1	-0.4	0
chr2:16556645	10	1	10	10	1	1	1	-0.4	0
chr2:16603350	10	1	10	10	1	1	1	-0.4	0
chr2:16707374	10	1	10	10	1	1	1	-0.4	0
chr2:16743896	10	1	10	10	1	1	1	-0.4	0
chr2:16749821	10	1	10	10	1	1	1	-0.4	0
chr2:16781523	10	1	10	10	1	1	1	-0.4	0
chr2:16782332	10	1	10	10	1	1	1	-0.4	0
chr2:16802044	10	1	10	10	1	1	1	-0.4	0
chr2:16850611	10	1	10	10	1	1	1	-0.4	0
chr2:16930973	10	1	10	10	1	1	1	-0.4	0
chr2:17099508	10	1	10	10	1	1	1	-0.4	0
chr2:17115279	10	1	10	10	1	1	1	-0.4	0
chr2:17263699	10	1	10	10	1	1	1	-0.4	0
chr2:17325765	10	1	10	10	1	1	1	-0.4	0
chr2:17336202	10	1	10	10	1	1	1	-0.4	0
chr2:17369570	10	1	10	10	1	1	1	-0.4	0
chr2:17396836	10	1	10	10	1	1	1	-0.4	0
chr2:17538837	10	1	10	10	1	1	1	-0.4	0
chr2:17577548	10	1	10	10	1	1	1	-0.4	0
chr2:17613558	10	1	10	10	1	1	1	-0.4	0
chr2:17614840	10	1	10	10	1	1	1	-0.4	0
chr2:17665840	10	1	10	10	1	1	1	-0.4	0
chr2:17884887	10	1	10	10	1	1	1	-0.4	0
chr2:17918996	10	1	10	10	1	1	1	-0.4	0
chr2:17927156	10	1	10	10	1	1	1	-0.4	0
chr2:18007474	10	1	10	10	1	1	1	-0.4	0
chr2:18060532	10	1	10	10	1	1	1	-0.4	0
chr2:18067930	10	1	10	10	1	1	1	-0.4	0
chr2:18082994	10	1	10	10	1	1	1	-0.4	0
chr2:18084075	10	1	10	10	1	1	1	-0.4	0
chr2:18116235	10	1	10	10	1	1	1	-0.4	0
chr2:18215641	10	1	10	10	1	1	1	-0.4	0
chr2:18236771	10	1	10	10	1	1	1	-0.4	0
chr2:18248988	10	1	10	10	1	1	1	-0.4	0
chr2:18279093	10	1	10	10	1	1	1	-0.4	0
chr2:18297490	10	1	10	10	1	1	1	-0.4	0
chr2:18312982	10	1	10	10	1	1	1	-0.4	0
chr2:18321703	10	1	10	10	1	1	1	-0.4	0
chr2:18323204	10	1	10	10	1	1	1	-0.4	0
chr2:18324565	10	1	10	10	1	1	1	-0.4	0
chr2:18363871	10	1	10	10	1	1	1	-0.4	0
chr2:18379465	10	1	10	10	1	1	1	-0.4	0
chr2:18463356	10	1	10	10	1	1	1	-0.4	0
chr2:18474127	10	1	10	10	1	1	1	-0.4	0
chr2:18483171	10	1	10	10	1	1	1	-0.4	0
chr2:18502453	10	1	10	10	1	1	1	-0.4	0
chr2:18620269	10	1	10	10	1	1	1	-0.4	0
chr2:18725712	10	1	10	10	1	1	1	-0.4	0
chr2:18786433	10	1	10	10	1	1	1	-0.4	0
chr2:18848729	10	1	10	10	1	1	1	-0.4	0
chr2:18898853	10	1	10	10	1	1	1	-0.4	0
chr2:18910020	10	1	10	10	1	1	1	-0.4	0
chr2:18912514	10	1	10	10	1	1	1	-0.4	0
chr2:18913285	10	1	10	10	1	1	1	-0.4	0
chr2:18949999	10	1	10	10	1	1	1	-0.4	0
chr2:18959004	10	1	10	10	1	1	1	-0.4	0
chr2:18965154	10	1	10	10	1	1	1	-0.4	0
chr2:18998781	10	1	10	10	1	1	1	-0.4	0
chr2:19008131	10	1	10	10	1	1	1	-0.4	0
chr2:19019987	10	1	10	10	1	1	1	-0.4	0
chr2:19029768	10	1	10	10	1	1	1	-0.4	0
chr2:19033746	10	1	10	10	1	1	1	-0.4	0
chr2:19140853	10	1	10	10	1	1	1	-0.4	0
chr2:19166867	10	1	10	10	1	1	1	-0.4	0
chr2:19179286	10	1	10	10	1	1	1	-0.4	0
chr2:19232456	10	1	10	10	1	1	1	-0.4	0
chr2:19350703	10	1	10	10	1	1	1	-0.4	0
chr2:19377424	10	1	10	10	1	1	1	-0.4	0
chr2:19440402	10	1	10	10	1	1	1	-0.4	0
chr2:19486820	10	1	10	10	1	1	1	-0.4	0
chr2:19491581	10	1	10	10	1	1	1	-0.4	0
chr2:19540284	10	1	10	10	1	1	1	-0.4	0
chr2:19542072	10	1	10	10	1	1	1	-0.4	0
chr2:19574203	10	1	10	10	1	1	1	-0.4	0
chr2:19622903	10	1	10	10	1	1	1	-0.4	0
chr3:23018	10	1	10	10	1	1	1	-0.4	0
chr3:69506	10	1	10	10	1	1	1	-0.4	0
chr3:88080	10	1	10	10	1	1	1	-0.4	0
chr3:93550	10	1	10	10	1	1	1	-0.4	0
chr3:185530	10	1	10	10	1	1	1	-0.4	0
chr3:208315	10	1	10	10	1	1	1	-0.4	0
chr3:295810	10	1	10	10	1	1	1	-0.4	0
chr3:365425	10	1	10	10	1	1	1	-0.4	0
chr3:376675	10	1	10	10	1	1	1	-0.4	0
chr3:537987	10	1	10	10	1	1	1	-0.4	0
chr3:538426	10	1	10	10	1	1	1	-0.4	0
chr3:539452	10	1	10	10	1	1	1	-0.4	0
chr3:607956	10	1	10	10	1	1	1	-0.4	0
chr3:634160	10	1	10	10	1	1	1	-0.4	0
chr3:634697	10	1	10	10	1	1	1	-0.4	0
chr3:637324	10	1	10	10	1	1	1	-0.4	0
chr3:887353	10	1	10	10	1	1	1	-0.4	0
chr3:985124	10	1	10	10	1	1	1	-0.4	0
chr3:1063975	10	1	10	10	1	1	1	-0.4	0
chr3:1080710	10	1	10	10	1	1	1	-0.4	0
chr3:1153425	10	1	10	10	1	1	1	-0.4	0
chr3:1175285	10	1	10	10	1	1	1	-0.4	0
chr3:1287159	10	1	10	10	1	1	1	-0.4	0
chr3:1290755	10	1	10	10	1	1	1	-0.4	0
chr3:1347627	10	1	10	10	1	1	1	-0.4	0
chr3:1478512	10	1	10	10	1	1	1	-0.4	0
chr3:1538831	10	1	10	10	1	1	1	-0.4	0
chr3:1589972	10	1	10	10	1	1	1	-0.4	0
chr3:1608592	10	1	10	10	1	1	1	-0.4	0
chr3:1617287	10	1	10	10	1	1	1	-0.4	0
chr3:1657264	10	1	10	10	1	1	1	-0.4	0
chr3:1735997	10	1	10	10	1	1	1	-0.4	0
chr3:2132705	10	1	10	10	1	1	1	-0.4	0
chr3:2344430	10	1	10	10	1	1	1	-0.4	0
chr3:2353802	10	1	10	10	1	1	1	-0.4	0
chr3:2441363	10	1	10	10	1	1	1	-0.4	0
chr3:2595458	10	1	10	10	1	1	1	-0.4	0
chr3:2647092	10	1	10	10	1	1	1	-0.4	0
chr3:2654238	10	1	10	10	1	1	1	-0.4	0
chr3:2661739	10	1	10	10	1	1	1	-0.4	0
chr3:2749397	10	1	10	10	1	1	1	-0.4	0
chr3:2753134	10	1	10	10	1	1	1	-0.4	0
chr3:2831326	10	1	10	10	1	1	1	-0.4	0
chr3:3094854	10	1	10	10	1	1	1	-0.4	0
chr3:3098174	10	1	10	10	1	1	1	-0.4	0
chr3:3238827	10	1	10	10	1	1	1	-0.4	0
chr3:3271445	10	1	10	10	1	1	1	-0.4	0
chr3:3337284	10	1	10	10	1	1	1	-0.4	0
chr3:3417833	10	1	10	10	1	1	1	-0.4	0
chr3:3427383	10	1	10	10	1	1	1	-0.4	0
chr3:3443207	10	1	10	10	1	1	1	-0.4	0
chr3:3444036	10	1	10	10	1	1	1	-0.4	0
chr3:3598313	10	1	10	10	1	1	1	-0.4	0
chr3:3650090	10	1	10	10	1	1	1	-0.4	0
chr3:3650607	10	1	10	10	1	1	1	-0.4	0
chr3:3656751	10	1	10	10	1	1	1	-0.4	0
chr3:3738312	10	1	10	10	1	1	1	-0.4	0
chr3:3758481	10	1	10	10	1	1	1	-0.4	0
chr3:3826076	10	1	10	10	1	1	1	-0.4	0
chr3:3860036	10	1	10	10	1	1	1	-0.4	0
chr3:3862611	10	1	10	10	1	1	1	-0.4	0
chr3:3910637	10	1	10	10	1	1	1	-0.4	0
chr3:3957722	10	1	10	10	1	1	1	-0.4	0
chr3:3988640	10	1	10	10	1	1	1	-0.4	0
chr3:4012597	10	1	10	10	1	1	1	-0.4	0
chr3:4036251	10	1	10	10	1	1	1	-0.4	0
chr3:4095216	10	1	10	10	1	1	1	-0.4	0
chr3:4107208	10	1	10	10	1	1	1	-0.4	0
chr3:4109197	10	1	10	10	1	1	1	-0.4	0
chr3:4118302	10	1	10	10	1	1	1	-0.4	0
chr3:4119091	10	1	10	10	1	1	1	-0.4	0
chr3:4219287	10	1	10	10	1	1	1	-0.4	0
chr3:4254545	10	1	10	10	1	1	1	-0.4	0
chr3:4314549	10	1	10	10	1	1	1	-0.4	0
chr3:4367276	10	1	10	10	1	1	1	-0.4	0
chr3:4370227	10	1	10	10	1	1	1	-0.4	0
chr3:4372142	10	1	10	10	1	1	1	-0.4	0
chr3:4399445	10	1	10	10	1	1	1	-0.4	0
chr3:4462413	10	1	10	10	1	1	1	-0.4	0
chr3:4494014	10	1	10	10	1	1	1	-0.4	0
chr3:4508788	10	1	10	10	1	1	1	-0.4	0
chr3:4603828	10	1	10	10	1	1	1	-0.4	0
chr3:4641645	10	1	10	10	1	1	1	-0.4	0
chr3:4705718	10	1	10	10	1	1	1	-0.4	0
chr3:4723891	10	1	10	10	1	1	1	-0.4	0
chr3:4725804	10	1	10	10	1	1	1	-0.4	0
chr3:4736187	10	1	10	10	1	1	1	-0.4	0
chr3:4739164	10	1	10	10	1	1	1	-0.4	0
chr3:4741080	10	1	10	10	1	1	1	-0.4	0
chr3:4828559	10	1	10	10	1	1	1	-0.4	0
chr3:4857271	10	1	10	10	1	1	1	-0.4	0
chr3:4933064	10	1	10	10	1	1	1	-0.4	0
chr3:4937228	10	1	10	10	1	1	1	-0.4	0
chr3:5003619	10	1	10	10	1	1	1	-0.4	0
chr3:5069280	10	1	10	10	1	1	1	-0.4	0
chr3:5119821	10	1	10	10	1	1	1	-0.4	0
chr3:5122725	10	1	10	10	1	1	1	-0.4	0
chr3:5124779	10	1	10	10	1	1	1	-0.4	0
chr3:5125415	10	1	10	10	1	1	1	-0.4	0
chr3:5138726	10	1	10	10	1	1	1	-0.4	0
chr3:5175703	10	1	10	10	1	1	1	-0.4	0
chr3:5252794	10	1	10	10	1	1	1	-0.4	0
chr3:5297977	10	1	10	10	1	1	1	-0.4	0
chr3:5610351	10	1	10	10	1	1	1	-0.4	0
chr3:5625636	10	1	10	10	1	1	1	-0.4	0
chr3:5640060	10	1	10	10	1	1	1	-0.4	0
chr3:5764889	10	1	10	10	1	1	1	-0.4	0
chr3:5778507	10	1	10	10	1	1	1	-0.4	0
chr3:5827372	10	1	10	10	1	1	1	-0.4	0
chr3:5839152	10	1	10	10	1	1	1	-0.4	0
chr3:5892351	10	1	10	10	1	1	1	-0.4	0
chr3:6019696	10	1	10	10	1	1	1	-0.4	0
chr3:6389038	10	1	10	10	1	1	1	-0.4	0
chr3:6395071	10	1	10	10	1	1	1	-0.4	0
chr3:6430455	10	1	10	10	1	1	1	-0.4	0
chr3:6492686	10	1	10	10	1	1	1	-0.4	0
chr3:6493427	10	1	10	10	1	1	1	-0.4	0
chr3:6614002	10	1	10	10	1	1	1	-0.4	0
chr3:6617761	10	1	10	10	1	1	1	-0.4	0
chr3:6721536	10	1	10	10	1	1	1	-0.4	0
chr3:6727023	10	1	10	10	1	1	1	-0.4	0
chr3:6780464	10	1	10	10	1	1	1	-0.4	0
chr3:6815480	10	1	10	10	1	1	1	-0.4	0
chr3:6826094	10	1	10	10	1	1	1	-0.4	0
chr3:6933815	10	1	10	10	1	1	1	-0.4	0
chr3:6988129	10	1	10	10	1	1	1	-0.4	0
chr3:7013914	10	1	10	10	1	1	1	-0.4	0
chr3:7082613	10	1	10	10	1	1	1	-0.4	0
chr3:7132706	10	1	10	10	1	1	1	-0.4	0
chr3:7224121	10	1	10	10	1	1	1	-0.4	0
chr3:7312813	10	1	10	10	1	1	1	-0.4	0
chr3:7385335	10	1	10	10	1	1	1	-0.4	0
chr3:7510674	10	1	10	10	1	1	1	-0.4	0
chr3:7576925	10	1	10	10	1	1	1	-0.4	0
chr3:7644145	10	1	10	10	1	1	1	-0.4	0
chr3:8064753	10	1	10	10	1	1	1	-0.4	0
chr3:8181979	10	1	10	10	1	1	1	-0.4	0
chr3:8236021	10	1	10	10	1	1	1	-0.4	0
chr3:8275693	10	1	10	10	1	1	1	-0.4	0
chr3:8308048	10	1	10	10	1	1	1	-0.4	0
chr3:8708298	10	1	10	10	1	1	1	-0.4	0
chr3:8709846	10	1	10	10	1	1	1	-0.4	0
chr3:8734679	10	1	10	10	1	1	1	-0.4	0
chr3:8743005	10	1	10	10	1	1	1	-0.4	0
chr3:8865968	10	1	10	10	1	1	1	-0.4	0
chr3:8866798	10	1	10	10	1	1	1	-0.4	0
chr3:8994044	10	1	10	10	1	1	1	-0.4	0
chr3:9103734	10	1	10	10	1	1	1	-0.4	0
chr3:9132227	10	1	10	10	1	1	1	-0.4	0
chr3:9307721	10	1	10	10	1	1	1	-0.4	0
chr3:9412632	10	1	10	10	1	1	1	-0.4	0
chr3:9416787	10	1	10	10	1	1	1	-0.4	0
chr3:9466038	10	1	10	10	1	1	1	-0.4	0
chr3:9479867	10	1	10	10	1	1	1	-0.4	0
chr3:9513763	10	1	10	10	1	1	1	-0.4	0
chr3:9666180	10	1	10	10	1	1	1	-0.4	0
chr3:9710075	10	1	10	10	1	1	1	-0.4	0
chr3:9717180	10	1	10	10	1	1	1	-0.4	0
chr3:9768763	10	1	10	10	1	1	1	-0.4	0
chr3:9870456	10	1	10	10	1	1	1	-0.4	0
chr3:9918857	10	1	10	10	1	1	1	-0.4	0
chr3:9930334	10	1	10	10	1	1	1	-0.4	0
chr3:9940898	10	1	10	10	1	1	1	-0.4	0
chr3:10067498	10	1	10	10	1	1	1	-0.4	0
chr3:10162983	10	1	10	10	1	1	1	-0.4	0
chr3:10315012	10	1	10	10	1	1	1	-0.4	0
chr3:10384225	10	1	10	10	1	1	1	-0.4	0
chr3:10458848	10	1	10	10	1	1	1	-0.4	0
chr3:10592453	10	1	10	10	1	1	1	-0.4	0
chr3:10600356	10	1	10	10	1	1	1	-0.4	0
chr3:10678471	10	1	10	10	1	1	1	-0.4	0
chr3:10704115	10	1	10	10	1	1	1	-0.4	0
chr3:10754942	10	1	10	10	1	1	1	-0.4	0
chr3:10910980	10	1	10	10	1	1	1	-0.4	0
chr3:10969404	10	1	10	10	1	1	1	-0.4	0
chr3:11030037	10	1	10	10	1	1	1	-0.4	0
chr3:11073559	10	1	10	10	1	1	1	-0.4	0
chr3:11725323	10	1	10	10	1	1	1	-0.4	0
chr3:12125815	10	1	10	10	1	1	1	-0.4	0
chr3:12453974	10	1	10	10	1	1	1	-0.4	0
chr3:13587693	10	1	10	10	1	1	1	-0.4	0
chr3:13589324	10	1	10	10	1	1	1	-0.4	0
chr3:13590640	10	1	10	10	1	1	1	-0.4	0
chr3:13591099	10	1	10	10	1	1	1	-0.4	0
chr3:13591703	10	1	10	10	1	1	1	-0.4	0
chr3:14196026	10	1	10	10	1	1	1	-0.4	0
chr3:14196919	10	1	10	10	1	1	1	-0.4	0
chr3:14197398	10	1	10	10	1	1	1	-0.4	0
chr3:14199656	10	1	10	10	1	1	1	-0.4	0
chr3:14200080	10	1	10	10	1	1	1	-0.4	0
chr3:14201702	10	1	10	10	1	1	1	-0.4	0
chr3:14202119	10	1	10	10	1	1	1	-0.4	0
chr3:15215900	10	1	10	10	1	1	1	-0.4	0
chr3:15355612	10	1	10	10	1	1	1	-0.4	0
chr3:15502752	10	1	10	10	1	1	1	-0.4	0
chr3:16475859	10	1	10	10	1	1	1	-0.4	0
chr3:16484111	10	1	10	10	1	1	1	-0.4	0
chr3:16568980	10	1	10	10	1	1	1	-0.4	0
chr3:16699794	10	1	10	10	1	1	1	-0.4	0
chr3:16758911	10	1	10	10	1	1	1	-0.4	0
chr3:16883785	10	1	10	10	1	1	1	-0.4	0
chr3:17008557	10	1	10	10	1	1	1	-0.4	0
chr3:17178440	10	1	10	10	1	1	1	-0.4	0
chr3:17204085	10	1	10	10	1	1	1	-0.4	0
chr3:17212496	10	1	10	10	1	1	1	-0.4	0
chr3:17285663	10	1	10	10	1	1	1	-0.4	0
chr3:17478606	10	1	10	10	1	1	1	-0.4	0
chr3:17509306	10	1	10	10	1	1	1	-0.4	0
chr3:17523302	10	1	10	10	1	1	1	-0.4	0
chr3:17567133	10	1	10	10	1	1	1	-0.4	0
chr3:17704646	10	1	10	10	1	1	1	-0.4	0
chr3:17720047	10	1	10	10	1	1	1	-0.4	0
chr3:17911850	10	1	10	10	1	1	1	-0.4	0
chr3:17977456	10	1	10	10	1	1	1	-0.4	0
chr3:17978017	10	1	10	10	1	1	1	-0.4	0
chr3:18049649	10	1	10	10	1	1	1	-0.4	0
chr3:18139056	10	1	10	10	1	1	1	-0.4	0
chr3:18301734	10	1	10	10	1	1	1	-0.4	0
chr3:18393262	10	1	10	10	1	1	1	-0.4	0
chr3:18467990	10	1	10	10	1	1	1	-0.4	0
chr3:18469790	10	1	10	10	1	1	1	-0.4	0
chr3:18501911	10	1	10	10	1	1	1	-0.4	0
chr3:18516146	10	1	10	10	1	1	1	-0.4	0
chr3:18516895	10	1	10	10	1	1	1	-0.4	0
chr3:18635011	10	1	10	10	1	1	1	-0.4	0
chr3:18800234	10	1	10	10	1	1	1	-0.4	0
chr3:18821990	10	1	10	10	1	1	1	-0.4	0
chr3:18824470	10	1	10	10	1	1	1	-0.4	0
chr3:18859422	10	1	10	10	1	1	1	-0.4	0
chr3:18881852	10	1	10	10	1	1	1	-0.4	0
chr3:18895541	10	1	10	10	1	1	1	-0.4	0
chr3:19056435	10	1	10	10	1	1	1	-0.4	0
chr3:19063578	10	1	10	10	1	1	1	-0.4	0
chr3:19172558	10	1	10	10	1	1	1	-0.4	0
chr3:19229180	10	1	10	10	1	1	1	-0.4	0
chr3:19357257	10	1	10	10	1	1	1	-0.4	0
chr3:19439064	10	1	10	10	1	1	1	-0.4	0
chr3:19442596	10	1	10	10	1	1	1	-0.4	0
chr3:19444370	10	1	10	10	1	1	1	-0.4	0
chr3:19445319	10	1	10	10	1	1	1	-0.4	0
chr3:19453376	10	1	10	10	1	1	1	-0.4	0
chr3:19535578	10	1	10	10	1	1	1	-0.4	0
chr3:19547926	10	1	10	10	1	1	1	-0.4	0
chr3:19623606	10	1	10	10	1	1	1	-0.4	0
chr3:19629043	10	1	10	10	1	1	1	-0.4	0
chr3:19629499	10	1	10	10	1	1	1	-0.4	0
chr3:19692841	10	1	10	10	1	1	1	-0.4	0
chr3:19699391	10	1	10	10	1	1	1	-0.4	0
chr3:19700896	10	1	10	10	1	1	1	-0.4	0
chr3:19808355	10	1	10	10	1	1	1	-0.4	0
chr3:19824162	10	1	10	10	1	1	1	-0.4	0
chr3:19880494	10	1	10	10	1	1	1	-0.4	0
chr3:19936488	10	1	10	10	1	1	1	-0.4	0
chr3:19965662	10	1	10	10	1	1	1	-0.4	0
chr3:20048744	10	1	10	10	1	1	1	-0.4	0
chr3:20180243	10	1	10	10	1	1	1	-0.4	0
chr3:20220503	10	1	10	10	1	1	1	-0.4	0
chr3:20296182	10	1	10	10	1	1	1	-0.4	0
chr3:20493556	10	1	10	10	1	1	1	-0.4	0
chr3:20606634	10	1	10	10	1	1	1	-0.4	0
chr3:20607270	10	1	10	10	1	1	1	-0.4	0
chr3:20714946	10	1	10	10	1	1	1	-0.4	0
chr3:20719045	10	1	10	10	1	1	1	-0.4	0
chr3:20753714	10	1	10	10	1	1	1	-0.4	0
chr3:20757928	10	1	10	10	1	1	1	-0.4	0
chr3:20764705	10	1	10	10	1	1	1	-0.4	0
chr3:20771445	10	1	10	10	1	1	1	-0.4	0
chr3:20776724	10	1	10	10	1	1	1	-0.4	0
chr3:20801903	10	1	10	10	1	1	1	-0.4	0
chr3:20941372	10	1	10	10	1	1	1	-0.4	0
chr3:20988434	10	1	10	10	1	1	1	-0.4	0
chr3:21059793	10	1	10	10	1	1	1	-0.4	0
chr3:21193746	10	1	10	10	1	1	1	-0.4	0
chr3:21215592	10	1	10	10	1	1	1	-0.4	0
chr3:21216627	10	1	10	10	1	1	1	-0.4	0
chr3:21217918	10	1	10	10	1	1	1	-0.4	0
chr3:21261348	10	1	10	10	1	1	1	-0.4	0
chr3:21262576	10	1	10	10	1	1	1	-0.4	0
chr3:21303668	10	1	10	10	1	1	1	-0.4	0
chr3:21305169	10	1	10	10	1	1	1	-0.4	0
chr3:21336710	10	1	10	10	1	1	1	-0.4	0
chr3:21344287	10	1	10	10	1	1	1	-0.4	0
chr3:21393986	10	1	10	10	1	1	1	-0.4	0
chr3:21412006	10	1	10	10	1	1	1	-0.4	0
chr3:21430572	10	1	10	10	1	1	1	-0.4	0
chr3:21678503	10	1	10	10	1	1	1	-0.4	0
chr3:21683280	10	1	10	10	1	1	1	-0.4	0
chr3:21835510	10	1	10	10	1	1	1	-0.4	0
chr3:21836538	10	1	10	10	1	1	1	-0.4	0
chr3:21910755	10	1	10	10	1	1	1	-0.4	0
chr3:22006114	10	1	10	10	1	1	1	-0.4	0
chr3:22170148	10	1	10	10	1	1	1	-0.4	0
chr3:22189862	10	1	10	10	1	1	1	-0.4	0
chr3:22217466	10	1	10	10	1	1	1	-0.4	0
chr3:22248793	10	1	10	10	1	1	1	-0.4	0
chr3:22348548	10	1	10	10	1	1	1	-0.4	0
chr3:22378727	10	1	10	10	1	1	1	-0.4	0
chr3:22501623	10	1	10	10	1	1	1	-0.4	0
chr3:22566718	10	1	10	10	1	1	1	-0.4	0
chr3:22645721	10	1	10	10	1	1	1	-0.4	0
chr3:22650011	10	1	10	10	1	1	1	-0.4	0
chr3:22650641	10	1	10	10	1	1	1	-0.4	0
chr3:22687500	10	1	10	10	1	1	1	-0.4	0
chr3:22732419	10	1	10	10	1	1	1	-0.4	0
chr3:22787849	10	1	10	10	1	1	1	-0.4	0
chr3:22873775	10	1	10	10	1	1	1	-0.4	0
chr3:23060758	10	1	10	10	1	1	1	-0.4	0
chr3:23155602	10	1	10	10	1	1	1	-0.4	0
chr3:23201077	10	1	10	10	1	1	1	-0.4	0
chr3:23276699	10	1	10	10	1	1	1	-0.4	0
chr3:23300935	10	1	10	10	1	1	1	-0.4	0
chr3:23410634	10	1	10	10	1	1	1	-0.4	0
chr3:23450278	10	1	10	10	1	1	1	-0.4	0
chr4:21160	10	1	10	10	1	1	1	-0.4	0
chr4:133071	10	1	10	10	1	1	1	-0.4	0
chr4:145403	10	1	10	10	1	1	1	-0.4	0
chr4:299132	10	1	10	10	1	1	1	-0.4	0
chr4:388329	10	1	10	10	1	1	1	-0.4	0
chr4:473844	10	1	10	10	1	1	1	-0.4	0
chr4:475448	10	1	10	10	1	1	1	-0.4	0
chr4:525345	10	1	10	10	1	1	1	-0.4	0
chr4:558243	10	1	10	10	1	1	1	-0.4	0
chr4:564568	10	1	10	10	1	1	1	-0.4	0
chr4:676605	10	1	10	10	1	1	1	-0.4	0
chr4:740577	10	1	10	10	1	1	1	-0.4	0
chr4:744134	10	1	10	10	1	1	1	-0.4	0
chr4:999711	10	1	10	10	1	1	1	-0.4	0
chr4:1304563	10	1	10	10	1	1	1	-0.4	0
chr4:1305439	10	1	10	10	1	1	1	-0.4	0
chr4:1382597	10	1	10	10	1	1	1	-0.4	0
chr4:1424930	10	1	10	10	1	1	1	-0.4	0
chr4:1495479	10	1	10	10	1	1	1	-0.4	0
chr4:1529097	10	1	10	10	1	1	1	-0.4	0
chr4:1540065	10	1	10	10	1	1	1	-0.4	0
chr4:1540493	10	1	10	10	1	1	1	-0.4	0
chr4:1561384	10	1	10	10	1	1	1	-0.4	0
chr4:2217630	10	1	10	10	1	1	1	-0.4	0
chr4:2412182	10	1	10	10	1	1	1	-0.4	0
chr4:2415621	10	1	10	10	1	1	1	-0.4	0
chr4:2508068	10	1	10	10	1	1	1	-0.4	0
chr4:2531844	10	1	10	10	1	1	1	-0.4	0
chr4:2567183	10	1	10	10	1	1	1	-0.4	0
chr4:2661538	10	1	10	10	1	1	1	-0.4	0
chr4:3950962	10	1	10	10	1	1	1	-0.4	0
chr4:3951321	10	1	10	10	1	1	1	-0.4	0
chr4:3952988	10	1	10	10	1	1	1	-0.4	0
chr4:3953564	10	1	10	10	1	1	1	-0.4	0
chr4:3954736	10	1	10	10	1	1	1	-0.4	0
chr4:3965727	10	1	10	10	1	1	1	-0.4	0
chr4:3966538	10	1	10	10	1	1	1	-0.4	0
chr4:3987515	10	1	10	10	1	1	1	-0.4	0
chr4:4074673	10	1	10	10	1	1	1	-0.4	0
chr4:5729407	10	1	10	10	1	1	1	-0.4	0
chr4:5758098	10	1	10	10	1	1	1	-0.4	0
chr4:5847324	10	1	10	10	1	1	1	-0.4	0
chr4:6047780	10	1	10	10	1	1	1	-0.4	0
chr4:6079217	10	1	10	10	1	1	1	-0.4	0
chr4:6083618	10	1	10	10	1	1	1	-0.4	0
chr4:6867848	10	1	10	10	1	1	1	-0.4	0
chr4:6875133	10	1	10	10	1	1	1	-0.4	0
chr4:6910024	10	1	10	10	1	1	1	-0.4	0
chr4:6986388	10	1	10	10	1	1	1	-0.4	0
chr4:7133222	10	1	10	10	1	1	1	-0.4	0
chr4:7133948	10	1	10	10	1	1	1	-0.4	0
chr4:7229802	10	1	10	10	1	1	1	-0.4	0
chr4:7261083	10	1	10	10	1	1	1	-0.4	0
chr4:7646511	10	1	10	10	1	1	1	-0.4	0
chr4:7757827	10	1	10	10	1	1	1	-0.4	0
chr4:7773784	10	1	10	10	1	1	1	-0.4	0
chr4:7850898	10	1	10	10	1	1	1	-0.4	0
chr4:7854805	10	1	10	10	1	1	1	-0.4	0
chr4:7860716	10	1	10	10	1	1	1	-0.4	0
chr4:7862520	10	1	10	10	1	1	1	-0.4	0
chr4:7936482	10	1	10	10	1	1	1	-0.4	0
chr4:8010903	10	1	10	10	1	1	1	-0.4	0
chr4:8011299	10	1	10	10	1	1	1	-0.4	0
chr4:8289408	10	1	10	10	1	1	1	-0.4	0
chr4:8465292	10	1	10	10	1	1	1	-0.4	0
chr4:8510777	10	1	10	10	1	1	1	-0.4	0
chr4:8523837	10	1	10	10	1	1	1	-0.4	0
chr4:8735889	10	1	10	10	1	1	1	-0.4	0
chr4:8890763	10	1	10	10	1	1	1	-0.4	0
chr4:8908949	10	1	10	10	1	1	1	-0.4	0
chr4:8911116	10	1	10	10	1	1	1	-0.4	0
chr4:9052056	10	1	10	10	1	1	1	-0.4	0
chr4:9161747	10	1	10	10	1	1	1	-0.4	0
chr4:9202306	10	1	10	10	1	1	1	-0.4	0
chr4:9243995	10	1	10	10	1	1	1	-0.4	0
chr4:9301953	10	1	10	10	1	1	1	-0.4	0
chr4:9595243	10	1	10	10	1	1	1	-0.4	0
chr4:9598209	10	1	10	10	1	1	1	-0.4	0
chr4:9660897	10	1	10	10	1	1	1	-0.4	0
chr4:9752957	10	1	10	10	1	1	1	-0.4	0
chr4:9817871	10	1	10	10	1	1	1	-0.4	0
chr4:9897798	10	1	10	10	1	1	1	-0.4	0
chr4:9929589	10	1	10	10	1	1	1	-0.4	0
chr4:9969976	10	1	10	10	1	1	1	-0.4	0
chr4:9994940	10	1	10	10	1	1	1	-0.4	0
chr4:10054437	10	1	10	10	1	1	1	-0.4	0
chr4:10060351	10	1	10	10	1	1	1	-0.4	0
chr4:10064351	10	1	10	10	1	1	1	-0.4	0
chr4:10071509	10	1	10	10	1	1	1	-0.4	0
chr4:10143323	10	1	10	10	1	1	1	-0.4	0
chr4:10185438	10	1	10	10	1	1	1	-0.4	0
chr4:10296338	10	1	10	10	1	1	1	-0.4	0
chr4:10326401	10	1	10	10	1	1	1	-0.4	0
chr4:10349597	10	1	10	10	1	1	1	-0.4	0
chr4:10350081	10	1	10	10	1	1	1	-0.4	0
chr4:10352416	10	1	10	10	1	1	1	-0.4	0
chr4:10355746	10	1	10	10	1	1	1	-0.4	0
chr4:10437782	10	1	10	10	1	1	1	-0.4	0
chr4:10633584	10	1	10	10	1	1	1	-0.4	0
chr4:10698853	10	1	10	10	1	1	1	-0.4	0
chr4:10841575	10	1	10	10	1	1	1	-0.4	0
chr4:10896203	10	1	10	10	1	1	1	-0.4	0
chr4:11033817	10	1	10	10	1	1	1	-0.4	0
chr4:11122632	10	1	10	10	1	1	1	-0.4	0
chr4:11133774	10	1	10	10	1	1	1	-0.4	0
chr4:11160002	10	1	10	10	1	1	1	-0.4	0
chr4:11269169	10	1	10	10	1	1	1	-0.4	0
chr4:11269969	10	1	10	10	1	1	1	-0.4	0
chr4:11313679	10	1	10	10	1	1	1	-0.4	0
chr4:11475601	10	1	10	10	1	1	1	-0.4	0
chr4:11697721	10	1	10	10	1	1	1	-0.4	0
chr4:11797458	10	1	10	10	1	1	1	-0.4	0
chr4:11896073	10	1	10	10	1	1	1	-0.4	0
chr4:11897004	10	1	10	10	1	1	1	-0.4	0
chr4:11929185	10	1	10	10	1	1	1	-0.4	0
chr4:11971074	10	1	10	10	1	1	1	-0.4	0
chr4:11997207	10	1	10	10	1	1	1	-0.4	0
chr4:12045996	10	1	10	10	1	1	1	-0.4	0
chr4:12061003	10	1	10	10	1	1	1	-0.4	0
chr4:12064840	10	1	10	10	1	1	1	-0.4	0
chr4:12108839	10	1	10	10	1	1	1	-0.4	0
chr4:12144119	10	1	10	10	1	1	1	-0.4	0
chr4:12167181	10	1	10	10	1	1	1	-0.4	0
chr4:12171033	10	1	10	10	1	1	1	-0.4	0
chr4:12288962	10	1	10	10	1	1	1	-0.4	0
chr4:12289346	10	1	10	10	1	1	1	-0.4	0
chr4:12291610	10	1	10	10	1	1	1	-0.4	0
chr4:12379469	10	1	10	10	1	1	1	-0.4	0
chr4:12476002	10	1	10	10	1	1	1	-0.4	0
chr4:12485534	10	1	10	10	1	1	1	-0.4	0
chr4:12514268	10	1	10	10	1	1	1	-0.4	0
chr4:12569015	10	1	10	10	1	1	1	-0.4	0
chr4:12571677	10	1	10	10	1	1	1	-0.4	0
chr4:12573064	10	1	10	10	1	1	1	-0.4	0
chr4:12820824	10	1	10	10	1	1	1	-0.4	0
chr4:12864528	10	1	10	10	1	1	1	-0.4	0
chr4:12883817	10	1	10	10	1	1	1	-0.4	0
chr4:13016277	10	1	10	10	1	1	1	-0.4	0
chr4:13051516	10	1	10	10	1	1	1	-0.4	0
chr4:13138164	10	1	10	10	1	1	1	-0.4	0
chr4:13161307	10	1	10	10	1	1	1	-0.4	0
chr4:13248878	10	1	10	10	1	1	1	-0.4	0
chr4:13279784	10	1	10	10	1	1	1	-0.4	0
chr4:13444936	10	1	10	10	1	1	1	-0.4	0
chr4:13460934	10	1	10	10	1	1	1	-0.4	0
chr4:13523344	10	1	10	10	1	1	1	-0.4	0
chr4:13652536	10	1	10	10	1	1	1	-0.4	0
chr4:13674838	10	1	10	10	1	1	1	-0.4	0
chr4:13730686	10	1	10	10	1	1	1	-0.4	0
chr4:13742119	10	1	10	10	1	1	1	-0.4	0
chr4:13815786	10	1	10	10	1	1	1	-0.4	0
chr4:13816345	10	1	10	10	1	1	1	-0.4	0
chr4:13920850	10	1	10	10	1	1	1	-0.4	0
chr4:13997517	10	1	10	10	1	1	1	-0.4	0
chr4:14013455	10	1	10	10	1	1	1	-0.4	0
chr4:14055523	10	1	10	10	1	1	1	-0.4	0
chr4:14104612	10	1	10	10	1	1	1	-0.4	0
chr4:14110766	10	1	10	10	1	1	1	-0.4	0
chr4:14257959	10	1	10	10	1	1	1	-0.4	0
chr4:14370543	10	1	10	10	1	1	1	-0.4	0
chr4:14385426	10	1	10	10	1	1	1	-0.4	0
chr4:14440576	10	1	10	10	1	1	1	-0.4	0
chr4:14577726	10	1	10	10	1	1	1	-0.4	0
chr4:14579567	10	1	10	10	1	1	1	-0.4	0
chr4:14624311	10	1	10	10	1	1	1	-0.4	0
chr4:14656306	10	1	10	10	1	1	1	-0.4	0
chr4:14660588	10	1	10	10	1	1	1	-0.4	0
chr4:14741744	10	1	10	10	1	1	1	-0.4	0
chr4:14777122	10	1	10	10	1	1	1	-0.4	0
chr4:14777986	10	1	10	10	1	1	1	-0.4	0
chr4:14779854	10	1	10	10	1	1	1	-0.4	0
chr4:14781051	10	1	10	10	1	1	1	-0.4	0
chr4:14795867	10	1	10	10	1	1	1	-0.4	0
chr4:14841467	10	1	10	10	1	1	1	-0.4	0
chr4:14863077	10	1	10	10	1	1	1	-0.4	0
chr4:14990179	10	1	10	10	1	1	1	-0.4	0
chr4:15063405	10	1	10	10	1	1	1	-0.4	0
chr4:15078563	10	1	10	10	1	1	1	-0.4	0
chr4:15216257	10	1	10	10	1	1	1	-0.4	0
chr4:15231347	10	1	10	10	1	1	1	-0.4	0
chr4:15243051	10	1	10	10	1	1	1	-0.4	0
chr4:15289863	10	1	10	10	1	1	1	-0.4	0
chr4:15290694	10	1	10	10	1	1	1	-0.4	0
chr4:15348103	10	1	10	10	1	1	1	-0.4	0
chr4:15382212	10	1	10	10	1	1	1	-0.4	0
chr4:15417609	10	1	10	10	1	1	1	-0.4	0
chr4:15424245	10	1	10	10	1	1	1	-0.4	0
chr4:15447033	10	1	10	10	1	1	1	-0.4	0
chr4:15459758	10	1	10	10	1	1	1	-0.4	0
chr4:15488022	10	1	10	10	1	1	1	-0.4	0
chr4:15676293	10	1	10	10	1	1	1	-0.4	0
chr4:15707177	10	1	10	10	1	1	1	-0.4	0
chr4:15826843	10	1	10	10	1	1	1	-0.4	0
chr4:15873752	10	1	10	10	1	1	1	-0.4	0
chr4:15939682	10	1	10	10	1	1	1	-0.4	0
chr4:15947127	10	1	10	10	1	1	1	-0.4	0
chr4:16083897	10	1	10	10	1	1	1	-0.4	0
chr4:16090654	10	1	10	10	1	1	1	-0.4	0
chr4:16102306	10	1	10	10	1	1	1	-0.4	0
chr4:16118804	10	1	10	10	1	1	1	-0.4	0
chr4:16136823	10	1	10	10	1	1	1	-0.4	0
chr4:16200439	10	1	10	10	1	1	1	-0.4	0
chr4:16238774	10	1	10	10	1	1	1	-0.4	0
chr4:16256349	10	1	10	10	1	1	1	-0.4	0
chr4:16347205	10	1	10	10	1	1	1	-0.4	0
chr4:16350315	10	1	10	10	1	1	1	-0.4	0
chr4:16371557	10	1	10	10	1	1	1	-0.4	0
chr4:16431808	10	1	10	10	1	1	1	-0.4	0
chr4:16576898	10	1	10	10	1	1	1	-0.4	0
chr4:16648502	10	1	10	10	1	1	1	-0.4	0
chr4:16679083	10	1	10	10	1	1	1	-0.4	0
chr4:16697814	10	1	10	10	1	1	1	-0.4	0
chr4:16714524	10	1	10	10	1	1	1	-0.4	0
chr4:16785742	10	1	10	10	1	1	1	-0.4	0
chr4:16801452	10	1	10	10	1	1	1	-0.4	0
chr4:16801929	10	1	10	10	1	1	1	-0.4	0
chr4:16844216	10	1	10	10	1	1	1	-0.4	0
chr4:16853868	10	1	10	10	1	1	1	-0.4	0
chr4:16855387	10	1	10	10	1	1	1	-0.4	0
chr4:16857247	10	1	10	10	1	1	1	-0.4	0
chr4:16941982	10	1	10	10	1	1	1	-0.4	0
chr4:16960316	10	1	10	10	1	1	1	-0.4	0
chr4:16968207	10	1	10	10	1	1	1	-0.4	0
chr4:17018535	10	1	10	10	1	1	1	-0.4	0
chr4:17039573	10	1	10	10	1	1	1	-0.4	0
chr4:17104486	10	1	10	10	1	1	1	-0.4	0
chr4:17187331	10	1	10	10	1	1	1	-0.4	0
chr4:17225856	10	1	10	10	1	1	1	-0.4	0
chr4:17248612	10	1	10	10	1	1	1	-0.4	0
chr4:17288100	10	1	10	10	1	1	1	-0.4	0
chr4:17324472	10	1	10	10	1	1	1	-0.4	0
chr4:17402591	10	1	10	10	1	1	1	-0.4	0
chr4:17575119	10	1	10	10	1	1	1	-0.4	0
chr4:17642088	10	1	10	10	1	1	1	-0.4	0
chr4:17954940	10	1	10	10	1	1	1	-0.4	0
chr4:18025458	10	1	10	10	1	1	1	-0.4	0
chr4:18062475	10	1	10	10	1	1	1	-0.4	0
chr4:18120048	10	1	10	10	1	1	1	-0.4	0
chr4:18206586	10	1	10	10	1	1	1	-0.4	0
chr4:18208809	10	1	10	10	1	1	1	-0.4	0
chr4:18217340	10	1	10	10	1	1	1	-0.4	0
chr4:18220461	10	1	10	10	1	1	1	-0.4	0
chr4:18233283	10	1	10	10	1	1	1	-0.4	0
chr4:18267868	10	1	10	10	1	1	1	-0.4	0
chr4:18275359	10	1	10	10	1	1	1	-0.4	0
chr4:18276431	10	1	10	10	1	1	1	-0.4	0
chr4:18302750	10	1	10	10	1	1	1	-0.4	0
chr4:18322780	10	1	10	10	1	1	1	-0.4	0
chr4:18462056	10	1	10	10	1	1	1	-0.4	0
chr4:18480584	10	1	10	10	1	1	1	-0.4	0
chr4:18539479	10	1	10	10	1	1	1	-0.4	0
chr4:18551296	10	1	10	10	1	1	1	-0.4	0
chr4:18556929	10	1	10	10	1	1	1	-0.4	0
chr4:18579206	10	1	10	10	1	1	1	-0.4	0
chr5:1156	10	1	10	10	1	1	1	-0.4	0
chr5:9719	10	1	10	10	1	1	1	-0.4	0
chr5:145524	10	1	10	10	1	1	1	-0.4	0
chr5:272338	10	1	10	10	1	1	1	-0.4	0
chr5:304276	10	1	10	10	1	1	1	-0.4	0
chr5:308971	10	1	10	10	1	1	1	-0.4	0
chr5:320683	10	1	10	10	1	1	1	-0.4	0
chr5:332156	10	1	10	10	1	1	1	-0.4	0
chr5:370171	10	1	10	10	1	1	1	-0.4	0
chr5:387741	10	1	10	10	1	1	1	-0.4	0
chr5:389034	10	1	10	10	1	1	1	-0.4	0
chr5:630358	10	1	10	10	1	1	1	-0.4	0
chr5:642191	10	1	10	10	1	1	1	-0.4	0
chr5:694922	10	1	10	10	1	1	1	-0.4	0
chr5:828746	10	1	10	10	1	1	1	-0.4	0
chr5:834734	10	1	10	10	1	1	1	-0.4	0
chr5:887614	10	1	10	10	1	1	1	-0.4	0
chr5:895873	10	1	10	10	1	1	1	-0.4	0
chr5:924857	10	1	10	10	1	1	1	-0.4	0
chr5:925538	10	1	10	10	1	1	1	-0.4	0
chr5:941573	10	1	10	10	1	1	1	-0.4	0
chr5:968769	10	1	10	10	1	1	1	-0.4	0
chr5:979740	10	1	10	10	1	1	1	-0.4	0
chr5:1037152	10	1	10	10	1	1	1	-0.4	0
chr5:1089619	10	1	10	10	1	1	1	-0.4	0
chr5:1152752	10	1	10	10	1	1	1	-0.4	0
chr5:1205276	10	1	10	10	1	1	1	-0.4	0
chr5:1208644	10	1	10	10	1	1	1	-0.4	0
chr5:1306147	10	1	10	10	1	1	1	-0.4	0
chr5:1371676	10	1	10	10	1	1	1	-0.4	0
chr5:1445013	10	1	10	10	1	1	1	-0.4	0
chr5:1516570	10	1	10	10	1	1	1	-0.4	0
chr5:1518154	10	1	10	10	1	1	1	-0.4	0
chr5:1551250	10	1	10	10	1	1	1	-0.4	0
chr5:1600459	10	1	10	10	1	1	1	-0.4	0
chr5:1632872	10	1	10	10	1	1	1	-0.4	0
chr5:1636382	10	1	10	10	1	1	1	-0.4	0
chr5:1670870	10	1	10	10	1	1	1	-0.4	0
chr5:1925425	10	1	10	10	1	1	1	-0.4	0
chr5:1925739	10	1	10	10	1	1	1	-0.4	0
chr5:1927064	10	1	10	10	1	1	1	-0.4	0
chr5:1952869	10	1	10	10	1	1	1	-0.4	0
chr5:2011184	10	1	10	10	1	1	1	-0.4	0
chr5:2132238	10	1	10	10	1	1	1	-0.4	0
chr5:2167248	10	1	10	10	1	1	1	-0.4	0
chr5:2200057	10	1	10	10	1	1	1	-0.4	0
chr5:2204193	10	1	10	10	1	1	1	-0.4	0
chr5:2263186	10	1	10	10	1	1	1	-0.4	0
chr5:2409270	10	1	10	10	1	1	1	-0.4	0
chr5:2614743	10	1	10	10	1	1	1	-0.4	0
chr5:2616281	10	1	10	10	1	1	1	-0.4	0
chr5:2935266	10	1	10	10	1	1	1	-0.4	0
chr5:2985565	10	1	10	10	1	1	1	-0.4	0
chr5:3085465	10	1	10	10	1	1	1	-0.4	0
chr5:3140620	10	1	10	10	1	1	1	-0.4	0
chr5:3253202	10	1	10	10	1	1	1	-0.4	0
chr5:3286266	10	1	10	10	1	1	1	-0.4	0
chr5:3323644	10	1	10	10	1	1	1	-0.4	0
chr5:3336037	10	1	10	10	1	1	1	-0.4	0
chr5:3345670	10	1	10	10	1	1	1	-0.4	0
chr5:3368089	10	1	10	10	1	1	1	-0.4	0
chr5:3464074	10	1	10	10	1	1	1	-0.4	0
chr5:3524774	10	1	10	10	1	1	1	-0.4	0
chr5:3526375	10	1	10	10	1	1	1	-0.4	0
chr5:3528038	10	1	10	10	1	1	1	-0.4	0
chr5:3529417	10	1	10	10	1	1	1	-0.4	0
chr5:3531482	10	1	10	10	1	1	1	-0.4	0
chr5:3594114	10	1	10	10	1	1	1	-0.4	0
chr5:3595352	10	1	10	10	1	1	1	-0.4	0
chr5:3753874	10	1	10	10	1	1	1	-0.4	0
chr5:3783938	10	1	10	10	1	1	1	-0.4	0
chr5:3879685	10	1	10	10	1	1	1	-0.4	0
chr5:3919253	10	1	10	10	1	1	1	-0.4	0
chr5:3932588	10	1	10	10	1	1	1	-0.4	0
chr5:4151270	10	1	10	10	1	1	1	-0.4	0
chr5:4156359	10	1	10	10	1	1	1	-0.4	0
chr5:4193244	10	1	10	10	1	1	1	-0.4	0
chr5:4195815	10	1	10	10	1	1	1	-0.4	0
chr5:4201780	10	1	10	10	1	1	1	-0.4	0
chr5:4249562	10	1	10	10	1	1	1	-0.4	0
chr5:4250913	10	1	10	10	1	1	1	-0.4	0
chr5:4255371	10	1	10	10	1	1	1	-0.4	0
chr5:4256258	10	1	10	10	1	1	1	-0.4	0
chr5:4260393	10	1	10	10	1	1	1	-0.4	0
chr5:4261378	10	1	10	10	1	1	1	-0.4	0
chr5:4262383	10	1	10	10	1	1	1	-0.4	0
chr5:4263375	10	1	10	10	1	1	1	-0.4	0
chr5:4263827	10	1	10	10	1	1	1	-0.4	0
chr5:4264351	10	1	10	10	1	1	1	-0.4	0
chr5:4265171	10	1	10	10	1	1	1	-0.4	0
chr5:4265851	10	1	10	10	1	1	1	-0.4	0
chr5:4266731	10	1	10	10	1	1	1	-0.4	0
chr5:4267295	10	1	10	10	1	1	1	-0.4	0
chr5:4268011	10	1	10	10	1	1	1	-0.4	0
chr5:4271463	10	1	10	10	1	1	1	-0.4	0
chr5:4272855	10	1	10	10	1	1	1	-0.4	0
chr5:4273297	10	1	10	10	1	1	1	-0.4	0
chr5:4273780	10	1	10	10	1	1	1	-0.4	0
chr5:4275577	10	1	10	10	1	1	1	-0.4	0
chr5:4276046	10	1	10	10	1	1	1	-0.4	0
chr5:4276998	10	1	10	10	1	1	1	-0.4	0
chr5:4277538	10	1	10	10	1	1	1	-0.4	0
chr5:4279648	10	1	10	10	1	1	1	-0.4	0
chr5:4282750	10	1	10	10	1	1	1	-0.4	0
chr5:4283321	10	1	10	10	1	1	1	-0.4	0
chr5:4284169	10	1	10	10	1	1	1	-0.4	0
chr5:4285206	10	1	10	10	1	1	1	-0.4	0
chr5:4286862	10	1	10	10	1	1	1	-0.4	0
chr5:4288029	10	1	10	10	1	1	1	-0.4	0
chr5:4289148	10	1	10	10	1	1	1	-0.4	0
chr5:4292679	10	1	10	10	1	1	1	-0.4	0
chr5:4293385	10	1	10	10	1	1	1	-0.4	0
chr5:4296751	10	1	10	10	1	1	1	-0.4	0
chr5:4299422	10	1	10	10	1	1	1	-0.4	0
chr5:4301522	10	1	10	10	1	1	1	-0.4	0
chr5:4304424	10	1	10	10	1	1	1	-0.4	0
chr5:4305274	10	1	10	10	1	1	1	-0.4	0
chr5:4307339	10	1	10	10	1	1	1	-0.4	0
chr5:4308314	10	1	10	10	1	1	1	-0.4	0
chr5:4308882	10	1	10	10	1	1	1	-0.4	0
chr5:4310168	10	1	10	10	1	1	1	-0.4	0
chr5:4310580	10	1	10	10	1	1	1	-0.4	0
chr5:4311036	10	1	10	10	1	1	1	-0.4	0
chr5:4311410	10	1	10	10	1	1	1	-0.4	0
chr5:4312066	10	1	10	10	1	1	1	-0.4	0
chr5:4315329	10	1	10	10	1	1	1	-0.4	0
chr5:4319498	10	1	10	10	1	1	1	-0.4	0
chr5:4321753	10	1	10	10	1	1	1	-0.4	0
chr5:4324972	10	1	10	10	1	1	1	-0.4	0
chr5:4325555	10	1	10	10	1	1	1	-0.4	0
chr5:4326274	10	1	10	10	1	1	1	-0.4	0
chr5:4335231	10	1	10	10	1	1	1	-0.4	0
chr5:4457806	10	1	10	10	1	1	1	-0.4	0
chr5:4517118	10	1	10	10	1	1	1	-0.4	0
chr5:4572613	10	1	10	10	1	1	1	-0.4	0
chr5:4722286	10	1	10	10	1	1	1	-0.4	0
chr5:4761435	10	1	10	10	1	1	1	-0.4	0
chr5:4903123	10	1	10	10	1	1	1	-0.4	0
chr5:4903796	10	1	10	10	1	1	1	-0.4	0
chr5:5006923	10	1	10	10	1	1	1	-0.4	0
chr5:5288061	10	1	10	10	1	1	1	-0.4	0
chr5:5300601	10	1	10	10	1	1	1	-0.4	0
chr5:5358524	10	1	10	10	1	1	1	-0.4	0
chr5:5497465	10	1	10	10	1	1	1	-0.4	0
chr5:5548964	10	1	10	10	1	1	1	-0.4	0
chr5:5814630	10	1	10	10	1	1	1	-0.4	0
chr5:5866675	10	1	10	10	1	1	1	-0.4	0
chr5:5927411	10	1	10	10	1	1	1	-0.4	0
chr5:6001061	10	1	10	10	1	1	1	-0.4	0
chr5:6028104	10	1	10	10	1	1	1	-0.4	0
chr5:6044407	10	1	10	10	1	1	1	-0.4	0
chr5:6047554	10	1	10	10	1	1	1	-0.4	0
chr5:6064054	10	1	10	10	1	1	1	-0.4	0
chr5:6127458	10	1	10	10	1	1	1	-0.4	0
chr5:6190467	10	1	10	10	1	1	1	-0.4	0
chr5:6217841	10	1	10	10	1	1	1	-0.4	0
chr5:6287769	10	1	10	10	1	1	1	-0.4	0
chr5:6361968	10	1	10	10	1	1	1	-0.4	0
chr5:6514006	10	1	10	10	1	1	1	-0.4	0
chr5:6658684	10	1	10	10	1	1	1	-0.4	0
chr5:6773600	10	1	10	10	1	1	1	-0.4	0
chr5:7164161	10	1	10	10	1	1	1	-0.4	0
chr5:7205603	10	1	10	10	1	1	1	-0.4	0
chr5:7251277	10	1	10	10	1	1	1	-0.4	0
chr5:7264499	10	1	10	10	1	1	1	-0.4	0
chr5:7497994	10	1	10	10	1	1	1	-0.4	0
chr5:7513067	10	1	10	10	1	1	1	-0.4	0
chr5:7524869	10	1	10	10	1	1	1	-0.4	0
chr5:7664005	10	1	10	10	1	1	1	-0.4	0
chr5:7809861	10	1	10	10	1	1	1	-0.4	0
chr5:7842777	10	1	10	10	1	1	1	-0.4	0
chr5:7878503	10	1	10	10	1	1	1	-0.4	0
chr5:7927106	10	1	10	10	1	1	1	-0.4	0
chr5:7968111	10	1	10	10	1	1	1	-0.4	0
chr5:8077912	10	1	10	10	1	1	1	-0.4	0
chr5:8161551	10	1	10	10	1	1	1	-0.4	0
chr5:8242308	10	1	10	10	1	1	1	-0.4	0
chr5:8344429	10	1	10	10	1	1	1	-0.4	0
chr5:8359756	10	1	10	10	1	1	1	-0.4	0
chr5:8587393	10	1	10	10	1	1	1	-0.4	0
chr5:8731854	10	1	10	10	1	1	1	-0.4	0
chr5:8776375	10	1	10	10	1	1	1	-0.4	0
chr5:8798331	10	1	10	10	1	1	1	-0.4	0
chr5:9000930	10	1	10	10	1	1	1	-0.4	0
chr5:9208228	10	1	10	10	1	1	1	-0.4	0
chr5:9247250	10	1	10	10	1	1	1	-0.4	0
chr5:9476245	10	1	10	10	1	1	1	-0.4	0
chr5:9515819	10	1	10	10	1	1	1	-0.4	0
chr5:9648733	10	1	10	10	1	1	1	-0.4	0
chr5:9683524	10	1	10	10	1	1	1	-0.4	0
chr5:9789607	10	1	10	10	1	1	1	-0.4	0
chr5:9830198	10	1	10	10	1	1	1	-0.4	0
chr5:9984101	10	1	10	10	1	1	1	-0.4	0
chr5:10047445	10	1	10	10	1	1	1	-0.4	0
chr5:10134661	10	1	10	10	1	1	1	-0.4	0
chr5:11185067	10	1	10	10	1	1	1	-0.4	0
chr5:11185748	10	1	10	10	1	1	1	-0.4	0
chr5:11186457	10	1	10	10	1	1	1	-0.4	0
chr5:11727806	10	1	10	10	1	1	1	-0.4	0
chr5:11730499	10	1	10	10	1	1	1	-0.4	0
chr5:11732309	10	1	10	10	1	1	1	-0.4	0
chr5:11733741	10	1	10	10	1	1	1	-0.4	0
chr5:11736053	10	1	10	10	1	1	1	-0.4	0
chr5:12974058	10	1	10	10	1	1	1	-0.4	0
chr5:13466033	10	1	10	10	1	1	1	-0.4	0
chr5:13591403	10	1	10	10	1	1	1	-0.4	0
chr5:13760763	10	1	10	10	1	1	1	-0.4	0
chr5:13901719	10	1	10	10	1	1	1	-0.4	0
chr5:13903042	10	1	10	10	1	1	1	-0.4	0
chr5:14228464	10	1	10	10	1	1	1	-0.4	0
chr5:14552156	10	1	10	10	1	1	1	-0.4	0
chr5:14935839	10	1	10	10	1	1	1	-0.4	0
chr5:14936854	10	1	10	10	1	1	1	-0.4	0
chr5:15532373	10	1	10	10	1	1	1	-0.4	0
chr5:15612428	10	1	10	10	1	1	1	-0.4	0
chr5:15616871	10	1	10	10	1	1	1	-0.4	0
chr5:15631461	10	1	10	10	1	1	1	-0.4	0
chr5:15643666	10	1	10	10	1	1	1	-0.4	0
chr5:15654120	10	1	10	10	1	1	1	-0.4	0
chr5:15849184	10	1	10	10	1	1	1	-0.4	0
chr5:15997825	10	1	10	10	1	1	1	-0.4	0
chr5:16004165	10	1	10	10	1	1	1	-0.4	0
chr5:16067715	10	1	10	10	1	1	1	-0.4	0
chr5:16198433	10	1	10	10	1	1	1	-0.4	0
chr5:16207041	10	1	10	10	1	1	1	-0.4	0
chr5:16317945	10	1	10	10	1	1	1	-0.4	0
chr5:16320840	10	1	10	10	1	1	1	-0.4	0
chr5:16323096	10	1	10	10	1	1	1	-0.4	0
chr5:16667898	10	1	10	10	1	1	1	-0.4	0
chr5:16797950	10	1	10	10	1	1	1	-0.4	0
chr5:16974618	10	1	10	10	1	1	1	-0.4	0
chr5:17135544	10	1	10	10	1	1	1	-0.4	0
chr5:17185251	10	1	10	10	1	1	1	-0.4	0
chr5:17299099	10	1	10	10	1	1	1	-0.4	0
chr5:17843824	10	1	10	10	1	1	1	-0.4	0
chr5:17994875	10	1	10	10	1	1	1	-0.4	0
chr5:18037444	10	1	10	10	1	1	1	-0.4	0
chr5:18038595	10	1	10	10	1	1	1	-0.4	0
chr5:18163078	10	1	10	10	1	1	1	-0.4	0
chr5:18221167	10	1	10	10	1	1	1	-0.4	0
chr5:18244284	10	1	10	10	1	1	1	-0.4	0
chr5:18367845	10	1	10	10	1	1	1	-0.4	0
chr5:18371190	10	1	10	10	1	1	1	-0.4	0
chr5:18391084	10	1	10	10	1	1	1	-0.4	0
chr5:18688736	10	1	10	10	1	1	1	-0.4	0
chr5:18689186	10	1	10	10	1	1	1	-0.4	0
chr5:18779401	10	1	10	10	1	1	1	-0.4	0
chr5:18806450	10	1	10	10	1	1	1	-0.4	0
chr5:18825037	10	1	10	10	1	1	1	-0.4	0
chr5:18833253	10	1	10	10	1	1	1	-0.4	0
chr5:18957638	10	1	10	10	1	1	1	-0.4	0
chr5:18968758	10	1	10	10	1	1	1	-0.4	0
chr5:18977028	10	1	10	10	1	1	1	-0.4	0
chr5:19047377	10	1	10	10	1	1	1	-0.4	0
chr5:19090319	10	1	10	10	1	1	1	-0.4	0
chr5:19115767	10	1	10	10	1	1	1	-0.4	0
chr5:19181425	10	1	10	10	1	1	1	-0.4	0
chr5:19236636	10	1	10	10	1	1	1	-0.4	0
chr5:19398585	10	1	10	10	1	1	1	-0.4	0
chr5:19607174	10	1	10	10	1	1	1	-0.4	0
chr5:19627851	10	1	10	10	1	1	1	-0.4	0
chr5:19639641	10	1	10	10	1	1	1	-0.4	0
chr5:19670206	10	1	10	10	1	1	1	-0.4	0
chr5:19924083	10	1	10	10	1	1	1	-0.4	0
chr5:19978050	10	1	10	10	1	1	1	-0.4	0
chr5:20084568	10	1	10	10	1	1	1	-0.4	0
chr5:20116282	10	1	10	10	1	1	1	-0.4	0
chr5:20167042	10	1	10	10	1	1	1	-0.4	0
chr5:20190135	10	1	10	10	1	1	1	-0.4	0
chr5:20192256	10	1	10	10	1	1	1	-0.4	0
chr5:20193883	10	1	10	10	1	1	1	-0.4	0
chr5:20216034	10	1	10	10	1	1	1	-0.4	0
chr5:20216449	10	1	10	10	1	1	1	-0.4	0
chr5:20263070	10	1	10	10	1	1	1	-0.4	0
chr5:20519008	10	1	10	10	1	1	1	-0.4	0
chr5:20645959	10	1	10	10	1	1	1	-0.4	0
chr5:20706761	10	1	10	10	1	1	1	-0.4	0
chr5:20833966	10	1	10	10	1	1	1	-0.4	0
chr5:20856916	10	1	10	10	1	1	1	-0.4	0
chr5:20900611	10	1	10	10	1	1	1	-0.4	0
chr5:21095143	10	1	10	10	1	1	1	-0.4	0
chr5:21161406	10	1	10	10	1	1	1	-0.4	0
chr5:21410878	10	1	10	10	1	1	1	-0.4	0
chr5:21694805	10	1	10	10	1	1	1	-0.4	0
chr5:21698683	10	1	10	10	1	1	1	-0.4	0
chr5:21700391	10	1	10	10	1	1	1	-0.4	0
chr5:21799405	10	1	10	10	1	1	1	-0.4	0
chr5:21858544	10	1	10	10	1	1	1	-0.4	0
chr5:21865078	10	1	10	10	1	1	1	-0.4	0
chr5:21898709	10	1	10	10	1	1	1	-0.4	0
chr5:21923809	10	1	10	10	1	1	1	-0.4	0
chr5:21931273	10	1	10	10	1	1	1	-0.4	0
chr5:21965761	10	1	10	10	1	1	1	-0.4	0
chr5:21971520	10	1	10	10	1	1	1	-0.4	0
chr5:22054228	10	1	10	10	1	1	1	-0.4	0
chr5:22081793	10	1	10	10	1	1	1	-0.4	0
chr5:22134832	10	1	10	10	1	1	1	-0.4	0
chr5:22323569	10	1	10	10	1	1	1	-0.4	0
chr5:22331940	10	1	10	10	1	1	1	-0.4	0
chr5:22356242	10	1	10	10	1	1	1	-0.4	0
chr5:22359470	10	1	10	10	1	1	1	-0.4	0
chr5:22508351	10	1	10	10	1	1	1	-0.4	0
chr5:22777741	10	1	10	10	1	1	1	-0.4	0
chr5:22972803	10	1	10	10	1	1	1	-0.4	0
chr5:23056506	10	1	10	10	1	1	1	-0.4	0
chr5:23080610	10	1	10	10	1	1	1	-0.4	0
chr5:23120438	10	1	10	10	1	1	1	-0.4	0
chr5:23185387	10	1	10	10	1	1	1	-0.4	0
chr5:23283232	10	1	10	10	1	1	1	-0.4	0
chr5:23286046	10	1	10	10	1	1	1	-0.4	0
chr5:23290178	10	1	10	10	1	1	1	-0.4	0
chr5:23318212	10	1	10	10	1	1	1	-0.4	0
chr5:23355594	10	1	10	10	1	1	1	-0.4	0
chr5:23389367	10	1	10	10	1	1	1	-0.4	0
chr5:23426571	10	1	10	10	1	1	1	-0.4	0
chr5:23474135	10	1	10	10	1	1	1	-0.4	0
chr5:23533540	10	1	10	10	1	1	1	-0.4	0
chr5:23584797	10	1	10	10	1	1	1	-0.4	0
chr5:23585226	10	1	10	10	1	1	1	-0.4	0
chr5:23588157	10	1	10	10	1	1	1	-0.4	0
chr5:23596092	10	1	10	10	1	1	1	-0.4	0
chr5:23623568	10	1	10	10	1	1	1	-0.4	0
chr5:23697694	10	1	10	10	1	1	1	-0.4	0
chr5:23786578	10	1	10	10	1	1	1	-0.4	0
chr5:23876573	10	1	10	10	1	1	1	-0.4	0
chr5:23896674	10	1	10	10	1	1	1	-0.4	0
chr5:23965044	10	1	10	10	1	1	1	-0.4	0
chr5:23999781	10	1	10	10	1	1	1	-0.4	0
chr5:24066238	10	1	10	10	1	1	1	-0.4	0
chr5:24140135	10	1	10	10	1	1	1	-0.4	0
chr5:24230130	10	1	10	10	1	1	1	-0.4	0
chr5:24257614	10	1	10	10	1	1	1	-0.4	0
chr5:24384279	10	1	10	10	1	1	1	-0.4	0
chr5:24394687	10	1	10	10	1	1	1	-0.4	0
chr5:24417512	10	1	10	10	1	1	1	-0.4	0
chr5:24417931	10	1	10	10	1	1	1	-0.4	0
chr5:24461118	10	1	10	10	1	1	1	-0.4	0
chr5:24742039	10	1	10	10	1	1	1	-0.4	0
chr5:24905569	10	1	10	10	1	1	1	-0.4	0
chr5:24908387	10	1	10	10	1	1	1	-0.4	0
chr5:24932553	10	1	10	10	1	1	1	-0.4	0
chr5:25054433	10	1	10	10	1	1	1	-0.4	0
chr5:25089633	10	1	10	10	1	1	1	-0.4	0
chr5:25111579	10	1	10	10	1	1	1	-0.4	0
chr5:25234623	10	1	10	10	1	1	1	-0.4	0
chr5:25291648	10	1	10	10	1	1	1	-0.4	0
chr5:25302501	10	1	10	10	1	1	1	-0.4	0
chr5:25379410	10	1	10	10	1	1	1	-0.4	0
chr5:25430662	10	1	10	10	1	1	1	-0.4	0
chr5:25437055	10	1	10	10	1	1	1	-0.4	0
chr5:25451848	10	1	10	10	1	1	1	-0.4	0
chr5:25468392	10	1	10	10	1	1	1	-0.4	0
chr5:25477489	10	1	10	10	1	1	1	-0.4	0
chr5:25528462	10	1	10	10	1	1	1	-0.4	0
chr5:25622611	10	1	10	10	1	1	1	-0.4	0
chr5:25648084	10	1	10	10	1	1	1	-0.4	0
chr5:25656585	10	1	10	10	1	1	1	-0.4	0
chr5:25661081	10	1	10	10	1	1	1	-0.4	0
chr5:25662950	10	1	10	10	1	1	1	-0.4	0
chr5:25702980	10	1	10	10	1	1	1	-0.4	0
chr5:25703812	10	1	10	10	1	1	1	-0.4	0
chr5:25718247	10	1	10	10	1	1	1	-0.4	0
chr5:25755345	10	1	10	10	1	1	1	-0.4	0
chr5:25806294	10	1	10	10	1	1	1	-0.4	0
chr5:25841179	10	1	10	10	1	1	1	-0.4	0
chr5:25845557	10	1	10	10	1	1	1	-0.4	0
chr5:25868595	10	1	10	10	1	1	1	-0.4	0
chr5:25891426	10	1	10	10	1	1	1	-0.4	0
chr5:25939391	10	1	10	10	1	1	1	-0.4	0
chr5:26002693	10	1	10	10	1	1	1	-0.4	0
chr5:26012433	10	1	10	10	1	1	1	-0.4	0
chr5:26043000	10	1	10	10	1	1	1	-0.4	0
chr5:26054058	10	1	10	10	1	1	1	-0.4	0
chr5:26056989	10	1	10	10	1	1	1	-0.4	0
chr5:26083226	10	1	10	10	1	1	1	-0.4	0
chr5:26096587	10	1	10	10	1	1	1	-0.4	0
chr5:26151331	10	1	10	10	1	1	1	-0.4	0
chr5:26218188	10	1	10	10	1	1	1	-0.4	0
chr5:26231297	10	1	10	10	1	1	1	-0.4	0
chr5:26265161	10	1	10	10	1	1	1	-0.4	0
chr5:26350684	10	1	10	10	1	1	1	-0.4	0
chr5:26369125	10	1	10	10	1	1	1	-0.4	0
chr5:26421662	10	1	10	10	1	1	1	-0.4	0
chr5:26538270	10	1	10	10	1	1	1	-0.4	0
chr5:26628542	10	1	10	10	1	1	1	-0.4	0
chr5:26645215	10	1	10	10	1	1	1	-0.4	0
chr5:26667788	10	1	10	10	1	1	1	-0.4	0
chr5:26725954	10	1	10	10	1	1	1	-0.4	0
chr5:26731607	10	1	10	10	1	1	1	-0.4	0
chr5:26757308	10	1	10	10	1	1	1	-0.4	0
chr5:26770904	10	1	10	10	1	1	1	-0.4	0
chr5:26799775	10	1	10	10	1	1	1	-0.4	0
chr5:26850082	10	1	10	10	1	1	1	-0.4	0
chr5:26850742	10	1	10	10	1	1	1	-0.4	0
chr5:26909656	10	1	10	10	1	1	1	-0.4	0
chr5:26912632	10	1	10	10	1	1	1	-0.4	0
