Position	IP	Control	Fold	Expectd	Q_-lg10	P_-lg10	P_poiss	IPvsEMP	Noise
chr1:2349147	10	1	10	10	1	1	1	-0.4	0
chr1:2848329	10	1	10	10	1	1	1	-0.4	0
chr1:3610799	10	1	10	10	1	1	1	-0.4	0
chr1:3804061	10	1	10	10	1	1	1	-0.4	0
chr1:4976210	10	1	10	10	1	1	1	-0.4	0
chr1:5082510	10	1	10	10	1	1	1	-0.4	0
chr1:5390873	10	1	10	10	1	1	1	-0.4	0
chr1:5765506	10	1	10	10	1	1	1	-0.4	0
chr1:7144112	10	1	10	10	1	1	1	-0.4	0
chr1:7144729	10	1	10	10	1	1	1	-0.4	0
chr1:7216965	10	1	10	10	1	1	1	-0.4	0
chr1:7836481	10	1	10	10	1	1	1	-0.4	0
chr1:8558235	10	1	10	10	1	1	1	-0.4	0
chr1:8855740	10	1	10	10	1	1	1	-0.4	0
chr1:9024259	10	1	10	10	1	1	1	-0.4	0
chr1:9591986	10	1	10	10	1	1	1	-0.4	0
chr1:9604517	10	1	10	10	1	1	1	-0.4	0
chr1:9611972	10	1	10	10	1	1	1	-0.4	0
chr1:9638795	10	1	10	10	1	1	1	-0.4	0
chr1:9641638	10	1	10	10	1	1	1	-0.4	0
chr1:9649180	10	1	10	10	1	1	1	-0.4	0
chr1:9649180	10	1	10	10	1	1	1	-0.4	0
chr1:9655341	10	1	10	10	1	1	1	-0.4	0
chr1:9655974	10	1	10	10	1	1	1	-0.4	0
chr1:9658145	10	1	10	10	1	1	1	-0.4	0
chr1:9660560	10	1	10	10	1	1	1	-0.4	0
chr1:9660560	10	1	10	10	1	1	1	-0.4	0
chr1:9661402	10	1	10	10	1	1	1	-0.4	0
chr1:9662296	10	1	10	10	1	1	1	-0.4	0
chr1:9662296	10	1	10	10	1	1	1	-0.4	0
chr1:9887737	10	1	10	10	1	1	1	-0.4	0
chr1:15082153	10	1	10	10	1	1	1	-0.4	0
chr1:15082736	10	1	10	10	1	1	1	-0.4	0
chr1:15082736	10	1	10	10	1	1	1	-0.4	0
chr1:15083711	10	1	10	10	1	1	1	-0.4	0
chr1:15083711	10	1	10	10	1	1	1	-0.4	0
chr1:15084436	10	1	10	10	1	1	1	-0.4	0
chr1:15084436	10	1	10	10	1	1	1	-0.4	0
chr1:15085676	10	1	10	10	1	1	1	-0.4	0
chr1:15085676	10	1	10	10	1	1	1	-0.4	0
chr1:17975762	10	1	10	10	1	1	1	-0.4	0
chr1:19144095	10	1	10	10	1	1	1	-0.4	0
chr1:19257345	10	1	10	10	1	1	1	-0.4	0
chr1:20199029	10	1	10	10	1	1	1	-0.4	0
chr1:20889459	10	1	10	10	1	1	1	-0.4	0
chr1:21471894	10	1	10	10	1	1	1	-0.4	0
chr1:22166814	10	1	10	10	1	1	1	-0.4	0
chr1:22899342	10	1	10	10	1	1	1	-0.4	0
chr1:23166673	10	1	10	10	1	1	1	-0.4	0
chr1:23618255	10	1	10	10	1	1	1	-0.4	0
chr1:24656008	10	1	10	10	1	1	1	-0.4	0
chr1:25784749	10	1	10	10	1	1	1	-0.4	0
chr1:26400832	10	1	10	10	1	1	1	-0.4	0
chr1:26433832	10	1	10	10	1	1	1	-0.4	0
chr1:26587564	10	1	10	10	1	1	1	-0.4	0
chr1:26588574	10	1	10	10	1	1	1	-0.4	0
chr1:26782012	10	1	10	10	1	1	1	-0.4	0
chr1:26789857	10	1	10	10	1	1	1	-0.4	0
chr1:26816046	10	1	10	10	1	1	1	-0.4	0
chr1:27402349	10	1	10	10	1	1	1	-0.4	0
chr1:29333163	10	1	10	10	1	1	1	-0.4	0
chr1:29364919	10	1	10	10	1	1	1	-0.4	0
chr1:29365387	10	1	10	10	1	1	1	-0.4	0
chr2:1374	10	1	10	10	1	1	1	-0.4	0
chr2:1374	10	1	10	10	1	1	1	-0.4	0
chr2:1919	10	1	10	10	1	1	1	-0.4	0
chr2:2656	10	1	10	10	1	1	1	-0.4	0
chr2:2656	10	1	10	10	1	1	1	-0.4	0
chr2:3443	10	1	10	10	1	1	1	-0.4	0
chr2:3443	10	1	10	10	1	1	1	-0.4	0
chr2:5767	10	1	10	10	1	1	1	-0.4	0
chr2:10031	10	1	10	10	1	1	1	-0.4	0
chr2:10031	10	1	10	10	1	1	1	-0.4	0
chr2:319594	10	1	10	10	1	1	1	-0.4	0
chr2:3264195	10	1	10	10	1	1	1	-0.4	0
chr2:3265386	10	1	10	10	1	1	1	-0.4	0
chr2:3266065	10	1	10	10	1	1	1	-0.4	0
chr2:3267963	10	1	10	10	1	1	1	-0.4	0
chr2:3269358	10	1	10	10	1	1	1	-0.4	0
chr2:3272146	10	1	10	10	1	1	1	-0.4	0
chr2:3272720	10	1	10	10	1	1	1	-0.4	0
chr2:3275848	10	1	10	10	1	1	1	-0.4	0
chr2:3276174	10	1	10	10	1	1	1	-0.4	0
chr2:3278877	10	1	10	10	1	1	1	-0.4	0
chr2:3279558	10	1	10	10	1	1	1	-0.4	0
chr2:3280582	10	1	10	10	1	1	1	-0.4	0
chr2:3281730	10	1	10	10	1	1	1	-0.4	0
chr2:3283483	10	1	10	10	1	1	1	-0.4	0
chr2:3292000	10	1	10	10	1	1	1	-0.4	0
chr2:3295500	10	1	10	10	1	1	1	-0.4	0
chr2:3297121	10	1	10	10	1	1	1	-0.4	0
chr2:3303871	10	1	10	10	1	1	1	-0.4	0
chr2:3306656	10	1	10	10	1	1	1	-0.4	0
chr2:3313240	10	1	10	10	1	1	1	-0.4	0
chr2:3314521	10	1	10	10	1	1	1	-0.4	0
chr2:3320031	10	1	10	10	1	1	1	-0.4	0
chr2:3322002	10	1	10	10	1	1	1	-0.4	0
chr2:3324615	10	1	10	10	1	1	1	-0.4	0
chr2:3325132	10	1	10	10	1	1	1	-0.4	0
chr2:3327300	10	1	10	10	1	1	1	-0.4	0
chr2:3329613	10	1	10	10	1	1	1	-0.4	0
chr2:3331377	10	1	10	10	1	1	1	-0.4	0
chr2:3332361	10	1	10	10	1	1	1	-0.4	0
chr2:3332840	10	1	10	10	1	1	1	-0.4	0
chr2:3334539	10	1	10	10	1	1	1	-0.4	0
chr2:3335078	10	1	10	10	1	1	1	-0.4	0
chr2:3335595	10	1	10	10	1	1	1	-0.4	0
chr2:3337170	10	1	10	10	1	1	1	-0.4	0
chr2:3337620	10	1	10	10	1	1	1	-0.4	0
chr2:3338088	10	1	10	10	1	1	1	-0.4	0
chr2:3338088	10	1	10	10	1	1	1	-0.4	0
chr2:3342244	10	1	10	10	1	1	1	-0.4	0
chr2:3344652	10	1	10	10	1	1	1	-0.4	0
chr2:3345695	10	1	10	10	1	1	1	-0.4	0
chr2:3349085	10	1	10	10	1	1	1	-0.4	0
chr2:3354597	10	1	10	10	1	1	1	-0.4	0
chr2:3356847	10	1	10	10	1	1	1	-0.4	0
chr2:3359110	10	1	10	10	1	1	1	-0.4	0
chr2:3360988	10	1	10	10	1	1	1	-0.4	0
chr2:3363017	10	1	10	10	1	1	1	-0.4	0
chr2:3364762	10	1	10	10	1	1	1	-0.4	0
chr2:3365569	10	1	10	10	1	1	1	-0.4	0
chr2:3367384	10	1	10	10	1	1	1	-0.4	0
chr2:3375210	10	1	10	10	1	1	1	-0.4	0
chr2:3377281	10	1	10	10	1	1	1	-0.4	0
chr2:3377709	10	1	10	10	1	1	1	-0.4	0
chr2:3378070	10	1	10	10	1	1	1	-0.4	0
chr2:3378653	10	1	10	10	1	1	1	-0.4	0
chr2:3394015	10	1	10	10	1	1	1	-0.4	0
chr2:3395156	10	1	10	10	1	1	1	-0.4	0
chr2:3396367	10	1	10	10	1	1	1	-0.4	0
chr2:3397039	10	1	10	10	1	1	1	-0.4	0
chr2:3398911	10	1	10	10	1	1	1	-0.4	0
chr2:3400234	10	1	10	10	1	1	1	-0.4	0
chr2:3404942	10	1	10	10	1	1	1	-0.4	0
chr2:3405557	10	1	10	10	1	1	1	-0.4	0
chr2:3406448	10	1	10	10	1	1	1	-0.4	0
chr2:3408879	10	1	10	10	1	1	1	-0.4	0
chr2:3412781	10	1	10	10	1	1	1	-0.4	0
chr2:3418761	10	1	10	10	1	1	1	-0.4	0
chr2:3429070	10	1	10	10	1	1	1	-0.4	0
chr2:3431567	10	1	10	10	1	1	1	-0.4	0
chr2:3434009	10	1	10	10	1	1	1	-0.4	0
chr2:3434368	10	1	10	10	1	1	1	-0.4	0
chr2:3438341	10	1	10	10	1	1	1	-0.4	0
chr2:3438341	10	1	10	10	1	1	1	-0.4	0
chr2:3438677	10	1	10	10	1	1	1	-0.4	0
chr2:3440392	10	1	10	10	1	1	1	-0.4	0
chr2:3442773	10	1	10	10	1	1	1	-0.4	0
chr2:3447454	10	1	10	10	1	1	1	-0.4	0
chr2:3459062	10	1	10	10	1	1	1	-0.4	0
chr2:3460430	10	1	10	10	1	1	1	-0.4	0
chr2:3461094	10	1	10	10	1	1	1	-0.4	0
chr2:3463833	10	1	10	10	1	1	1	-0.4	0
chr2:3464495	10	1	10	10	1	1	1	-0.4	0
chr2:3467012	10	1	10	10	1	1	1	-0.4	0
chr2:3469364	10	1	10	10	1	1	1	-0.4	0
chr2:3471584	10	1	10	10	1	1	1	-0.4	0
chr2:3475893	10	1	10	10	1	1	1	-0.4	0
chr2:3476298	10	1	10	10	1	1	1	-0.4	0
chr2:3478308	10	1	10	10	1	1	1	-0.4	0
chr2:3482452	10	1	10	10	1	1	1	-0.4	0
chr2:3483954	10	1	10	10	1	1	1	-0.4	0
chr2:3485148	10	1	10	10	1	1	1	-0.4	0
chr2:3486088	10	1	10	10	1	1	1	-0.4	0
chr2:3486612	10	1	10	10	1	1	1	-0.4	0
chr2:3487576	10	1	10	10	1	1	1	-0.4	0
chr2:3488560	10	1	10	10	1	1	1	-0.4	0
chr2:3491038	10	1	10	10	1	1	1	-0.4	0
chr2:3492504	10	1	10	10	1	1	1	-0.4	0
chr2:3493389	10	1	10	10	1	1	1	-0.4	0
chr2:3495374	10	1	10	10	1	1	1	-0.4	0
chr2:3496131	10	1	10	10	1	1	1	-0.4	0
chr2:3497483	10	1	10	10	1	1	1	-0.4	0
chr2:3499502	10	1	10	10	1	1	1	-0.4	0
chr2:3500854	10	1	10	10	1	1	1	-0.4	0
chr2:3501468	10	1	10	10	1	1	1	-0.4	0
chr2:3607154	10	1	10	10	1	1	1	-0.4	0
chr2:3607154	10	1	10	10	1	1	1	-0.4	0
chr2:3607770	10	1	10	10	1	1	1	-0.4	0
chr2:3615050	10	1	10	10	1	1	1	-0.4	0
chr2:3615050	10	1	10	10	1	1	1	-0.4	0
chr2:3616074	10	1	10	10	1	1	1	-0.4	0
chr2:3616618	10	1	10	10	1	1	1	-0.4	0
chr2:3618120	10	1	10	10	1	1	1	-0.4	0
chr2:3618120	10	1	10	10	1	1	1	-0.4	0
chr2:3618440	10	1	10	10	1	1	1	-0.4	0
chr2:3618440	10	1	10	10	1	1	1	-0.4	0
chr2:3619028	10	1	10	10	1	1	1	-0.4	0
chr2:3619028	10	1	10	10	1	1	1	-0.4	0
chr2:3619515	10	1	10	10	1	1	1	-0.4	0
chr2:3619515	10	1	10	10	1	1	1	-0.4	0
chr2:3620013	10	1	10	10	1	1	1	-0.4	0
chr2:3620013	10	1	10	10	1	1	1	-0.4	0
chr2:3621202	10	1	10	10	1	1	1	-0.4	0
chr2:3621202	10	1	10	10	1	1	1	-0.4	0
chr2:3621700	10	1	10	10	1	1	1	-0.4	0
chr2:3621700	10	1	10	10	1	1	1	-0.4	0
chr2:3622608	10	1	10	10	1	1	1	-0.4	0
chr2:3622608	10	1	10	10	1	1	1	-0.4	0
chr2:3623455	10	1	10	10	1	1	1	-0.4	0
chr2:3623455	10	1	10	10	1	1	1	-0.4	0
chr2:3624635	10	1	10	10	1	1	1	-0.4	0
chr2:3624635	10	1	10	10	1	1	1	-0.4	0
chr2:3625285	10	1	10	10	1	1	1	-0.4	0
chr2:3625285	10	1	10	10	1	1	1	-0.4	0
chr2:3626016	10	1	10	10	1	1	1	-0.4	0
chr2:3626016	10	1	10	10	1	1	1	-0.4	0
chr2:3626262	10	1	10	10	1	1	1	-0.4	0
chr2:3626262	10	1	10	10	1	1	1	-0.4	0
chr2:3626982	10	1	10	10	1	1	1	-0.4	0
chr2:3626982	10	1	10	10	1	1	1	-0.4	0
chr2:3627330	10	1	10	10	1	1	1	-0.4	0
chr2:3627330	10	1	10	10	1	1	1	-0.4	0
chr2:7190976	10	1	10	10	1	1	1	-0.4	0
chr2:7190976	10	1	10	10	1	1	1	-0.4	0
chr2:8157843	10	1	10	10	1	1	1	-0.4	0
chr2:8971625	10	1	10	10	1	1	1	-0.4	0
chr2:9926508	10	1	10	10	1	1	1	-0.4	0
chr2:12419939	10	1	10	10	1	1	1	-0.4	0
chr2:12563120	10	1	10	10	1	1	1	-0.4	0
chr2:12997521	10	1	10	10	1	1	1	-0.4	0
chr2:13488747	10	1	10	10	1	1	1	-0.4	0
chr2:14261691	10	1	10	10	1	1	1	-0.4	0
chr2:15216818	10	1	10	10	1	1	1	-0.4	0
chr2:15277696	10	1	10	10	1	1	1	-0.4	0
chr2:16449266	10	1	10	10	1	1	1	-0.4	0
chr2:16845225	10	1	10	10	1	1	1	-0.4	0
chr2:17269720	10	1	10	10	1	1	1	-0.4	0
chr2:17458019	10	1	10	10	1	1	1	-0.4	0
chr2:17527101	10	1	10	10	1	1	1	-0.4	0
chr2:18548863	10	1	10	10	1	1	1	-0.4	0
chr2:18644756	10	1	10	10	1	1	1	-0.4	0
chr2:19177294	10	1	10	10	1	1	1	-0.4	0
chr3:508819	10	1	10	10	1	1	1	-0.4	0
chr3:1879619	10	1	10	10	1	1	1	-0.4	0
chr3:1934397	10	1	10	10	1	1	1	-0.4	0
chr3:2188745	10	1	10	10	1	1	1	-0.4	0
chr3:2704214	10	1	10	10	1	1	1	-0.4	0
chr3:2842504	10	1	10	10	1	1	1	-0.4	0
chr3:3365633	10	1	10	10	1	1	1	-0.4	0
chr3:3588586	10	1	10	10	1	1	1	-0.4	0
chr3:4145479	10	1	10	10	1	1	1	-0.4	0
chr3:4857600	10	1	10	10	1	1	1	-0.4	0
chr3:4988137	10	1	10	10	1	1	1	-0.4	0
chr3:5297810	10	1	10	10	1	1	1	-0.4	0
chr3:5999977	10	1	10	10	1	1	1	-0.4	0
chr3:6430202	10	1	10	10	1	1	1	-0.4	0
chr3:6435639	10	1	10	10	1	1	1	-0.4	0
chr3:6934833	10	1	10	10	1	1	1	-0.4	0
chr3:7104418	10	1	10	10	1	1	1	-0.4	0
chr3:7104418	10	1	10	10	1	1	1	-0.4	0
chr3:7305822	10	1	10	10	1	1	1	-0.4	0
chr3:7945994	10	1	10	10	1	1	1	-0.4	0
chr3:8268860	10	1	10	10	1	1	1	-0.4	0
chr3:8558199	10	1	10	10	1	1	1	-0.4	0
chr3:9381683	10	1	10	10	1	1	1	-0.4	0
chr3:9897342	10	1	10	10	1	1	1	-0.4	0
chr3:10911353	10	1	10	10	1	1	1	-0.4	0
chr3:13587698	10	1	10	10	1	1	1	-0.4	0
chr3:13587698	10	1	10	10	1	1	1	-0.4	0
chr3:13588898	10	1	10	10	1	1	1	-0.4	0
chr3:13588898	10	1	10	10	1	1	1	-0.4	0
chr3:13589328	10	1	10	10	1	1	1	-0.4	0
chr3:13589328	10	1	10	10	1	1	1	-0.4	0
chr3:13591698	10	1	10	10	1	1	1	-0.4	0
chr3:13591698	10	1	10	10	1	1	1	-0.4	0
chr3:14194352	10	1	10	10	1	1	1	-0.4	0
chr3:14194352	10	1	10	10	1	1	1	-0.4	0
chr3:14196052	10	1	10	10	1	1	1	-0.4	0
chr3:14196052	10	1	10	10	1	1	1	-0.4	0
chr3:14196558	10	1	10	10	1	1	1	-0.4	0
chr3:14196558	10	1	10	10	1	1	1	-0.4	0
chr3:14196976	10	1	10	10	1	1	1	-0.4	0
chr3:14196976	10	1	10	10	1	1	1	-0.4	0
chr3:14198165	10	1	10	10	1	1	1	-0.4	0
chr3:14199003	10	1	10	10	1	1	1	-0.4	0
chr3:14199653	10	1	10	10	1	1	1	-0.4	0
chr3:14199653	10	1	10	10	1	1	1	-0.4	0
chr3:14200080	10	1	10	10	1	1	1	-0.4	0
chr3:14201060	10	1	10	10	1	1	1	-0.4	0
chr3:14201702	10	1	10	10	1	1	1	-0.4	0
chr3:14201702	10	1	10	10	1	1	1	-0.4	0
chr3:14202126	10	1	10	10	1	1	1	-0.4	0
chr3:14202126	10	1	10	10	1	1	1	-0.4	0
chr3:14202813	10	1	10	10	1	1	1	-0.4	0
chr3:14203312	10	1	10	10	1	1	1	-0.4	0
chr3:14203312	10	1	10	10	1	1	1	-0.4	0
chr3:15078715	10	1	10	10	1	1	1	-0.4	0
chr3:16656288	10	1	10	10	1	1	1	-0.4	0
chr3:16699763	10	1	10	10	1	1	1	-0.4	0
chr3:17008355	10	1	10	10	1	1	1	-0.4	0
chr3:17199387	10	1	10	10	1	1	1	-0.4	0
chr3:18363243	10	1	10	10	1	1	1	-0.4	0
chr3:18364812	10	1	10	10	1	1	1	-0.4	0
chr3:18510107	10	1	10	10	1	1	1	-0.4	0
chr3:18510446	10	1	10	10	1	1	1	-0.4	0
chr3:19357084	10	1	10	10	1	1	1	-0.4	0
chr3:19426135	10	1	10	10	1	1	1	-0.4	0
chr3:19922444	10	1	10	10	1	1	1	-0.4	0
chr3:20564092	10	1	10	10	1	1	1	-0.4	0
chr3:20776150	10	1	10	10	1	1	1	-0.4	0
chr3:20776622	10	1	10	10	1	1	1	-0.4	0
chr3:20801683	10	1	10	10	1	1	1	-0.4	0
chr3:22361687	10	1	10	10	1	1	1	-0.4	0
chr3:23265246	10	1	10	10	1	1	1	-0.4	0
chr4:18216	10	1	10	10	1	1	1	-0.4	0
chr4:463018	10	1	10	10	1	1	1	-0.4	0
chr4:525351	10	1	10	10	1	1	1	-0.4	0
chr4:756619	10	1	10	10	1	1	1	-0.4	0
chr4:2346191	10	1	10	10	1	1	1	-0.4	0
chr4:2531868	10	1	10	10	1	1	1	-0.4	0
chr4:2719012	10	1	10	10	1	1	1	-0.4	0
chr4:2719515	10	1	10	10	1	1	1	-0.4	0
chr4:3054340	10	1	10	10	1	1	1	-0.4	0
chr4:3054340	10	1	10	10	1	1	1	-0.4	0
chr4:3054782	10	1	10	10	1	1	1	-0.4	0
chr4:3054782	10	1	10	10	1	1	1	-0.4	0
chr4:3061265	10	1	10	10	1	1	1	-0.4	0
chr4:3950946	10	1	10	10	1	1	1	-0.4	0
chr4:3950946	10	1	10	10	1	1	1	-0.4	0
chr4:3951268	10	1	10	10	1	1	1	-0.4	0
chr4:3951268	10	1	10	10	1	1	1	-0.4	0
chr4:3951918	10	1	10	10	1	1	1	-0.4	0
chr4:3951918	10	1	10	10	1	1	1	-0.4	0
chr4:3952984	10	1	10	10	1	1	1	-0.4	0
chr4:3952984	10	1	10	10	1	1	1	-0.4	0
chr4:3953563	10	1	10	10	1	1	1	-0.4	0
chr4:3953563	10	1	10	10	1	1	1	-0.4	0
chr4:3954749	10	1	10	10	1	1	1	-0.4	0
chr4:3954749	10	1	10	10	1	1	1	-0.4	0
chr4:3955152	10	1	10	10	1	1	1	-0.4	0
chr4:3955152	10	1	10	10	1	1	1	-0.4	0
chr4:3955877	10	1	10	10	1	1	1	-0.4	0
chr4:3955877	10	1	10	10	1	1	1	-0.4	0
chr4:3965727	10	1	10	10	1	1	1	-0.4	0
chr4:3965727	10	1	10	10	1	1	1	-0.4	0
chr4:3966534	10	1	10	10	1	1	1	-0.4	0
chr4:3966534	10	1	10	10	1	1	1	-0.4	0
chr4:3972692	10	1	10	10	1	1	1	-0.4	0
chr4:3972692	10	1	10	10	1	1	1	-0.4	0
chr4:3976543	10	1	10	10	1	1	1	-0.4	0
chr4:3979423	10	1	10	10	1	1	1	-0.4	0
chr4:3986120	10	1	10	10	1	1	1	-0.4	0
chr4:3986120	10	1	10	10	1	1	1	-0.4	0
chr4:3987512	10	1	10	10	1	1	1	-0.4	0
chr4:3999805	10	1	10	10	1	1	1	-0.4	0
chr4:4000743	10	1	10	10	1	1	1	-0.4	0
chr4:4001204	10	1	10	10	1	1	1	-0.4	0
chr4:4001204	10	1	10	10	1	1	1	-0.4	0
chr4:4002267	10	1	10	10	1	1	1	-0.4	0
chr4:4002267	10	1	10	10	1	1	1	-0.4	0
chr4:4004054	10	1	10	10	1	1	1	-0.4	0
chr4:4004054	10	1	10	10	1	1	1	-0.4	0
chr4:4006267	10	1	10	10	1	1	1	-0.4	0
chr4:4007339	10	1	10	10	1	1	1	-0.4	0
chr4:4007339	10	1	10	10	1	1	1	-0.4	0
chr4:4009809	10	1	10	10	1	1	1	-0.4	0
chr4:4009809	10	1	10	10	1	1	1	-0.4	0
chr4:5727251	10	1	10	10	1	1	1	-0.4	0
chr4:6723343	10	1	10	10	1	1	1	-0.4	0
chr4:6909888	10	1	10	10	1	1	1	-0.4	0
chr4:8486378	10	1	10	10	1	1	1	-0.4	0
chr4:9827545	10	1	10	10	1	1	1	-0.4	0
chr4:9870717	10	1	10	10	1	1	1	-0.4	0
chr4:11603044	10	1	10	10	1	1	1	-0.4	0
chr4:11637920	10	1	10	10	1	1	1	-0.4	0
chr4:11785925	10	1	10	10	1	1	1	-0.4	0
chr4:12373043	10	1	10	10	1	1	1	-0.4	0
chr4:12394167	10	1	10	10	1	1	1	-0.4	0
chr4:12481733	10	1	10	10	1	1	1	-0.4	0
chr4:12571731	10	1	10	10	1	1	1	-0.4	0
chr4:12774448	10	1	10	10	1	1	1	-0.4	0
chr4:13224546	10	1	10	10	1	1	1	-0.4	0
chr4:13810478	10	1	10	10	1	1	1	-0.4	0
chr4:14823612	10	1	10	10	1	1	1	-0.4	0
chr4:15595265	10	1	10	10	1	1	1	-0.4	0
chr4:15960039	10	1	10	10	1	1	1	-0.4	0
chr4:16341096	10	1	10	10	1	1	1	-0.4	0
chr4:16655147	10	1	10	10	1	1	1	-0.4	0
chr4:16706090	10	1	10	10	1	1	1	-0.4	0
chr4:16989471	10	1	10	10	1	1	1	-0.4	0
chr4:17148991	10	1	10	10	1	1	1	-0.4	0
chr4:17848092	10	1	10	10	1	1	1	-0.4	0
chr4:18472497	10	1	10	10	1	1	1	-0.4	0
chr4:18576377	10	1	10	10	1	1	1	-0.4	0
chr5:220549	10	1	10	10	1	1	1	-0.4	0
chr5:240905	10	1	10	10	1	1	1	-0.4	0
chr5:266135	10	1	10	10	1	1	1	-0.4	0
chr5:272402	10	1	10	10	1	1	1	-0.4	0
chr5:895997	10	1	10	10	1	1	1	-0.4	0
chr5:1249589	10	1	10	10	1	1	1	-0.4	0
chr5:1316365	10	1	10	10	1	1	1	-0.4	0
chr5:2400499	10	1	10	10	1	1	1	-0.4	0
chr5:2933834	10	1	10	10	1	1	1	-0.4	0
chr5:3253187	10	1	10	10	1	1	1	-0.4	0
chr5:3253187	10	1	10	10	1	1	1	-0.4	0
chr5:3527009	10	1	10	10	1	1	1	-0.4	0
chr5:3528789	10	1	10	10	1	1	1	-0.4	0
chr5:3919272	10	1	10	10	1	1	1	-0.4	0
chr5:4426502	10	1	10	10	1	1	1	-0.4	0
chr5:6697363	10	1	10	10	1	1	1	-0.4	0
chr5:6801267	10	1	10	10	1	1	1	-0.4	0
chr5:6834424	10	1	10	10	1	1	1	-0.4	0
chr5:7249798	10	1	10	10	1	1	1	-0.4	0
chr5:7264996	10	1	10	10	1	1	1	-0.4	0
chr5:7373854	10	1	10	10	1	1	1	-0.4	0
chr5:7497956	10	1	10	10	1	1	1	-0.4	0
chr5:7541400	10	1	10	10	1	1	1	-0.4	0
chr5:8365776	10	1	10	10	1	1	1	-0.4	0
chr5:9209545	10	1	10	10	1	1	1	-0.4	0
chr5:11185070	10	1	10	10	1	1	1	-0.4	0
chr5:11185070	10	1	10	10	1	1	1	-0.4	0
chr5:11185750	10	1	10	10	1	1	1	-0.4	0
chr5:11185750	10	1	10	10	1	1	1	-0.4	0
chr5:11186500	10	1	10	10	1	1	1	-0.4	0
chr5:11186500	10	1	10	10	1	1	1	-0.4	0
chr5:11705344	10	1	10	10	1	1	1	-0.4	0
chr5:11705344	10	1	10	10	1	1	1	-0.4	0
chr5:11708383	10	1	10	10	1	1	1	-0.4	0
chr5:11723674	10	1	10	10	1	1	1	-0.4	0
chr5:11723674	10	1	10	10	1	1	1	-0.4	0
chr5:11727530	10	1	10	10	1	1	1	-0.4	0
chr5:11727530	10	1	10	10	1	1	1	-0.4	0
chr5:11727668	10	1	10	10	1	1	1	-0.4	0
chr5:11727668	10	1	10	10	1	1	1	-0.4	0
chr5:11728628	10	1	10	10	1	1	1	-0.4	0
chr5:11728628	10	1	10	10	1	1	1	-0.4	0
chr5:11730493	10	1	10	10	1	1	1	-0.4	0
chr5:11730493	10	1	10	10	1	1	1	-0.4	0
chr5:11731542	10	1	10	10	1	1	1	-0.4	0
chr5:11731542	10	1	10	10	1	1	1	-0.4	0
chr5:11732310	10	1	10	10	1	1	1	-0.4	0
chr5:11732310	10	1	10	10	1	1	1	-0.4	0
chr5:11733772	10	1	10	10	1	1	1	-0.4	0
chr5:11733772	10	1	10	10	1	1	1	-0.4	0
chr5:11734868	10	1	10	10	1	1	1	-0.4	0
chr5:11734868	10	1	10	10	1	1	1	-0.4	0
chr5:11735208	10	1	10	10	1	1	1	-0.4	0
chr5:11735208	10	1	10	10	1	1	1	-0.4	0
chr5:11736066	10	1	10	10	1	1	1	-0.4	0
chr5:11736066	10	1	10	10	1	1	1	-0.4	0
chr5:13898181	10	1	10	10	1	1	1	-0.4	0
chr5:16574549	10	1	10	10	1	1	1	-0.4	0
chr5:16815566	10	1	10	10	1	1	1	-0.4	0
chr5:17281560	10	1	10	10	1	1	1	-0.4	0
chr5:17385620	10	1	10	10	1	1	1	-0.4	0
chr5:18790469	10	1	10	10	1	1	1	-0.4	0
chr5:20200329	10	1	10	10	1	1	1	-0.4	0
chr5:20436466	10	1	10	10	1	1	1	-0.4	0
chr5:21240885	10	1	10	10	1	1	1	-0.4	0
chr5:22124002	10	1	10	10	1	1	1	-0.4	0
chr5:22777358	10	1	10	10	1	1	1	-0.4	0
chr5:23709530	10	1	10	10	1	1	1	-0.4	0
chr5:24257626	10	1	10	10	1	1	1	-0.4	0
chr5:24384335	10	1	10	10	1	1	1	-0.4	0
chr5:24554292	10	1	10	10	1	1	1	-0.4	0
chr5:25064698	10	1	10	10	1	1	1	-0.4	0
chr5:25078008	10	1	10	10	1	1	1	-0.4	0
chr5:25278616	10	1	10	10	1	1	1	-0.4	0
chr5:25279606	10	1	10	10	1	1	1	-0.4	0
chr5:25528439	10	1	10	10	1	1	1	-0.4	0
chr5:25818885	10	1	10	10	1	1	1	-0.4	0
chr5:25887306	10	1	10	10	1	1	1	-0.4	0
chr5:25978414	10	1	10	10	1	1	1	-0.4	0
chr5:26043069	10	1	10	10	1	1	1	-0.4	0
chr5:26625995	10	1	10	10	1	1	1	-0.4	0
chr5:26721276	10	1	10	10	1	1	1	-0.4	0
chr5:26868184	10	1	10	10	1	1	1	-0.4	0
