Position	IP	Control	Fold	Expectd	Q_-lg10	P_-lg10	P_poiss	IPvsEMP	Noise
chr1:57187	10	1	10	10	1	1	1	-0.4	0
chr1:57723	10	1	10	10	1	1	1	-0.4	0
chr1:58397	10	1	10	10	1	1	1	-0.4	0
chr1:156541	10	1	10	10	1	1	1	-0.4	0
chr1:173554	10	1	10	10	1	1	1	-0.4	0
chr1:179370	10	1	10	10	1	1	1	-0.4	0
chr1:194916	10	1	10	10	1	1	1	-0.4	0
chr1:199562	10	1	10	10	1	1	1	-0.4	0
chr1:201070	10	1	10	10	1	1	1	-0.4	0
chr1:201920	10	1	10	10	1	1	1	-0.4	0
chr1:237913	10	1	10	10	1	1	1	-0.4	0
chr1:268347	10	1	10	10	1	1	1	-0.4	0
chr1:269740	10	1	10	10	1	1	1	-0.4	0
chr1:364189	10	1	10	10	1	1	1	-0.4	0
chr1:410752	10	1	10	10	1	1	1	-0.4	0
chr1:426792	10	1	10	10	1	1	1	-0.4	0
chr1:434607	10	1	10	10	1	1	1	-0.4	0
chr1:473776	10	1	10	10	1	1	1	-0.4	0
chr1:476505	10	1	10	10	1	1	1	-0.4	0
chr1:488518	10	1	10	10	1	1	1	-0.4	0
chr1:498925	10	1	10	10	1	1	1	-0.4	0
chr1:522128	10	1	10	10	1	1	1	-0.4	0
chr1:621349	10	1	10	10	1	1	1	-0.4	0
chr1:658566	10	1	10	10	1	1	1	-0.4	0
chr1:865327	10	1	10	10	1	1	1	-0.4	0
chr1:868199	10	1	10	10	1	1	1	-0.4	0
chr1:877686	10	1	10	10	1	1	1	-0.4	0
chr1:909742	10	1	10	10	1	1	1	-0.4	0
chr1:931813	10	1	10	10	1	1	1	-0.4	0
chr1:933604	10	1	10	10	1	1	1	-0.4	0
chr1:978985	10	1	10	10	1	1	1	-0.4	0
chr1:1028432	10	1	10	10	1	1	1	-0.4	0
chr1:1028862	10	1	10	10	1	1	1	-0.4	0
chr1:1036323	10	1	10	10	1	1	1	-0.4	0
chr1:1172976	10	1	10	10	1	1	1	-0.4	0
chr1:1274247	10	1	10	10	1	1	1	-0.4	0
chr1:1337891	10	1	10	10	1	1	1	-0.4	0
chr1:1356158	10	1	10	10	1	1	1	-0.4	0
chr1:1426612	10	1	10	10	1	1	1	-0.4	0
chr1:1926529	10	1	10	10	1	1	1	-0.4	0
chr1:1978202	10	1	10	10	1	1	1	-0.4	0
chr1:2152501	10	1	10	10	1	1	1	-0.4	0
chr1:2172723	10	1	10	10	1	1	1	-0.4	0
chr1:2196717	10	1	10	10	1	1	1	-0.4	0
chr1:2199928	10	1	10	10	1	1	1	-0.4	0
chr1:2312254	10	1	10	10	1	1	1	-0.4	0
chr1:2312888	10	1	10	10	1	1	1	-0.4	0
chr1:2316468	10	1	10	10	1	1	1	-0.4	0
chr1:2333711	10	1	10	10	1	1	1	-0.4	0
chr1:2335736	10	1	10	10	1	1	1	-0.4	0
chr1:2338662	10	1	10	10	1	1	1	-0.4	0
chr1:2339599	10	1	10	10	1	1	1	-0.4	0
chr1:2348815	10	1	10	10	1	1	1	-0.4	0
chr1:2351664	10	1	10	10	1	1	1	-0.4	0
chr1:2391874	10	1	10	10	1	1	1	-0.4	0
chr1:2432183	10	1	10	10	1	1	1	-0.4	0
chr1:2433462	10	1	10	10	1	1	1	-0.4	0
chr1:2437071	10	1	10	10	1	1	1	-0.4	0
chr1:2438264	10	1	10	10	1	1	1	-0.4	0
chr1:2439690	10	1	10	10	1	1	1	-0.4	0
chr1:2521510	10	1	10	10	1	1	1	-0.4	0
chr1:2522735	10	1	10	10	1	1	1	-0.4	0
chr1:2530351	10	1	10	10	1	1	1	-0.4	0
chr1:2547886	10	1	10	10	1	1	1	-0.4	0
chr1:2573642	10	1	10	10	1	1	1	-0.4	0
chr1:2590758	10	1	10	10	1	1	1	-0.4	0
chr1:2688589	10	1	10	10	1	1	1	-0.4	0
chr1:2755733	10	1	10	10	1	1	1	-0.4	0
chr1:2842397	10	1	10	10	1	1	1	-0.4	0
chr1:2870787	10	1	10	10	1	1	1	-0.4	0
chr1:2873400	10	1	10	10	1	1	1	-0.4	0
chr1:2939345	10	1	10	10	1	1	1	-0.4	0
chr1:2972610	10	1	10	10	1	1	1	-0.4	0
chr1:3009445	10	1	10	10	1	1	1	-0.4	0
chr1:3009988	10	1	10	10	1	1	1	-0.4	0
chr1:3031756	10	1	10	10	1	1	1	-0.4	0
chr1:3075585	10	1	10	10	1	1	1	-0.4	0
chr1:3093287	10	1	10	10	1	1	1	-0.4	0
chr1:3252163	10	1	10	10	1	1	1	-0.4	0
chr1:3272652	10	1	10	10	1	1	1	-0.4	0
chr1:3287385	10	1	10	10	1	1	1	-0.4	0
chr1:3356476	10	1	10	10	1	1	1	-0.4	0
chr1:3740535	10	1	10	10	1	1	1	-0.4	0
chr1:3778751	10	1	10	10	1	1	1	-0.4	0
chr1:3804209	10	1	10	10	1	1	1	-0.4	0
chr1:3806708	10	1	10	10	1	1	1	-0.4	0
chr1:3810154	10	1	10	10	1	1	1	-0.4	0
chr1:3945488	10	1	10	10	1	1	1	-0.4	0
chr1:4016873	10	1	10	10	1	1	1	-0.4	0
chr1:4067089	10	1	10	10	1	1	1	-0.4	0
chr1:4101438	10	1	10	10	1	1	1	-0.4	0
chr1:4105588	10	1	10	10	1	1	1	-0.4	0
chr1:4106593	10	1	10	10	1	1	1	-0.4	0
chr1:4108046	10	1	10	10	1	1	1	-0.4	0
chr1:4109469	10	1	10	10	1	1	1	-0.4	0
chr1:4140133	10	1	10	10	1	1	1	-0.4	0
chr1:4229880	10	1	10	10	1	1	1	-0.4	0
chr1:4282343	10	1	10	10	1	1	1	-0.4	0
chr1:4398161	10	1	10	10	1	1	1	-0.4	0
chr1:4419256	10	1	10	10	1	1	1	-0.4	0
chr1:4433630	10	1	10	10	1	1	1	-0.4	0
chr1:4458540	10	1	10	10	1	1	1	-0.4	0
chr1:4458921	10	1	10	10	1	1	1	-0.4	0
chr1:4466919	10	1	10	10	1	1	1	-0.4	0
chr1:4515180	10	1	10	10	1	1	1	-0.4	0
chr1:4533991	10	1	10	10	1	1	1	-0.4	0
chr1:4540770	10	1	10	10	1	1	1	-0.4	0
chr1:4542039	10	1	10	10	1	1	1	-0.4	0
chr1:4542405	10	1	10	10	1	1	1	-0.4	0
chr1:4542819	10	1	10	10	1	1	1	-0.4	0
chr1:4543188	10	1	10	10	1	1	1	-0.4	0
chr1:4543479	10	1	10	10	1	1	1	-0.4	0
chr1:4647712	10	1	10	10	1	1	1	-0.4	0
chr1:4712746	10	1	10	10	1	1	1	-0.4	0
chr1:4818236	10	1	10	10	1	1	1	-0.4	0
chr1:4889711	10	1	10	10	1	1	1	-0.4	0
chr1:4896330	10	1	10	10	1	1	1	-0.4	0
chr1:4976287	10	1	10	10	1	1	1	-0.4	0
chr1:4978694	10	1	10	10	1	1	1	-0.4	0
chr1:5003745	10	1	10	10	1	1	1	-0.4	0
chr1:5066204	10	1	10	10	1	1	1	-0.4	0
chr1:5091629	10	1	10	10	1	1	1	-0.4	0
chr1:5126402	10	1	10	10	1	1	1	-0.4	0
chr1:5131583	10	1	10	10	1	1	1	-0.4	0
chr1:5151508	10	1	10	10	1	1	1	-0.4	0
chr1:5181591	10	1	10	10	1	1	1	-0.4	0
chr1:5183696	10	1	10	10	1	1	1	-0.4	0
chr1:5202579	10	1	10	10	1	1	1	-0.4	0
chr1:5204602	10	1	10	10	1	1	1	-0.4	0
chr1:5278023	10	1	10	10	1	1	1	-0.4	0
chr1:5309725	10	1	10	10	1	1	1	-0.4	0
chr1:5385335	10	1	10	10	1	1	1	-0.4	0
chr1:5390440	10	1	10	10	1	1	1	-0.4	0
chr1:5402601	10	1	10	10	1	1	1	-0.4	0
chr1:5421155	10	1	10	10	1	1	1	-0.4	0
chr1:5443846	10	1	10	10	1	1	1	-0.4	0
chr1:5518188	10	1	10	10	1	1	1	-0.4	0
chr1:5525438	10	1	10	10	1	1	1	-0.4	0
chr1:5532061	10	1	10	10	1	1	1	-0.4	0
chr1:5535577	10	1	10	10	1	1	1	-0.4	0
chr1:5539955	10	1	10	10	1	1	1	-0.4	0
chr1:5648507	10	1	10	10	1	1	1	-0.4	0
chr1:5776433	10	1	10	10	1	1	1	-0.4	0
chr1:5844302	10	1	10	10	1	1	1	-0.4	0
chr1:5864072	10	1	10	10	1	1	1	-0.4	0
chr1:6075920	10	1	10	10	1	1	1	-0.4	0
chr1:6149159	10	1	10	10	1	1	1	-0.4	0
chr1:6155958	10	1	10	10	1	1	1	-0.4	0
chr1:6267955	10	1	10	10	1	1	1	-0.4	0
chr1:6308124	10	1	10	10	1	1	1	-0.4	0
chr1:6326944	10	1	10	10	1	1	1	-0.4	0
chr1:6333522	10	1	10	10	1	1	1	-0.4	0
chr1:6431168	10	1	10	10	1	1	1	-0.4	0
chr1:6528488	10	1	10	10	1	1	1	-0.4	0
chr1:6560779	10	1	10	10	1	1	1	-0.4	0
chr1:6562957	10	1	10	10	1	1	1	-0.4	0
chr1:6601785	10	1	10	10	1	1	1	-0.4	0
chr1:6654652	10	1	10	10	1	1	1	-0.4	0
chr1:6683634	10	1	10	10	1	1	1	-0.4	0
chr1:6802888	10	1	10	10	1	1	1	-0.4	0
chr1:6831909	10	1	10	10	1	1	1	-0.4	0
chr1:6832320	10	1	10	10	1	1	1	-0.4	0
chr1:6868029	10	1	10	10	1	1	1	-0.4	0
chr1:6927615	10	1	10	10	1	1	1	-0.4	0
chr1:6939496	10	1	10	10	1	1	1	-0.4	0
chr1:6971131	10	1	10	10	1	1	1	-0.4	0
chr1:7084458	10	1	10	10	1	1	1	-0.4	0
chr1:7084829	10	1	10	10	1	1	1	-0.4	0
chr1:7144245	10	1	10	10	1	1	1	-0.4	0
chr1:7146558	10	1	10	10	1	1	1	-0.4	0
chr1:7150044	10	1	10	10	1	1	1	-0.4	0
chr1:7154416	10	1	10	10	1	1	1	-0.4	0
chr1:7176643	10	1	10	10	1	1	1	-0.4	0
chr1:7312548	10	1	10	10	1	1	1	-0.4	0
chr1:7336990	10	1	10	10	1	1	1	-0.4	0
chr1:7339720	10	1	10	10	1	1	1	-0.4	0
chr1:7382508	10	1	10	10	1	1	1	-0.4	0
chr1:7388609	10	1	10	10	1	1	1	-0.4	0
chr1:7391815	10	1	10	10	1	1	1	-0.4	0
chr1:7396944	10	1	10	10	1	1	1	-0.4	0
chr1:7401194	10	1	10	10	1	1	1	-0.4	0
chr1:7480754	10	1	10	10	1	1	1	-0.4	0
chr1:7488926	10	1	10	10	1	1	1	-0.4	0
chr1:7659796	10	1	10	10	1	1	1	-0.4	0
chr1:7802544	10	1	10	10	1	1	1	-0.4	0
chr1:7830457	10	1	10	10	1	1	1	-0.4	0
chr1:7836525	10	1	10	10	1	1	1	-0.4	0
chr1:7851214	10	1	10	10	1	1	1	-0.4	0
chr1:7881293	10	1	10	10	1	1	1	-0.4	0
chr1:7897096	10	1	10	10	1	1	1	-0.4	0
chr1:7897714	10	1	10	10	1	1	1	-0.4	0
chr1:8006962	10	1	10	10	1	1	1	-0.4	0
chr1:8059419	10	1	10	10	1	1	1	-0.4	0
chr1:8060972	10	1	10	10	1	1	1	-0.4	0
chr1:8075726	10	1	10	10	1	1	1	-0.4	0
chr1:8309204	10	1	10	10	1	1	1	-0.4	0
chr1:8385223	10	1	10	10	1	1	1	-0.4	0
chr1:8495662	10	1	10	10	1	1	1	-0.4	0
chr1:8524931	10	1	10	10	1	1	1	-0.4	0
chr1:8532304	10	1	10	10	1	1	1	-0.4	0
chr1:8672843	10	1	10	10	1	1	1	-0.4	0
chr1:8863765	10	1	10	10	1	1	1	-0.4	0
chr1:8924301	10	1	10	10	1	1	1	-0.4	0
chr1:8938335	10	1	10	10	1	1	1	-0.4	0
chr1:8975784	10	1	10	10	1	1	1	-0.4	0
chr1:8976430	10	1	10	10	1	1	1	-0.4	0
chr1:8979574	10	1	10	10	1	1	1	-0.4	0
chr1:8982392	10	1	10	10	1	1	1	-0.4	0
chr1:8983583	10	1	10	10	1	1	1	-0.4	0
chr1:8995658	10	1	10	10	1	1	1	-0.4	0
chr1:9143585	10	1	10	10	1	1	1	-0.4	0
chr1:9286254	10	1	10	10	1	1	1	-0.4	0
chr1:9411808	10	1	10	10	1	1	1	-0.4	0
chr1:9425438	10	1	10	10	1	1	1	-0.4	0
chr1:9452289	10	1	10	10	1	1	1	-0.4	0
chr1:9455117	10	1	10	10	1	1	1	-0.4	0
chr1:9481285	10	1	10	10	1	1	1	-0.4	0
chr1:9483066	10	1	10	10	1	1	1	-0.4	0
chr1:9519047	10	1	10	10	1	1	1	-0.4	0
chr1:9592479	10	1	10	10	1	1	1	-0.4	0
chr1:9594171	10	1	10	10	1	1	1	-0.4	0
chr1:9594759	10	1	10	10	1	1	1	-0.4	0
chr1:9596197	10	1	10	10	1	1	1	-0.4	0
chr1:9597004	10	1	10	10	1	1	1	-0.4	0
chr1:9597962	10	1	10	10	1	1	1	-0.4	0
chr1:9598292	10	1	10	10	1	1	1	-0.4	0
chr1:9602922	10	1	10	10	1	1	1	-0.4	0
chr1:9603845	10	1	10	10	1	1	1	-0.4	0
chr1:9604790	10	1	10	10	1	1	1	-0.4	0
chr1:9606063	10	1	10	10	1	1	1	-0.4	0
chr1:9608702	10	1	10	10	1	1	1	-0.4	0
chr1:9611136	10	1	10	10	1	1	1	-0.4	0
chr1:9612848	10	1	10	10	1	1	1	-0.4	0
chr1:9613910	10	1	10	10	1	1	1	-0.4	0
chr1:9614468	10	1	10	10	1	1	1	-0.4	0
chr1:9615435	10	1	10	10	1	1	1	-0.4	0
chr1:9616481	10	1	10	10	1	1	1	-0.4	0
chr1:9617683	10	1	10	10	1	1	1	-0.4	0
chr1:9618849	10	1	10	10	1	1	1	-0.4	0
chr1:9619767	10	1	10	10	1	1	1	-0.4	0
chr1:9621318	10	1	10	10	1	1	1	-0.4	0
chr1:9621903	10	1	10	10	1	1	1	-0.4	0
chr1:9624143	10	1	10	10	1	1	1	-0.4	0
chr1:9625323	10	1	10	10	1	1	1	-0.4	0
chr1:9626499	10	1	10	10	1	1	1	-0.4	0
chr1:9627488	10	1	10	10	1	1	1	-0.4	0
chr1:9628063	10	1	10	10	1	1	1	-0.4	0
chr1:9628747	10	1	10	10	1	1	1	-0.4	0
chr1:9635308	10	1	10	10	1	1	1	-0.4	0
chr1:9636040	10	1	10	10	1	1	1	-0.4	0
chr1:9636659	10	1	10	10	1	1	1	-0.4	0
chr1:9637489	10	1	10	10	1	1	1	-0.4	0
chr1:9638396	10	1	10	10	1	1	1	-0.4	0
chr1:9638908	10	1	10	10	1	1	1	-0.4	0
chr1:9639549	10	1	10	10	1	1	1	-0.4	0
chr1:9640066	10	1	10	10	1	1	1	-0.4	0
chr1:9642195	10	1	10	10	1	1	1	-0.4	0
chr1:9642759	10	1	10	10	1	1	1	-0.4	0
chr1:9649380	10	1	10	10	1	1	1	-0.4	0
chr1:9651268	10	1	10	10	1	1	1	-0.4	0
chr1:9651938	10	1	10	10	1	1	1	-0.4	0
chr1:9652410	10	1	10	10	1	1	1	-0.4	0
chr1:9653644	10	1	10	10	1	1	1	-0.4	0
chr1:9654666	10	1	10	10	1	1	1	-0.4	0
chr1:9656085	10	1	10	10	1	1	1	-0.4	0
chr1:9662065	10	1	10	10	1	1	1	-0.4	0
chr1:9741422	10	1	10	10	1	1	1	-0.4	0
chr1:9812654	10	1	10	10	1	1	1	-0.4	0
chr1:9819691	10	1	10	10	1	1	1	-0.4	0
chr1:9825028	10	1	10	10	1	1	1	-0.4	0
chr1:9827741	10	1	10	10	1	1	1	-0.4	0
chr1:9850114	10	1	10	10	1	1	1	-0.4	0
chr1:9885457	10	1	10	10	1	1	1	-0.4	0
chr1:9886068	10	1	10	10	1	1	1	-0.4	0
chr1:9934008	10	1	10	10	1	1	1	-0.4	0
chr1:9952966	10	1	10	10	1	1	1	-0.4	0
chr1:10044428	10	1	10	10	1	1	1	-0.4	0
chr1:10073731	10	1	10	10	1	1	1	-0.4	0
chr1:10078253	10	1	10	10	1	1	1	-0.4	0
chr1:10146052	10	1	10	10	1	1	1	-0.4	0
chr1:10174376	10	1	10	10	1	1	1	-0.4	0
chr1:10195289	10	1	10	10	1	1	1	-0.4	0
chr1:10243611	10	1	10	10	1	1	1	-0.4	0
chr1:10247948	10	1	10	10	1	1	1	-0.4	0
chr1:10295873	10	1	10	10	1	1	1	-0.4	0
chr1:10355508	10	1	10	10	1	1	1	-0.4	0
chr1:10356580	10	1	10	10	1	1	1	-0.4	0
chr1:10382006	10	1	10	10	1	1	1	-0.4	0
chr1:10581444	10	1	10	10	1	1	1	-0.4	0
chr1:10622587	10	1	10	10	1	1	1	-0.4	0
chr1:10677333	10	1	10	10	1	1	1	-0.4	0
chr1:10693133	10	1	10	10	1	1	1	-0.4	0
chr1:10715539	10	1	10	10	1	1	1	-0.4	0
chr1:10806553	10	1	10	10	1	1	1	-0.4	0
chr1:10823989	10	1	10	10	1	1	1	-0.4	0
chr1:10835686	10	1	10	10	1	1	1	-0.4	0
chr1:10840755	10	1	10	10	1	1	1	-0.4	0
chr1:10850828	10	1	10	10	1	1	1	-0.4	0
chr1:10860417	10	1	10	10	1	1	1	-0.4	0
chr1:10892249	10	1	10	10	1	1	1	-0.4	0
chr1:10897694	10	1	10	10	1	1	1	-0.4	0
chr1:10926772	10	1	10	10	1	1	1	-0.4	0
chr1:11056842	10	1	10	10	1	1	1	-0.4	0
chr1:11222663	10	1	10	10	1	1	1	-0.4	0
chr1:11226229	10	1	10	10	1	1	1	-0.4	0
chr1:11249628	10	1	10	10	1	1	1	-0.4	0
chr1:11445423	10	1	10	10	1	1	1	-0.4	0
chr1:11454945	10	1	10	10	1	1	1	-0.4	0
chr1:11616375	10	1	10	10	1	1	1	-0.4	0
chr1:11931262	10	1	10	10	1	1	1	-0.4	0
chr1:12080223	10	1	10	10	1	1	1	-0.4	0
chr1:12180772	10	1	10	10	1	1	1	-0.4	0
chr1:12474519	10	1	10	10	1	1	1	-0.4	0
chr1:12687638	10	1	10	10	1	1	1	-0.4	0
chr1:13039788	10	1	10	10	1	1	1	-0.4	0
chr1:13115575	10	1	10	10	1	1	1	-0.4	0
chr1:13117786	10	1	10	10	1	1	1	-0.4	0
chr1:13260347	10	1	10	10	1	1	1	-0.4	0
chr1:13462854	10	1	10	10	1	1	1	-0.4	0
chr1:13698760	10	1	10	10	1	1	1	-0.4	0
chr1:14159921	10	1	10	10	1	1	1	-0.4	0
chr1:14160395	10	1	10	10	1	1	1	-0.4	0
chr1:15082288	10	1	10	10	1	1	1	-0.4	0
chr1:15082841	10	1	10	10	1	1	1	-0.4	0
chr1:15083703	10	1	10	10	1	1	1	-0.4	0
chr1:15084440	10	1	10	10	1	1	1	-0.4	0
chr1:15084796	10	1	10	10	1	1	1	-0.4	0
chr1:15085670	10	1	10	10	1	1	1	-0.4	0
chr1:15880451	10	1	10	10	1	1	1	-0.4	0
chr1:16137886	10	1	10	10	1	1	1	-0.4	0
chr1:16765863	10	1	10	10	1	1	1	-0.4	0
chr1:16767263	10	1	10	10	1	1	1	-0.4	0
chr1:17014028	10	1	10	10	1	1	1	-0.4	0
chr1:17169335	10	1	10	10	1	1	1	-0.4	0
chr1:17282846	10	1	10	10	1	1	1	-0.4	0
chr1:17284181	10	1	10	10	1	1	1	-0.4	0
chr1:17286766	10	1	10	10	1	1	1	-0.4	0
chr1:17295508	10	1	10	10	1	1	1	-0.4	0
chr1:17491044	10	1	10	10	1	1	1	-0.4	0
chr1:17834861	10	1	10	10	1	1	1	-0.4	0
chr1:17911188	10	1	10	10	1	1	1	-0.4	0
chr1:17976545	10	1	10	10	1	1	1	-0.4	0
chr1:18164833	10	1	10	10	1	1	1	-0.4	0
chr1:18298363	10	1	10	10	1	1	1	-0.4	0
chr1:18321746	10	1	10	10	1	1	1	-0.4	0
chr1:18322445	10	1	10	10	1	1	1	-0.4	0
chr1:18734226	10	1	10	10	1	1	1	-0.4	0
chr1:18739501	10	1	10	10	1	1	1	-0.4	0
chr1:18886511	10	1	10	10	1	1	1	-0.4	0
chr1:18927621	10	1	10	10	1	1	1	-0.4	0
chr1:18952151	10	1	10	10	1	1	1	-0.4	0
chr1:18953669	10	1	10	10	1	1	1	-0.4	0
chr1:19052873	10	1	10	10	1	1	1	-0.4	0
chr1:19105513	10	1	10	10	1	1	1	-0.4	0
chr1:19162529	10	1	10	10	1	1	1	-0.4	0
chr1:19171082	10	1	10	10	1	1	1	-0.4	0
chr1:19175375	10	1	10	10	1	1	1	-0.4	0
chr1:19214093	10	1	10	10	1	1	1	-0.4	0
chr1:19225946	10	1	10	10	1	1	1	-0.4	0
chr1:19302830	10	1	10	10	1	1	1	-0.4	0
chr1:19443640	10	1	10	10	1	1	1	-0.4	0
chr1:19496552	10	1	10	10	1	1	1	-0.4	0
chr1:19683986	10	1	10	10	1	1	1	-0.4	0
chr1:19781281	10	1	10	10	1	1	1	-0.4	0
chr1:19820201	10	1	10	10	1	1	1	-0.4	0
chr1:19825537	10	1	10	10	1	1	1	-0.4	0
chr1:19843513	10	1	10	10	1	1	1	-0.4	0
chr1:19883670	10	1	10	10	1	1	1	-0.4	0
chr1:19889462	10	1	10	10	1	1	1	-0.4	0
chr1:19890254	10	1	10	10	1	1	1	-0.4	0
chr1:19912658	10	1	10	10	1	1	1	-0.4	0
chr1:20158851	10	1	10	10	1	1	1	-0.4	0
chr1:20159246	10	1	10	10	1	1	1	-0.4	0
chr1:20187081	10	1	10	10	1	1	1	-0.4	0
chr1:20210457	10	1	10	10	1	1	1	-0.4	0
chr1:20706982	10	1	10	10	1	1	1	-0.4	0
chr1:20860470	10	1	10	10	1	1	1	-0.4	0
chr1:20876481	10	1	10	10	1	1	1	-0.4	0
chr1:20948454	10	1	10	10	1	1	1	-0.4	0
chr1:20968937	10	1	10	10	1	1	1	-0.4	0
chr1:21007951	10	1	10	10	1	1	1	-0.4	0
chr1:21043888	10	1	10	10	1	1	1	-0.4	0
chr1:21064129	10	1	10	10	1	1	1	-0.4	0
chr1:21207263	10	1	10	10	1	1	1	-0.4	0
chr1:21364810	10	1	10	10	1	1	1	-0.4	0
chr1:21443544	10	1	10	10	1	1	1	-0.4	0
chr1:21468550	10	1	10	10	1	1	1	-0.4	0
chr1:21471204	10	1	10	10	1	1	1	-0.4	0
chr1:21471793	10	1	10	10	1	1	1	-0.4	0
chr1:21611794	10	1	10	10	1	1	1	-0.4	0
chr1:21716573	10	1	10	10	1	1	1	-0.4	0
chr1:21742902	10	1	10	10	1	1	1	-0.4	0
chr1:21911339	10	1	10	10	1	1	1	-0.4	0
chr1:22057526	10	1	10	10	1	1	1	-0.4	0
chr1:22110537	10	1	10	10	1	1	1	-0.4	0
chr1:22166976	10	1	10	10	1	1	1	-0.4	0
chr1:22180938	10	1	10	10	1	1	1	-0.4	0
chr1:22184737	10	1	10	10	1	1	1	-0.4	0
chr1:22185901	10	1	10	10	1	1	1	-0.4	0
chr1:22187564	10	1	10	10	1	1	1	-0.4	0
chr1:22200306	10	1	10	10	1	1	1	-0.4	0
chr1:22343058	10	1	10	10	1	1	1	-0.4	0
chr1:22461350	10	1	10	10	1	1	1	-0.4	0
chr1:22594305	10	1	10	10	1	1	1	-0.4	0
chr1:22641199	10	1	10	10	1	1	1	-0.4	0
chr1:22645316	10	1	10	10	1	1	1	-0.4	0
chr1:22677657	10	1	10	10	1	1	1	-0.4	0
chr1:22713604	10	1	10	10	1	1	1	-0.4	0
chr1:22799354	10	1	10	10	1	1	1	-0.4	0
chr1:22827563	10	1	10	10	1	1	1	-0.4	0
chr1:22868894	10	1	10	10	1	1	1	-0.4	0
chr1:22977629	10	1	10	10	1	1	1	-0.4	0
chr1:23020603	10	1	10	10	1	1	1	-0.4	0
chr1:23022783	10	1	10	10	1	1	1	-0.4	0
chr1:23083250	10	1	10	10	1	1	1	-0.4	0
chr1:23083490	10	1	10	10	1	1	1	-0.4	0
chr1:23166490	10	1	10	10	1	1	1	-0.4	0
chr1:23396427	10	1	10	10	1	1	1	-0.4	0
chr1:23618373	10	1	10	10	1	1	1	-0.4	0
chr1:23777224	10	1	10	10	1	1	1	-0.4	0
chr1:23828120	10	1	10	10	1	1	1	-0.4	0
chr1:23895862	10	1	10	10	1	1	1	-0.4	0
chr1:23899105	10	1	10	10	1	1	1	-0.4	0
chr1:23912375	10	1	10	10	1	1	1	-0.4	0
chr1:24011182	10	1	10	10	1	1	1	-0.4	0
chr1:24149235	10	1	10	10	1	1	1	-0.4	0
chr1:24349237	10	1	10	10	1	1	1	-0.4	0
chr1:24357561	10	1	10	10	1	1	1	-0.4	0
chr1:24359053	10	1	10	10	1	1	1	-0.4	0
chr1:24361928	10	1	10	10	1	1	1	-0.4	0
chr1:24443465	10	1	10	10	1	1	1	-0.4	0
chr1:24487100	10	1	10	10	1	1	1	-0.4	0
chr1:24487782	10	1	10	10	1	1	1	-0.4	0
chr1:24493325	10	1	10	10	1	1	1	-0.4	0
chr1:24553972	10	1	10	10	1	1	1	-0.4	0
chr1:24559023	10	1	10	10	1	1	1	-0.4	0
chr1:24631292	10	1	10	10	1	1	1	-0.4	0
chr1:24648298	10	1	10	10	1	1	1	-0.4	0
chr1:24656505	10	1	10	10	1	1	1	-0.4	0
chr1:24812404	10	1	10	10	1	1	1	-0.4	0
chr1:24848088	10	1	10	10	1	1	1	-0.4	0
chr1:24909038	10	1	10	10	1	1	1	-0.4	0
chr1:25137937	10	1	10	10	1	1	1	-0.4	0
chr1:25216777	10	1	10	10	1	1	1	-0.4	0
chr1:25217727	10	1	10	10	1	1	1	-0.4	0
chr1:25225497	10	1	10	10	1	1	1	-0.4	0
chr1:25238038	10	1	10	10	1	1	1	-0.4	0
chr1:25272084	10	1	10	10	1	1	1	-0.4	0
chr1:25274236	10	1	10	10	1	1	1	-0.4	0
chr1:25276237	10	1	10	10	1	1	1	-0.4	0
chr1:25312620	10	1	10	10	1	1	1	-0.4	0
chr1:25425425	10	1	10	10	1	1	1	-0.4	0
chr1:25471381	10	1	10	10	1	1	1	-0.4	0
chr1:25473342	10	1	10	10	1	1	1	-0.4	0
chr1:25477538	10	1	10	10	1	1	1	-0.4	0
chr1:25599412	10	1	10	10	1	1	1	-0.4	0
chr1:25695400	10	1	10	10	1	1	1	-0.4	0
chr1:25695875	10	1	10	10	1	1	1	-0.4	0
chr1:25712451	10	1	10	10	1	1	1	-0.4	0
chr1:25732454	10	1	10	10	1	1	1	-0.4	0
chr1:25784510	10	1	10	10	1	1	1	-0.4	0
chr1:25830774	10	1	10	10	1	1	1	-0.4	0
chr1:25831361	10	1	10	10	1	1	1	-0.4	0
chr1:25876068	10	1	10	10	1	1	1	-0.4	0
chr1:25877623	10	1	10	10	1	1	1	-0.4	0
chr1:25880143	10	1	10	10	1	1	1	-0.4	0
chr1:25941086	10	1	10	10	1	1	1	-0.4	0
chr1:26043216	10	1	10	10	1	1	1	-0.4	0
chr1:26049468	10	1	10	10	1	1	1	-0.4	0
chr1:26117963	10	1	10	10	1	1	1	-0.4	0
chr1:26123618	10	1	10	10	1	1	1	-0.4	0
chr1:26128145	10	1	10	10	1	1	1	-0.4	0
chr1:26239790	10	1	10	10	1	1	1	-0.4	0
chr1:26240464	10	1	10	10	1	1	1	-0.4	0
chr1:26299646	10	1	10	10	1	1	1	-0.4	0
chr1:26306776	10	1	10	10	1	1	1	-0.4	0
chr1:26415476	10	1	10	10	1	1	1	-0.4	0
chr1:26471158	10	1	10	10	1	1	1	-0.4	0
chr1:26477609	10	1	10	10	1	1	1	-0.4	0
chr1:26484990	10	1	10	10	1	1	1	-0.4	0
chr1:26513339	10	1	10	10	1	1	1	-0.4	0
chr1:26533523	10	1	10	10	1	1	1	-0.4	0
chr1:26533851	10	1	10	10	1	1	1	-0.4	0
chr1:26541437	10	1	10	10	1	1	1	-0.4	0
chr1:26587545	10	1	10	10	1	1	1	-0.4	0
chr1:26591607	10	1	10	10	1	1	1	-0.4	0
chr1:26592840	10	1	10	10	1	1	1	-0.4	0
chr1:26694976	10	1	10	10	1	1	1	-0.4	0
chr1:26790604	10	1	10	10	1	1	1	-0.4	0
chr1:26815687	10	1	10	10	1	1	1	-0.4	0
chr1:26938297	10	1	10	10	1	1	1	-0.4	0
chr1:26970635	10	1	10	10	1	1	1	-0.4	0
chr1:27018033	10	1	10	10	1	1	1	-0.4	0
chr1:27044723	10	1	10	10	1	1	1	-0.4	0
chr1:27097613	10	1	10	10	1	1	1	-0.4	0
chr1:27118348	10	1	10	10	1	1	1	-0.4	0
chr1:27151208	10	1	10	10	1	1	1	-0.4	0
chr1:27171942	10	1	10	10	1	1	1	-0.4	0
chr1:27264601	10	1	10	10	1	1	1	-0.4	0
chr1:27306678	10	1	10	10	1	1	1	-0.4	0
chr1:27484161	10	1	10	10	1	1	1	-0.4	0
chr1:27638385	10	1	10	10	1	1	1	-0.4	0
chr1:27646674	10	1	10	10	1	1	1	-0.4	0
chr1:27699846	10	1	10	10	1	1	1	-0.4	0
chr1:27741540	10	1	10	10	1	1	1	-0.4	0
chr1:27815743	10	1	10	10	1	1	1	-0.4	0
chr1:27816646	10	1	10	10	1	1	1	-0.4	0
chr1:27959544	10	1	10	10	1	1	1	-0.4	0
chr1:28041119	10	1	10	10	1	1	1	-0.4	0
chr1:28045989	10	1	10	10	1	1	1	-0.4	0
chr1:28068860	10	1	10	10	1	1	1	-0.4	0
chr1:28095506	10	1	10	10	1	1	1	-0.4	0
chr1:28098618	10	1	10	10	1	1	1	-0.4	0
chr1:28115613	10	1	10	10	1	1	1	-0.4	0
chr1:28145251	10	1	10	10	1	1	1	-0.4	0
chr1:28145796	10	1	10	10	1	1	1	-0.4	0
chr1:28183567	10	1	10	10	1	1	1	-0.4	0
chr1:28213779	10	1	10	10	1	1	1	-0.4	0
chr1:28285698	10	1	10	10	1	1	1	-0.4	0
chr1:28337191	10	1	10	10	1	1	1	-0.4	0
chr1:28338298	10	1	10	10	1	1	1	-0.4	0
chr1:28361954	10	1	10	10	1	1	1	-0.4	0
chr1:28367958	10	1	10	10	1	1	1	-0.4	0
chr1:28398138	10	1	10	10	1	1	1	-0.4	0
chr1:28430385	10	1	10	10	1	1	1	-0.4	0
chr1:28461328	10	1	10	10	1	1	1	-0.4	0
chr1:28486075	10	1	10	10	1	1	1	-0.4	0
chr1:28549874	10	1	10	10	1	1	1	-0.4	0
chr1:28587633	10	1	10	10	1	1	1	-0.4	0
chr1:28589591	10	1	10	10	1	1	1	-0.4	0
chr1:28644785	10	1	10	10	1	1	1	-0.4	0
chr1:28728063	10	1	10	10	1	1	1	-0.4	0
chr1:28804964	10	1	10	10	1	1	1	-0.4	0
chr1:28896050	10	1	10	10	1	1	1	-0.4	0
chr1:28916971	10	1	10	10	1	1	1	-0.4	0
chr1:28925428	10	1	10	10	1	1	1	-0.4	0
chr1:29038365	10	1	10	10	1	1	1	-0.4	0
chr1:29250168	10	1	10	10	1	1	1	-0.4	0
chr1:29327664	10	1	10	10	1	1	1	-0.4	0
chr1:29329506	10	1	10	10	1	1	1	-0.4	0
chr1:29336803	10	1	10	10	1	1	1	-0.4	0
chr1:29345895	10	1	10	10	1	1	1	-0.4	0
chr1:29346930	10	1	10	10	1	1	1	-0.4	0
chr1:29347598	10	1	10	10	1	1	1	-0.4	0
chr1:29354238	10	1	10	10	1	1	1	-0.4	0
chr1:29365532	10	1	10	10	1	1	1	-0.4	0
chr1:29388977	10	1	10	10	1	1	1	-0.4	0
chr1:29466007	10	1	10	10	1	1	1	-0.4	0
chr1:29552236	10	1	10	10	1	1	1	-0.4	0
chr1:29590802	10	1	10	10	1	1	1	-0.4	0
chr1:29599236	10	1	10	10	1	1	1	-0.4	0
chr1:29743458	10	1	10	10	1	1	1	-0.4	0
chr1:29760960	10	1	10	10	1	1	1	-0.4	0
chr1:29910996	10	1	10	10	1	1	1	-0.4	0
chr1:29975597	10	1	10	10	1	1	1	-0.4	0
chr1:30011558	10	1	10	10	1	1	1	-0.4	0
chr1:30217171	10	1	10	10	1	1	1	-0.4	0
chr1:30242164	10	1	10	10	1	1	1	-0.4	0
chr1:30243021	10	1	10	10	1	1	1	-0.4	0
chr1:30244859	10	1	10	10	1	1	1	-0.4	0
chr1:30249258	10	1	10	10	1	1	1	-0.4	0
chr1:30267337	10	1	10	10	1	1	1	-0.4	0
chr1:30295857	10	1	10	10	1	1	1	-0.4	0
chr1:30302900	10	1	10	10	1	1	1	-0.4	0
chr1:30371985	10	1	10	10	1	1	1	-0.4	0
chr1:30403653	10	1	10	10	1	1	1	-0.4	0
chr1:30409748	10	1	10	10	1	1	1	-0.4	0
chr2:1374	10	1	10	10	1	1	1	-0.4	0
chr2:2649	10	1	10	10	1	1	1	-0.4	0
chr2:3433	10	1	10	10	1	1	1	-0.4	0
chr2:5766	10	1	10	10	1	1	1	-0.4	0
chr2:10019	10	1	10	10	1	1	1	-0.4	0
chr2:81274	10	1	10	10	1	1	1	-0.4	0
chr2:109444	10	1	10	10	1	1	1	-0.4	0
chr2:203865	10	1	10	10	1	1	1	-0.4	0
chr2:259064	10	1	10	10	1	1	1	-0.4	0
chr2:297144	10	1	10	10	1	1	1	-0.4	0
chr2:383465	10	1	10	10	1	1	1	-0.4	0
chr2:428679	10	1	10	10	1	1	1	-0.4	0
chr2:529378	10	1	10	10	1	1	1	-0.4	0
chr2:587287	10	1	10	10	1	1	1	-0.4	0
chr2:640699	10	1	10	10	1	1	1	-0.4	0
chr2:641658	10	1	10	10	1	1	1	-0.4	0
chr2:761918	10	1	10	10	1	1	1	-0.4	0
chr2:846903	10	1	10	10	1	1	1	-0.4	0
chr2:1140133	10	1	10	10	1	1	1	-0.4	0
chr2:1572197	10	1	10	10	1	1	1	-0.4	0
chr2:1967796	10	1	10	10	1	1	1	-0.4	0
chr2:1968579	10	1	10	10	1	1	1	-0.4	0
chr2:2149084	10	1	10	10	1	1	1	-0.4	0
chr2:2291508	10	1	10	10	1	1	1	-0.4	0
chr2:3260394	10	1	10	10	1	1	1	-0.4	0
chr2:3263456	10	1	10	10	1	1	1	-0.4	0
chr2:3264195	10	1	10	10	1	1	1	-0.4	0
chr2:3264799	10	1	10	10	1	1	1	-0.4	0
chr2:3265393	10	1	10	10	1	1	1	-0.4	0
chr2:3266065	10	1	10	10	1	1	1	-0.4	0
chr2:3267958	10	1	10	10	1	1	1	-0.4	0
chr2:3269356	10	1	10	10	1	1	1	-0.4	0
chr2:3272170	10	1	10	10	1	1	1	-0.4	0
chr2:3272713	10	1	10	10	1	1	1	-0.4	0
chr2:3275818	10	1	10	10	1	1	1	-0.4	0
chr2:3278792	10	1	10	10	1	1	1	-0.4	0
chr2:3279558	10	1	10	10	1	1	1	-0.4	0
chr2:3280587	10	1	10	10	1	1	1	-0.4	0
chr2:3281736	10	1	10	10	1	1	1	-0.4	0
chr2:3283496	10	1	10	10	1	1	1	-0.4	0
chr2:3292235	10	1	10	10	1	1	1	-0.4	0
chr2:3293403	10	1	10	10	1	1	1	-0.4	0
chr2:3294597	10	1	10	10	1	1	1	-0.4	0
chr2:3295502	10	1	10	10	1	1	1	-0.4	0
chr2:3296164	10	1	10	10	1	1	1	-0.4	0
chr2:3297121	10	1	10	10	1	1	1	-0.4	0
chr2:3299422	10	1	10	10	1	1	1	-0.4	0
chr2:3303862	10	1	10	10	1	1	1	-0.4	0
chr2:3306656	10	1	10	10	1	1	1	-0.4	0
chr2:3312679	10	1	10	10	1	1	1	-0.4	0
chr2:3314010	10	1	10	10	1	1	1	-0.4	0
chr2:3320028	10	1	10	10	1	1	1	-0.4	0
chr2:3322005	10	1	10	10	1	1	1	-0.4	0
chr2:3324588	10	1	10	10	1	1	1	-0.4	0
chr2:3325139	10	1	10	10	1	1	1	-0.4	0
chr2:3327304	10	1	10	10	1	1	1	-0.4	0
chr2:3329616	10	1	10	10	1	1	1	-0.4	0
chr2:3330997	10	1	10	10	1	1	1	-0.4	0
chr2:3331374	10	1	10	10	1	1	1	-0.4	0
chr2:3332401	10	1	10	10	1	1	1	-0.4	0
chr2:3332838	10	1	10	10	1	1	1	-0.4	0
chr2:3333627	10	1	10	10	1	1	1	-0.4	0
chr2:3334452	10	1	10	10	1	1	1	-0.4	0
chr2:3335189	10	1	10	10	1	1	1	-0.4	0
chr2:3337174	10	1	10	10	1	1	1	-0.4	0
chr2:3338094	10	1	10	10	1	1	1	-0.4	0
chr2:3342244	10	1	10	10	1	1	1	-0.4	0
chr2:3342792	10	1	10	10	1	1	1	-0.4	0
chr2:3344646	10	1	10	10	1	1	1	-0.4	0
chr2:3345709	10	1	10	10	1	1	1	-0.4	0
chr2:3346698	10	1	10	10	1	1	1	-0.4	0
chr2:3349080	10	1	10	10	1	1	1	-0.4	0
chr2:3354599	10	1	10	10	1	1	1	-0.4	0
chr2:3356844	10	1	10	10	1	1	1	-0.4	0
chr2:3357598	10	1	10	10	1	1	1	-0.4	0
chr2:3358656	10	1	10	10	1	1	1	-0.4	0
chr2:3359112	10	1	10	10	1	1	1	-0.4	0
chr2:3360399	10	1	10	10	1	1	1	-0.4	0
chr2:3360989	10	1	10	10	1	1	1	-0.4	0
chr2:3363017	10	1	10	10	1	1	1	-0.4	0
chr2:3365024	10	1	10	10	1	1	1	-0.4	0
chr2:3365665	10	1	10	10	1	1	1	-0.4	0
chr2:3366575	10	1	10	10	1	1	1	-0.4	0
chr2:3367379	10	1	10	10	1	1	1	-0.4	0
chr2:3375207	10	1	10	10	1	1	1	-0.4	0
chr2:3376913	10	1	10	10	1	1	1	-0.4	0
chr2:3377685	10	1	10	10	1	1	1	-0.4	0
chr2:3378085	10	1	10	10	1	1	1	-0.4	0
chr2:3378662	10	1	10	10	1	1	1	-0.4	0
chr2:3381920	10	1	10	10	1	1	1	-0.4	0
chr2:3389487	10	1	10	10	1	1	1	-0.4	0
chr2:3393475	10	1	10	10	1	1	1	-0.4	0
chr2:3394013	10	1	10	10	1	1	1	-0.4	0
chr2:3395157	10	1	10	10	1	1	1	-0.4	0
chr2:3396372	10	1	10	10	1	1	1	-0.4	0
chr2:3397041	10	1	10	10	1	1	1	-0.4	0
chr2:3398931	10	1	10	10	1	1	1	-0.4	0
chr2:3399440	10	1	10	10	1	1	1	-0.4	0
chr2:3400239	10	1	10	10	1	1	1	-0.4	0
chr2:3404943	10	1	10	10	1	1	1	-0.4	0
chr2:3405548	10	1	10	10	1	1	1	-0.4	0
chr2:3406460	10	1	10	10	1	1	1	-0.4	0
chr2:3407738	10	1	10	10	1	1	1	-0.4	0
chr2:3408883	10	1	10	10	1	1	1	-0.4	0
chr2:3411100	10	1	10	10	1	1	1	-0.4	0
chr2:3412794	10	1	10	10	1	1	1	-0.4	0
chr2:3418758	10	1	10	10	1	1	1	-0.4	0
chr2:3429060	10	1	10	10	1	1	1	-0.4	0
chr2:3431560	10	1	10	10	1	1	1	-0.4	0
chr2:3434009	10	1	10	10	1	1	1	-0.4	0
chr2:3434365	10	1	10	10	1	1	1	-0.4	0
chr2:3438341	10	1	10	10	1	1	1	-0.4	0
chr2:3438674	10	1	10	10	1	1	1	-0.4	0
chr2:3440388	10	1	10	10	1	1	1	-0.4	0
chr2:3442774	10	1	10	10	1	1	1	-0.4	0
chr2:3447454	10	1	10	10	1	1	1	-0.4	0
chr2:3459053	10	1	10	10	1	1	1	-0.4	0
chr2:3460421	10	1	10	10	1	1	1	-0.4	0
chr2:3461090	10	1	10	10	1	1	1	-0.4	0
chr2:3463844	10	1	10	10	1	1	1	-0.4	0
chr2:3464491	10	1	10	10	1	1	1	-0.4	0
chr2:3467005	10	1	10	10	1	1	1	-0.4	0
chr2:3468449	10	1	10	10	1	1	1	-0.4	0
chr2:3469369	10	1	10	10	1	1	1	-0.4	0
chr2:3471592	10	1	10	10	1	1	1	-0.4	0
chr2:3474893	10	1	10	10	1	1	1	-0.4	0
chr2:3475895	10	1	10	10	1	1	1	-0.4	0
chr2:3476295	10	1	10	10	1	1	1	-0.4	0
chr2:3478250	10	1	10	10	1	1	1	-0.4	0
chr2:3482452	10	1	10	10	1	1	1	-0.4	0
chr2:3483955	10	1	10	10	1	1	1	-0.4	0
chr2:3484695	10	1	10	10	1	1	1	-0.4	0
chr2:3485147	10	1	10	10	1	1	1	-0.4	0
chr2:3486086	10	1	10	10	1	1	1	-0.4	0
chr2:3487576	10	1	10	10	1	1	1	-0.4	0
chr2:3488739	10	1	10	10	1	1	1	-0.4	0
chr2:3490314	10	1	10	10	1	1	1	-0.4	0
chr2:3491080	10	1	10	10	1	1	1	-0.4	0
chr2:3492488	10	1	10	10	1	1	1	-0.4	0
chr2:3493375	10	1	10	10	1	1	1	-0.4	0
chr2:3495385	10	1	10	10	1	1	1	-0.4	0
chr2:3496137	10	1	10	10	1	1	1	-0.4	0
chr2:3497519	10	1	10	10	1	1	1	-0.4	0
chr2:3498417	10	1	10	10	1	1	1	-0.4	0
chr2:3499501	10	1	10	10	1	1	1	-0.4	0
chr2:3500887	10	1	10	10	1	1	1	-0.4	0
chr2:3501451	10	1	10	10	1	1	1	-0.4	0
chr2:3501867	10	1	10	10	1	1	1	-0.4	0
chr2:3509702	10	1	10	10	1	1	1	-0.4	0
chr2:3605876	10	1	10	10	1	1	1	-0.4	0
chr2:3607156	10	1	10	10	1	1	1	-0.4	0
chr2:3615033	10	1	10	10	1	1	1	-0.4	0
chr2:3616053	10	1	10	10	1	1	1	-0.4	0
chr2:3616618	10	1	10	10	1	1	1	-0.4	0
chr2:3618127	10	1	10	10	1	1	1	-0.4	0
chr2:3618448	10	1	10	10	1	1	1	-0.4	0
chr2:3619022	10	1	10	10	1	1	1	-0.4	0
chr2:3619517	10	1	10	10	1	1	1	-0.4	0
chr2:3620022	10	1	10	10	1	1	1	-0.4	0
chr2:3621215	10	1	10	10	1	1	1	-0.4	0
chr2:3621709	10	1	10	10	1	1	1	-0.4	0
chr2:3622607	10	1	10	10	1	1	1	-0.4	0
chr2:3623503	10	1	10	10	1	1	1	-0.4	0
chr2:3624632	10	1	10	10	1	1	1	-0.4	0
chr2:3625292	10	1	10	10	1	1	1	-0.4	0
chr2:3625774	10	1	10	10	1	1	1	-0.4	0
chr2:3626331	10	1	10	10	1	1	1	-0.4	0
chr2:3626975	10	1	10	10	1	1	1	-0.4	0
chr2:3627317	10	1	10	10	1	1	1	-0.4	0
chr2:6018379	10	1	10	10	1	1	1	-0.4	0
chr2:6400416	10	1	10	10	1	1	1	-0.4	0
chr2:6400694	10	1	10	10	1	1	1	-0.4	0
chr2:7123020	10	1	10	10	1	1	1	-0.4	0
chr2:7190969	10	1	10	10	1	1	1	-0.4	0
chr2:7201737	10	1	10	10	1	1	1	-0.4	0
chr2:7221731	10	1	10	10	1	1	1	-0.4	0
chr2:7223771	10	1	10	10	1	1	1	-0.4	0
chr2:7245902	10	1	10	10	1	1	1	-0.4	0
chr2:7571137	10	1	10	10	1	1	1	-0.4	0
chr2:7693371	10	1	10	10	1	1	1	-0.4	0
chr2:7742683	10	1	10	10	1	1	1	-0.4	0
chr2:7766007	10	1	10	10	1	1	1	-0.4	0
chr2:7864168	10	1	10	10	1	1	1	-0.4	0
chr2:7972375	10	1	10	10	1	1	1	-0.4	0
chr2:7994691	10	1	10	10	1	1	1	-0.4	0
chr2:7995536	10	1	10	10	1	1	1	-0.4	0
chr2:7996989	10	1	10	10	1	1	1	-0.4	0
chr2:8091827	10	1	10	10	1	1	1	-0.4	0
chr2:8097223	10	1	10	10	1	1	1	-0.4	0
chr2:8223006	10	1	10	10	1	1	1	-0.4	0
chr2:8293725	10	1	10	10	1	1	1	-0.4	0
chr2:8331301	10	1	10	10	1	1	1	-0.4	0
chr2:8473347	10	1	10	10	1	1	1	-0.4	0
chr2:8535011	10	1	10	10	1	1	1	-0.4	0
chr2:8544099	10	1	10	10	1	1	1	-0.4	0
chr2:8550183	10	1	10	10	1	1	1	-0.4	0
chr2:8567191	10	1	10	10	1	1	1	-0.4	0
chr2:8657390	10	1	10	10	1	1	1	-0.4	0
chr2:8710344	10	1	10	10	1	1	1	-0.4	0
chr2:8760335	10	1	10	10	1	1	1	-0.4	0
chr2:8900137	10	1	10	10	1	1	1	-0.4	0
chr2:8913664	10	1	10	10	1	1	1	-0.4	0
chr2:8932357	10	1	10	10	1	1	1	-0.4	0
chr2:8971488	10	1	10	10	1	1	1	-0.4	0
chr2:8985770	10	1	10	10	1	1	1	-0.4	0
chr2:9002926	10	1	10	10	1	1	1	-0.4	0
chr2:9006567	10	1	10	10	1	1	1	-0.4	0
chr2:9214386	10	1	10	10	1	1	1	-0.4	0
chr2:9266539	10	1	10	10	1	1	1	-0.4	0
chr2:9315060	10	1	10	10	1	1	1	-0.4	0
chr2:9386475	10	1	10	10	1	1	1	-0.4	0
chr2:9406058	10	1	10	10	1	1	1	-0.4	0
chr2:9521037	10	1	10	10	1	1	1	-0.4	0
chr2:9527892	10	1	10	10	1	1	1	-0.4	0
chr2:9591038	10	1	10	10	1	1	1	-0.4	0
chr2:9676033	10	1	10	10	1	1	1	-0.4	0
chr2:9710699	10	1	10	10	1	1	1	-0.4	0
chr2:9924850	10	1	10	10	1	1	1	-0.4	0
chr2:9926522	10	1	10	10	1	1	1	-0.4	0
chr2:9995362	10	1	10	10	1	1	1	-0.4	0
chr2:10066209	10	1	10	10	1	1	1	-0.4	0
chr2:10072143	10	1	10	10	1	1	1	-0.4	0
chr2:10074457	10	1	10	10	1	1	1	-0.4	0
chr2:10122220	10	1	10	10	1	1	1	-0.4	0
chr2:10138535	10	1	10	10	1	1	1	-0.4	0
chr2:10310316	10	1	10	10	1	1	1	-0.4	0
chr2:10438150	10	1	10	10	1	1	1	-0.4	0
chr2:10440566	10	1	10	10	1	1	1	-0.4	0
chr2:10561649	10	1	10	10	1	1	1	-0.4	0
chr2:10566982	10	1	10	10	1	1	1	-0.4	0
chr2:10629011	10	1	10	10	1	1	1	-0.4	0
chr2:10674687	10	1	10	10	1	1	1	-0.4	0
chr2:10847187	10	1	10	10	1	1	1	-0.4	0
chr2:11150224	10	1	10	10	1	1	1	-0.4	0
chr2:11150577	10	1	10	10	1	1	1	-0.4	0
chr2:11171127	10	1	10	10	1	1	1	-0.4	0
chr2:11173303	10	1	10	10	1	1	1	-0.4	0
chr2:11284897	10	1	10	10	1	1	1	-0.4	0
chr2:11336591	10	1	10	10	1	1	1	-0.4	0
chr2:11380387	10	1	10	10	1	1	1	-0.4	0
chr2:11519422	10	1	10	10	1	1	1	-0.4	0
chr2:11527838	10	1	10	10	1	1	1	-0.4	0
chr2:11567079	10	1	10	10	1	1	1	-0.4	0
chr2:11683653	10	1	10	10	1	1	1	-0.4	0
chr2:11705202	10	1	10	10	1	1	1	-0.4	0
chr2:11754687	10	1	10	10	1	1	1	-0.4	0
chr2:11861015	10	1	10	10	1	1	1	-0.4	0
chr2:11861741	10	1	10	10	1	1	1	-0.4	0
chr2:11913278	10	1	10	10	1	1	1	-0.4	0
chr2:12018661	10	1	10	10	1	1	1	-0.4	0
chr2:12028333	10	1	10	10	1	1	1	-0.4	0
chr2:12042409	10	1	10	10	1	1	1	-0.4	0
chr2:12107299	10	1	10	10	1	1	1	-0.4	0
chr2:12123399	10	1	10	10	1	1	1	-0.4	0
chr2:12224404	10	1	10	10	1	1	1	-0.4	0
chr2:12280849	10	1	10	10	1	1	1	-0.4	0
chr2:12321662	10	1	10	10	1	1	1	-0.4	0
chr2:12370786	10	1	10	10	1	1	1	-0.4	0
chr2:12378333	10	1	10	10	1	1	1	-0.4	0
chr2:12380879	10	1	10	10	1	1	1	-0.4	0
chr2:12386121	10	1	10	10	1	1	1	-0.4	0
chr2:12386347	10	1	10	10	1	1	1	-0.4	0
chr2:12405545	10	1	10	10	1	1	1	-0.4	0
chr2:12408117	10	1	10	10	1	1	1	-0.4	0
chr2:12419941	10	1	10	10	1	1	1	-0.4	0
chr2:12618891	10	1	10	10	1	1	1	-0.4	0
chr2:12632500	10	1	10	10	1	1	1	-0.4	0
chr2:12683141	10	1	10	10	1	1	1	-0.4	0
chr2:12697276	10	1	10	10	1	1	1	-0.4	0
chr2:12712570	10	1	10	10	1	1	1	-0.4	0
chr2:12797208	10	1	10	10	1	1	1	-0.4	0
chr2:12864112	10	1	10	10	1	1	1	-0.4	0
chr2:12898503	10	1	10	10	1	1	1	-0.4	0
chr2:12905271	10	1	10	10	1	1	1	-0.4	0
chr2:12997462	10	1	10	10	1	1	1	-0.4	0
chr2:13085656	10	1	10	10	1	1	1	-0.4	0
chr2:13142277	10	1	10	10	1	1	1	-0.4	0
chr2:13186452	10	1	10	10	1	1	1	-0.4	0
chr2:13256215	10	1	10	10	1	1	1	-0.4	0
chr2:13307701	10	1	10	10	1	1	1	-0.4	0
chr2:13384517	10	1	10	10	1	1	1	-0.4	0
chr2:13554960	10	1	10	10	1	1	1	-0.4	0
chr2:13609505	10	1	10	10	1	1	1	-0.4	0
chr2:13641965	10	1	10	10	1	1	1	-0.4	0
chr2:13660668	10	1	10	10	1	1	1	-0.4	0
chr2:13689601	10	1	10	10	1	1	1	-0.4	0
chr2:13702647	10	1	10	10	1	1	1	-0.4	0
chr2:13765718	10	1	10	10	1	1	1	-0.4	0
chr2:13824555	10	1	10	10	1	1	1	-0.4	0
chr2:13857061	10	1	10	10	1	1	1	-0.4	0
chr2:13894870	10	1	10	10	1	1	1	-0.4	0
chr2:13971791	10	1	10	10	1	1	1	-0.4	0
chr2:13977779	10	1	10	10	1	1	1	-0.4	0
chr2:14047436	10	1	10	10	1	1	1	-0.4	0
chr2:14051189	10	1	10	10	1	1	1	-0.4	0
chr2:14179324	10	1	10	10	1	1	1	-0.4	0
chr2:14180470	10	1	10	10	1	1	1	-0.4	0
chr2:14221857	10	1	10	10	1	1	1	-0.4	0
chr2:14253136	10	1	10	10	1	1	1	-0.4	0
chr2:14260636	10	1	10	10	1	1	1	-0.4	0
chr2:14261598	10	1	10	10	1	1	1	-0.4	0
chr2:14432525	10	1	10	10	1	1	1	-0.4	0
chr2:14464748	10	1	10	10	1	1	1	-0.4	0
chr2:14651989	10	1	10	10	1	1	1	-0.4	0
chr2:14754093	10	1	10	10	1	1	1	-0.4	0
chr2:14852212	10	1	10	10	1	1	1	-0.4	0
chr2:14907818	10	1	10	10	1	1	1	-0.4	0
chr2:14945523	10	1	10	10	1	1	1	-0.4	0
chr2:14951646	10	1	10	10	1	1	1	-0.4	0
chr2:14985476	10	1	10	10	1	1	1	-0.4	0
chr2:15015166	10	1	10	10	1	1	1	-0.4	0
chr2:15015503	10	1	10	10	1	1	1	-0.4	0
chr2:15015942	10	1	10	10	1	1	1	-0.4	0
chr2:15066056	10	1	10	10	1	1	1	-0.4	0
chr2:15081984	10	1	10	10	1	1	1	-0.4	0
chr2:15100302	10	1	10	10	1	1	1	-0.4	0
chr2:15103873	10	1	10	10	1	1	1	-0.4	0
chr2:15148960	10	1	10	10	1	1	1	-0.4	0
chr2:15155224	10	1	10	10	1	1	1	-0.4	0
chr2:15193486	10	1	10	10	1	1	1	-0.4	0
chr2:15228696	10	1	10	10	1	1	1	-0.4	0
chr2:15237841	10	1	10	10	1	1	1	-0.4	0
chr2:15253434	10	1	10	10	1	1	1	-0.4	0
chr2:15277776	10	1	10	10	1	1	1	-0.4	0
chr2:15294050	10	1	10	10	1	1	1	-0.4	0
chr2:15338509	10	1	10	10	1	1	1	-0.4	0
chr2:15377231	10	1	10	10	1	1	1	-0.4	0
chr2:15470216	10	1	10	10	1	1	1	-0.4	0
chr2:15488169	10	1	10	10	1	1	1	-0.4	0
chr2:15514874	10	1	10	10	1	1	1	-0.4	0
chr2:15521871	10	1	10	10	1	1	1	-0.4	0
chr2:15598988	10	1	10	10	1	1	1	-0.4	0
chr2:15608585	10	1	10	10	1	1	1	-0.4	0
chr2:15613202	10	1	10	10	1	1	1	-0.4	0
chr2:15613865	10	1	10	10	1	1	1	-0.4	0
chr2:15706093	10	1	10	10	1	1	1	-0.4	0
chr2:15896490	10	1	10	10	1	1	1	-0.4	0
chr2:16050420	10	1	10	10	1	1	1	-0.4	0
chr2:16108202	10	1	10	10	1	1	1	-0.4	0
chr2:16129501	10	1	10	10	1	1	1	-0.4	0
chr2:16221566	10	1	10	10	1	1	1	-0.4	0
chr2:16257907	10	1	10	10	1	1	1	-0.4	0
chr2:16360020	10	1	10	10	1	1	1	-0.4	0
chr2:16361905	10	1	10	10	1	1	1	-0.4	0
chr2:16364945	10	1	10	10	1	1	1	-0.4	0
chr2:16366087	10	1	10	10	1	1	1	-0.4	0
chr2:16368676	10	1	10	10	1	1	1	-0.4	0
chr2:16371697	10	1	10	10	1	1	1	-0.4	0
chr2:16413770	10	1	10	10	1	1	1	-0.4	0
chr2:16449280	10	1	10	10	1	1	1	-0.4	0
chr2:16449728	10	1	10	10	1	1	1	-0.4	0
chr2:16459293	10	1	10	10	1	1	1	-0.4	0
chr2:16474007	10	1	10	10	1	1	1	-0.4	0
chr2:16490266	10	1	10	10	1	1	1	-0.4	0
chr2:16642283	10	1	10	10	1	1	1	-0.4	0
chr2:16692296	10	1	10	10	1	1	1	-0.4	0
chr2:16700272	10	1	10	10	1	1	1	-0.4	0
chr2:16700578	10	1	10	10	1	1	1	-0.4	0
chr2:16701796	10	1	10	10	1	1	1	-0.4	0
chr2:16707381	10	1	10	10	1	1	1	-0.4	0
chr2:16735031	10	1	10	10	1	1	1	-0.4	0
chr2:16749694	10	1	10	10	1	1	1	-0.4	0
chr2:16929656	10	1	10	10	1	1	1	-0.4	0
chr2:16930923	10	1	10	10	1	1	1	-0.4	0
chr2:17135474	10	1	10	10	1	1	1	-0.4	0
chr2:17164615	10	1	10	10	1	1	1	-0.4	0
chr2:17166526	10	1	10	10	1	1	1	-0.4	0
chr2:17177354	10	1	10	10	1	1	1	-0.4	0
chr2:17188908	10	1	10	10	1	1	1	-0.4	0
chr2:17200334	10	1	10	10	1	1	1	-0.4	0
chr2:17219140	10	1	10	10	1	1	1	-0.4	0
chr2:17260977	10	1	10	10	1	1	1	-0.4	0
chr2:17267516	10	1	10	10	1	1	1	-0.4	0
chr2:17270451	10	1	10	10	1	1	1	-0.4	0
chr2:17336172	10	1	10	10	1	1	1	-0.4	0
chr2:17367347	10	1	10	10	1	1	1	-0.4	0
chr2:17368925	10	1	10	10	1	1	1	-0.4	0
chr2:17369331	10	1	10	10	1	1	1	-0.4	0
chr2:17396661	10	1	10	10	1	1	1	-0.4	0
chr2:17526100	10	1	10	10	1	1	1	-0.4	0
chr2:17526558	10	1	10	10	1	1	1	-0.4	0
chr2:17530804	10	1	10	10	1	1	1	-0.4	0
chr2:17538773	10	1	10	10	1	1	1	-0.4	0
chr2:17614329	10	1	10	10	1	1	1	-0.4	0
chr2:17662605	10	1	10	10	1	1	1	-0.4	0
chr2:17665925	10	1	10	10	1	1	1	-0.4	0
chr2:17667958	10	1	10	10	1	1	1	-0.4	0
chr2:17752381	10	1	10	10	1	1	1	-0.4	0
chr2:17796148	10	1	10	10	1	1	1	-0.4	0
chr2:17868251	10	1	10	10	1	1	1	-0.4	0
chr2:17876813	10	1	10	10	1	1	1	-0.4	0
chr2:17918839	10	1	10	10	1	1	1	-0.4	0
chr2:17945533	10	1	10	10	1	1	1	-0.4	0
chr2:17946278	10	1	10	10	1	1	1	-0.4	0
chr2:17946845	10	1	10	10	1	1	1	-0.4	0
chr2:18138163	10	1	10	10	1	1	1	-0.4	0
chr2:18193286	10	1	10	10	1	1	1	-0.4	0
chr2:18216264	10	1	10	10	1	1	1	-0.4	0
chr2:18236877	10	1	10	10	1	1	1	-0.4	0
chr2:18279154	10	1	10	10	1	1	1	-0.4	0
chr2:18321768	10	1	10	10	1	1	1	-0.4	0
chr2:18323203	10	1	10	10	1	1	1	-0.4	0
chr2:18363368	10	1	10	10	1	1	1	-0.4	0
chr2:18423280	10	1	10	10	1	1	1	-0.4	0
chr2:18457172	10	1	10	10	1	1	1	-0.4	0
chr2:18464133	10	1	10	10	1	1	1	-0.4	0
chr2:18465240	10	1	10	10	1	1	1	-0.4	0
chr2:18669983	10	1	10	10	1	1	1	-0.4	0
chr2:18786374	10	1	10	10	1	1	1	-0.4	0
chr2:18806852	10	1	10	10	1	1	1	-0.4	0
chr2:18867031	10	1	10	10	1	1	1	-0.4	0
chr2:18911927	10	1	10	10	1	1	1	-0.4	0
chr2:18912556	10	1	10	10	1	1	1	-0.4	0
chr2:18913017	10	1	10	10	1	1	1	-0.4	0
chr2:18965173	10	1	10	10	1	1	1	-0.4	0
chr2:18981494	10	1	10	10	1	1	1	-0.4	0
chr2:19000208	10	1	10	10	1	1	1	-0.4	0
chr2:19011089	10	1	10	10	1	1	1	-0.4	0
chr2:19051900	10	1	10	10	1	1	1	-0.4	0
chr2:19085868	10	1	10	10	1	1	1	-0.4	0
chr2:19089178	10	1	10	10	1	1	1	-0.4	0
chr2:19139011	10	1	10	10	1	1	1	-0.4	0
chr2:19140868	10	1	10	10	1	1	1	-0.4	0
chr2:19143518	10	1	10	10	1	1	1	-0.4	0
chr2:19153849	10	1	10	10	1	1	1	-0.4	0
chr2:19175923	10	1	10	10	1	1	1	-0.4	0
chr2:19178546	10	1	10	10	1	1	1	-0.4	0
chr2:19179232	10	1	10	10	1	1	1	-0.4	0
chr2:19179624	10	1	10	10	1	1	1	-0.4	0
chr2:19227510	10	1	10	10	1	1	1	-0.4	0
chr2:19232395	10	1	10	10	1	1	1	-0.4	0
chr2:19245640	10	1	10	10	1	1	1	-0.4	0
chr2:19298960	10	1	10	10	1	1	1	-0.4	0
chr2:19316351	10	1	10	10	1	1	1	-0.4	0
chr2:19336498	10	1	10	10	1	1	1	-0.4	0
chr2:19349331	10	1	10	10	1	1	1	-0.4	0
chr2:19409411	10	1	10	10	1	1	1	-0.4	0
chr2:19485630	10	1	10	10	1	1	1	-0.4	0
chr2:19491254	10	1	10	10	1	1	1	-0.4	0
chr2:19534408	10	1	10	10	1	1	1	-0.4	0
chr2:19551253	10	1	10	10	1	1	1	-0.4	0
chr2:19622843	10	1	10	10	1	1	1	-0.4	0
chr2:19641048	10	1	10	10	1	1	1	-0.4	0
chr3:38776	10	1	10	10	1	1	1	-0.4	0
chr3:41093	10	1	10	10	1	1	1	-0.4	0
chr3:88300	10	1	10	10	1	1	1	-0.4	0
chr3:165631	10	1	10	10	1	1	1	-0.4	0
chr3:183063	10	1	10	10	1	1	1	-0.4	0
chr3:184286	10	1	10	10	1	1	1	-0.4	0
chr3:201879	10	1	10	10	1	1	1	-0.4	0
chr3:241964	10	1	10	10	1	1	1	-0.4	0
chr3:295610	10	1	10	10	1	1	1	-0.4	0
chr3:329837	10	1	10	10	1	1	1	-0.4	0
chr3:385943	10	1	10	10	1	1	1	-0.4	0
chr3:387373	10	1	10	10	1	1	1	-0.4	0
chr3:417565	10	1	10	10	1	1	1	-0.4	0
chr3:508452	10	1	10	10	1	1	1	-0.4	0
chr3:509814	10	1	10	10	1	1	1	-0.4	0
chr3:510744	10	1	10	10	1	1	1	-0.4	0
chr3:511324	10	1	10	10	1	1	1	-0.4	0
chr3:528391	10	1	10	10	1	1	1	-0.4	0
chr3:536678	10	1	10	10	1	1	1	-0.4	0
chr3:538524	10	1	10	10	1	1	1	-0.4	0
chr3:545666	10	1	10	10	1	1	1	-0.4	0
chr3:608161	10	1	10	10	1	1	1	-0.4	0
chr3:634413	10	1	10	10	1	1	1	-0.4	0
chr3:637277	10	1	10	10	1	1	1	-0.4	0
chr3:649588	10	1	10	10	1	1	1	-0.4	0
chr3:691875	10	1	10	10	1	1	1	-0.4	0
chr3:723938	10	1	10	10	1	1	1	-0.4	0
chr3:731836	10	1	10	10	1	1	1	-0.4	0
chr3:817227	10	1	10	10	1	1	1	-0.4	0
chr3:994850	10	1	10	10	1	1	1	-0.4	0
chr3:995408	10	1	10	10	1	1	1	-0.4	0
chr3:1033670	10	1	10	10	1	1	1	-0.4	0
chr3:1066302	10	1	10	10	1	1	1	-0.4	0
chr3:1080600	10	1	10	10	1	1	1	-0.4	0
chr3:1121100	10	1	10	10	1	1	1	-0.4	0
chr3:1288338	10	1	10	10	1	1	1	-0.4	0
chr3:1289405	10	1	10	10	1	1	1	-0.4	0
chr3:1464564	10	1	10	10	1	1	1	-0.4	0
chr3:1478801	10	1	10	10	1	1	1	-0.4	0
chr3:1612616	10	1	10	10	1	1	1	-0.4	0
chr3:1739248	10	1	10	10	1	1	1	-0.4	0
chr3:1743173	10	1	10	10	1	1	1	-0.4	0
chr3:1756808	10	1	10	10	1	1	1	-0.4	0
chr3:1759503	10	1	10	10	1	1	1	-0.4	0
chr3:1852345	10	1	10	10	1	1	1	-0.4	0
chr3:1879715	10	1	10	10	1	1	1	-0.4	0
chr3:1951177	10	1	10	10	1	1	1	-0.4	0
chr3:1959877	10	1	10	10	1	1	1	-0.4	0
chr3:2011856	10	1	10	10	1	1	1	-0.4	0
chr3:2015891	10	1	10	10	1	1	1	-0.4	0
chr3:2113809	10	1	10	10	1	1	1	-0.4	0
chr3:2128656	10	1	10	10	1	1	1	-0.4	0
chr3:2178160	10	1	10	10	1	1	1	-0.4	0
chr3:2280049	10	1	10	10	1	1	1	-0.4	0
chr3:2287861	10	1	10	10	1	1	1	-0.4	0
chr3:2422823	10	1	10	10	1	1	1	-0.4	0
chr3:2441048	10	1	10	10	1	1	1	-0.4	0
chr3:2487487	10	1	10	10	1	1	1	-0.4	0
chr3:2606682	10	1	10	10	1	1	1	-0.4	0
chr3:2637123	10	1	10	10	1	1	1	-0.4	0
chr3:2647088	10	1	10	10	1	1	1	-0.4	0
chr3:2706519	10	1	10	10	1	1	1	-0.4	0
chr3:2717378	10	1	10	10	1	1	1	-0.4	0
chr3:2749283	10	1	10	10	1	1	1	-0.4	0
chr3:2753159	10	1	10	10	1	1	1	-0.4	0
chr3:2841350	10	1	10	10	1	1	1	-0.4	0
chr3:2849408	10	1	10	10	1	1	1	-0.4	0
chr3:2901183	10	1	10	10	1	1	1	-0.4	0
chr3:2971636	10	1	10	10	1	1	1	-0.4	0
chr3:3004129	10	1	10	10	1	1	1	-0.4	0
chr3:3121133	10	1	10	10	1	1	1	-0.4	0
chr3:3197625	10	1	10	10	1	1	1	-0.4	0
chr3:3239164	10	1	10	10	1	1	1	-0.4	0
chr3:3271315	10	1	10	10	1	1	1	-0.4	0
chr3:3304180	10	1	10	10	1	1	1	-0.4	0
chr3:3365533	10	1	10	10	1	1	1	-0.4	0
chr3:3415756	10	1	10	10	1	1	1	-0.4	0
chr3:3427575	10	1	10	10	1	1	1	-0.4	0
chr3:3555846	10	1	10	10	1	1	1	-0.4	0
chr3:3575931	10	1	10	10	1	1	1	-0.4	0
chr3:3582883	10	1	10	10	1	1	1	-0.4	0
chr3:3622614	10	1	10	10	1	1	1	-0.4	0
chr3:3730895	10	1	10	10	1	1	1	-0.4	0
chr3:3826040	10	1	10	10	1	1	1	-0.4	0
chr3:3863651	10	1	10	10	1	1	1	-0.4	0
chr3:3919283	10	1	10	10	1	1	1	-0.4	0
chr3:3923566	10	1	10	10	1	1	1	-0.4	0
chr3:3942036	10	1	10	10	1	1	1	-0.4	0
chr3:3982213	10	1	10	10	1	1	1	-0.4	0
chr3:4006494	10	1	10	10	1	1	1	-0.4	0
chr3:4012470	10	1	10	10	1	1	1	-0.4	0
chr3:4049431	10	1	10	10	1	1	1	-0.4	0
chr3:4124467	10	1	10	10	1	1	1	-0.4	0
chr3:4216292	10	1	10	10	1	1	1	-0.4	0
chr3:4219364	10	1	10	10	1	1	1	-0.4	0
chr3:4254540	10	1	10	10	1	1	1	-0.4	0
chr3:4262951	10	1	10	10	1	1	1	-0.4	0
chr3:4303762	10	1	10	10	1	1	1	-0.4	0
chr3:4310895	10	1	10	10	1	1	1	-0.4	0
chr3:4311990	10	1	10	10	1	1	1	-0.4	0
chr3:4312496	10	1	10	10	1	1	1	-0.4	0
chr3:4330235	10	1	10	10	1	1	1	-0.4	0
chr3:4344178	10	1	10	10	1	1	1	-0.4	0
chr3:4371130	10	1	10	10	1	1	1	-0.4	0
chr3:4372164	10	1	10	10	1	1	1	-0.4	0
chr3:4376387	10	1	10	10	1	1	1	-0.4	0
chr3:4444052	10	1	10	10	1	1	1	-0.4	0
chr3:4448137	10	1	10	10	1	1	1	-0.4	0
chr3:4462172	10	1	10	10	1	1	1	-0.4	0
chr3:4494045	10	1	10	10	1	1	1	-0.4	0
chr3:4532663	10	1	10	10	1	1	1	-0.4	0
chr3:4538304	10	1	10	10	1	1	1	-0.4	0
chr3:4541516	10	1	10	10	1	1	1	-0.4	0
chr3:4603902	10	1	10	10	1	1	1	-0.4	0
chr3:4641871	10	1	10	10	1	1	1	-0.4	0
chr3:4655787	10	1	10	10	1	1	1	-0.4	0
chr3:4656265	10	1	10	10	1	1	1	-0.4	0
chr3:4660751	10	1	10	10	1	1	1	-0.4	0
chr3:4663321	10	1	10	10	1	1	1	-0.4	0
chr3:4672756	10	1	10	10	1	1	1	-0.4	0
chr3:4736164	10	1	10	10	1	1	1	-0.4	0
chr3:4739028	10	1	10	10	1	1	1	-0.4	0
chr3:4740552	10	1	10	10	1	1	1	-0.4	0
chr3:4797532	10	1	10	10	1	1	1	-0.4	0
chr3:4845599	10	1	10	10	1	1	1	-0.4	0
chr3:4937131	10	1	10	10	1	1	1	-0.4	0
chr3:4985999	10	1	10	10	1	1	1	-0.4	0
chr3:4988137	10	1	10	10	1	1	1	-0.4	0
chr3:5006182	10	1	10	10	1	1	1	-0.4	0
chr3:5023540	10	1	10	10	1	1	1	-0.4	0
chr3:5026140	10	1	10	10	1	1	1	-0.4	0
chr3:5119901	10	1	10	10	1	1	1	-0.4	0
chr3:5121501	10	1	10	10	1	1	1	-0.4	0
chr3:5121786	10	1	10	10	1	1	1	-0.4	0
chr3:5122392	10	1	10	10	1	1	1	-0.4	0
chr3:5122756	10	1	10	10	1	1	1	-0.4	0
chr3:5125591	10	1	10	10	1	1	1	-0.4	0
chr3:5175638	10	1	10	10	1	1	1	-0.4	0
chr3:5249031	10	1	10	10	1	1	1	-0.4	0
chr3:5252842	10	1	10	10	1	1	1	-0.4	0
chr3:5258543	10	1	10	10	1	1	1	-0.4	0
chr3:5275200	10	1	10	10	1	1	1	-0.4	0
chr3:5298010	10	1	10	10	1	1	1	-0.4	0
chr3:5358644	10	1	10	10	1	1	1	-0.4	0
chr3:5566472	10	1	10	10	1	1	1	-0.4	0
chr3:5567093	10	1	10	10	1	1	1	-0.4	0
chr3:5568326	10	1	10	10	1	1	1	-0.4	0
chr3:5568651	10	1	10	10	1	1	1	-0.4	0
chr3:5580481	10	1	10	10	1	1	1	-0.4	0
chr3:5593289	10	1	10	10	1	1	1	-0.4	0
chr3:5593909	10	1	10	10	1	1	1	-0.4	0
chr3:5594551	10	1	10	10	1	1	1	-0.4	0
chr3:5595453	10	1	10	10	1	1	1	-0.4	0
chr3:5638957	10	1	10	10	1	1	1	-0.4	0
chr3:5639433	10	1	10	10	1	1	1	-0.4	0
chr3:5639954	10	1	10	10	1	1	1	-0.4	0
chr3:5695049	10	1	10	10	1	1	1	-0.4	0
chr3:5731390	10	1	10	10	1	1	1	-0.4	0
chr3:5764853	10	1	10	10	1	1	1	-0.4	0
chr3:5804359	10	1	10	10	1	1	1	-0.4	0
chr3:6183091	10	1	10	10	1	1	1	-0.4	0
chr3:6391950	10	1	10	10	1	1	1	-0.4	0
chr3:6493776	10	1	10	10	1	1	1	-0.4	0
chr3:6494143	10	1	10	10	1	1	1	-0.4	0
chr3:6523850	10	1	10	10	1	1	1	-0.4	0
chr3:6557916	10	1	10	10	1	1	1	-0.4	0
chr3:6565324	10	1	10	10	1	1	1	-0.4	0
chr3:6617967	10	1	10	10	1	1	1	-0.4	0
chr3:6805296	10	1	10	10	1	1	1	-0.4	0
chr3:6826097	10	1	10	10	1	1	1	-0.4	0
chr3:6933856	10	1	10	10	1	1	1	-0.4	0
chr3:6994715	10	1	10	10	1	1	1	-0.4	0
chr3:7087436	10	1	10	10	1	1	1	-0.4	0
chr3:7104420	10	1	10	10	1	1	1	-0.4	0
chr3:7160506	10	1	10	10	1	1	1	-0.4	0
chr3:7214071	10	1	10	10	1	1	1	-0.4	0
chr3:7281446	10	1	10	10	1	1	1	-0.4	0
chr3:7305731	10	1	10	10	1	1	1	-0.4	0
chr3:7385066	10	1	10	10	1	1	1	-0.4	0
chr3:7474633	10	1	10	10	1	1	1	-0.4	0
chr3:7476197	10	1	10	10	1	1	1	-0.4	0
chr3:7510427	10	1	10	10	1	1	1	-0.4	0
chr3:7618826	10	1	10	10	1	1	1	-0.4	0
chr3:7640725	10	1	10	10	1	1	1	-0.4	0
chr3:7644285	10	1	10	10	1	1	1	-0.4	0
chr3:7652915	10	1	10	10	1	1	1	-0.4	0
chr3:7654117	10	1	10	10	1	1	1	-0.4	0
chr3:7654765	10	1	10	10	1	1	1	-0.4	0
chr3:7819044	10	1	10	10	1	1	1	-0.4	0
chr3:7906554	10	1	10	10	1	1	1	-0.4	0
chr3:7912250	10	1	10	10	1	1	1	-0.4	0
chr3:8104582	10	1	10	10	1	1	1	-0.4	0
chr3:8151929	10	1	10	10	1	1	1	-0.4	0
chr3:8181985	10	1	10	10	1	1	1	-0.4	0
chr3:8263014	10	1	10	10	1	1	1	-0.4	0
chr3:8275740	10	1	10	10	1	1	1	-0.4	0
chr3:8404713	10	1	10	10	1	1	1	-0.4	0
chr3:8411768	10	1	10	10	1	1	1	-0.4	0
chr3:8437938	10	1	10	10	1	1	1	-0.4	0
chr3:8491017	10	1	10	10	1	1	1	-0.4	0
chr3:8604520	10	1	10	10	1	1	1	-0.4	0
chr3:8686698	10	1	10	10	1	1	1	-0.4	0
chr3:8734670	10	1	10	10	1	1	1	-0.4	0
chr3:8743075	10	1	10	10	1	1	1	-0.4	0
chr3:8926841	10	1	10	10	1	1	1	-0.4	0
chr3:8958081	10	1	10	10	1	1	1	-0.4	0
chr3:8959166	10	1	10	10	1	1	1	-0.4	0
chr3:9132145	10	1	10	10	1	1	1	-0.4	0
chr3:9381739	10	1	10	10	1	1	1	-0.4	0
chr3:9464188	10	1	10	10	1	1	1	-0.4	0
chr3:9494455	10	1	10	10	1	1	1	-0.4	0
chr3:9595382	10	1	10	10	1	1	1	-0.4	0
chr3:9595976	10	1	10	10	1	1	1	-0.4	0
chr3:9656778	10	1	10	10	1	1	1	-0.4	0
chr3:9682564	10	1	10	10	1	1	1	-0.4	0
chr3:9710154	10	1	10	10	1	1	1	-0.4	0
chr3:9710806	10	1	10	10	1	1	1	-0.4	0
chr3:9711645	10	1	10	10	1	1	1	-0.4	0
chr3:9712017	10	1	10	10	1	1	1	-0.4	0
chr3:9712513	10	1	10	10	1	1	1	-0.4	0
chr3:9722707	10	1	10	10	1	1	1	-0.4	0
chr3:9723553	10	1	10	10	1	1	1	-0.4	0
chr3:9740087	10	1	10	10	1	1	1	-0.4	0
chr3:9823477	10	1	10	10	1	1	1	-0.4	0
chr3:9867655	10	1	10	10	1	1	1	-0.4	0
chr3:9980026	10	1	10	10	1	1	1	-0.4	0
chr3:9981428	10	1	10	10	1	1	1	-0.4	0
chr3:10128669	10	1	10	10	1	1	1	-0.4	0
chr3:10384187	10	1	10	10	1	1	1	-0.4	0
chr3:10400009	10	1	10	10	1	1	1	-0.4	0
chr3:10459873	10	1	10	10	1	1	1	-0.4	0
chr3:10913350	10	1	10	10	1	1	1	-0.4	0
chr3:11387027	10	1	10	10	1	1	1	-0.4	0
chr3:11813949	10	1	10	10	1	1	1	-0.4	0
chr3:12450357	10	1	10	10	1	1	1	-0.4	0
chr3:12453918	10	1	10	10	1	1	1	-0.4	0
chr3:13587689	10	1	10	10	1	1	1	-0.4	0
chr3:13588906	10	1	10	10	1	1	1	-0.4	0
chr3:13589319	10	1	10	10	1	1	1	-0.4	0
chr3:13591691	10	1	10	10	1	1	1	-0.4	0
chr3:13705978	10	1	10	10	1	1	1	-0.4	0
chr3:13709815	10	1	10	10	1	1	1	-0.4	0
chr3:13853932	10	1	10	10	1	1	1	-0.4	0
chr3:14194353	10	1	10	10	1	1	1	-0.4	0
chr3:14195725	10	1	10	10	1	1	1	-0.4	0
chr3:14196049	10	1	10	10	1	1	1	-0.4	0
chr3:14196556	10	1	10	10	1	1	1	-0.4	0
chr3:14197398	10	1	10	10	1	1	1	-0.4	0
chr3:14198165	10	1	10	10	1	1	1	-0.4	0
chr3:14199002	10	1	10	10	1	1	1	-0.4	0
chr3:14199651	10	1	10	10	1	1	1	-0.4	0
chr3:14200080	10	1	10	10	1	1	1	-0.4	0
chr3:14201059	10	1	10	10	1	1	1	-0.4	0
chr3:14201702	10	1	10	10	1	1	1	-0.4	0
chr3:14202130	10	1	10	10	1	1	1	-0.4	0
chr3:14202814	10	1	10	10	1	1	1	-0.4	0
chr3:14203866	10	1	10	10	1	1	1	-0.4	0
chr3:14208368	10	1	10	10	1	1	1	-0.4	0
chr3:14771642	10	1	10	10	1	1	1	-0.4	0
chr3:15078700	10	1	10	10	1	1	1	-0.4	0
chr3:15953254	10	1	10	10	1	1	1	-0.4	0
chr3:16181947	10	1	10	10	1	1	1	-0.4	0
chr3:16458810	10	1	10	10	1	1	1	-0.4	0
chr3:16481997	10	1	10	10	1	1	1	-0.4	0
chr3:16539538	10	1	10	10	1	1	1	-0.4	0
chr3:16699773	10	1	10	10	1	1	1	-0.4	0
chr3:16737314	10	1	10	10	1	1	1	-0.4	0
chr3:16759003	10	1	10	10	1	1	1	-0.4	0
chr3:16761890	10	1	10	10	1	1	1	-0.4	0
chr3:16782363	10	1	10	10	1	1	1	-0.4	0
chr3:16787637	10	1	10	10	1	1	1	-0.4	0
chr3:16789781	10	1	10	10	1	1	1	-0.4	0
chr3:16820253	10	1	10	10	1	1	1	-0.4	0
chr3:16896059	10	1	10	10	1	1	1	-0.4	0
chr3:16931644	10	1	10	10	1	1	1	-0.4	0
chr3:17005706	10	1	10	10	1	1	1	-0.4	0
chr3:17008586	10	1	10	10	1	1	1	-0.4	0
chr3:17009292	10	1	10	10	1	1	1	-0.4	0
chr3:17137994	10	1	10	10	1	1	1	-0.4	0
chr3:17157666	10	1	10	10	1	1	1	-0.4	0
chr3:17178207	10	1	10	10	1	1	1	-0.4	0
chr3:17180111	10	1	10	10	1	1	1	-0.4	0
chr3:17182574	10	1	10	10	1	1	1	-0.4	0
chr3:17185240	10	1	10	10	1	1	1	-0.4	0
chr3:17246066	10	1	10	10	1	1	1	-0.4	0
chr3:17255397	10	1	10	10	1	1	1	-0.4	0
chr3:17478661	10	1	10	10	1	1	1	-0.4	0
chr3:17558056	10	1	10	10	1	1	1	-0.4	0
chr3:17623969	10	1	10	10	1	1	1	-0.4	0
chr3:17646345	10	1	10	10	1	1	1	-0.4	0
chr3:17690894	10	1	10	10	1	1	1	-0.4	0
chr3:17704714	10	1	10	10	1	1	1	-0.4	0
chr3:17720022	10	1	10	10	1	1	1	-0.4	0
chr3:17739826	10	1	10	10	1	1	1	-0.4	0
chr3:17868280	10	1	10	10	1	1	1	-0.4	0
chr3:17908633	10	1	10	10	1	1	1	-0.4	0
chr3:17909102	10	1	10	10	1	1	1	-0.4	0
chr3:17909927	10	1	10	10	1	1	1	-0.4	0
chr3:17975701	10	1	10	10	1	1	1	-0.4	0
chr3:17976840	10	1	10	10	1	1	1	-0.4	0
chr3:18136750	10	1	10	10	1	1	1	-0.4	0
chr3:18137428	10	1	10	10	1	1	1	-0.4	0
chr3:18137995	10	1	10	10	1	1	1	-0.4	0
chr3:18139131	10	1	10	10	1	1	1	-0.4	0
chr3:18253841	10	1	10	10	1	1	1	-0.4	0
chr3:18324504	10	1	10	10	1	1	1	-0.4	0
chr3:18468125	10	1	10	10	1	1	1	-0.4	0
chr3:18494394	10	1	10	10	1	1	1	-0.4	0
chr3:18514417	10	1	10	10	1	1	1	-0.4	0
chr3:18515821	10	1	10	10	1	1	1	-0.4	0
chr3:18516200	10	1	10	10	1	1	1	-0.4	0
chr3:18516890	10	1	10	10	1	1	1	-0.4	0
chr3:18635189	10	1	10	10	1	1	1	-0.4	0
chr3:18665499	10	1	10	10	1	1	1	-0.4	0
chr3:18750111	10	1	10	10	1	1	1	-0.4	0
chr3:18798919	10	1	10	10	1	1	1	-0.4	0
chr3:18822084	10	1	10	10	1	1	1	-0.4	0
chr3:18855346	10	1	10	10	1	1	1	-0.4	0
chr3:18870414	10	1	10	10	1	1	1	-0.4	0
chr3:18882043	10	1	10	10	1	1	1	-0.4	0
chr3:18895610	10	1	10	10	1	1	1	-0.4	0
chr3:18997609	10	1	10	10	1	1	1	-0.4	0
chr3:19020173	10	1	10	10	1	1	1	-0.4	0
chr3:19056427	10	1	10	10	1	1	1	-0.4	0
chr3:19067000	10	1	10	10	1	1	1	-0.4	0
chr3:19243732	10	1	10	10	1	1	1	-0.4	0
chr3:19251166	10	1	10	10	1	1	1	-0.4	0
chr3:19269635	10	1	10	10	1	1	1	-0.4	0
chr3:19278049	10	1	10	10	1	1	1	-0.4	0
chr3:19312319	10	1	10	10	1	1	1	-0.4	0
chr3:19357197	10	1	10	10	1	1	1	-0.4	0
chr3:19393699	10	1	10	10	1	1	1	-0.4	0
chr3:19427560	10	1	10	10	1	1	1	-0.4	0
chr3:19448924	10	1	10	10	1	1	1	-0.4	0
chr3:19451533	10	1	10	10	1	1	1	-0.4	0
chr3:19453261	10	1	10	10	1	1	1	-0.4	0
chr3:19539052	10	1	10	10	1	1	1	-0.4	0
chr3:19581088	10	1	10	10	1	1	1	-0.4	0
chr3:19604782	10	1	10	10	1	1	1	-0.4	0
chr3:19629455	10	1	10	10	1	1	1	-0.4	0
chr3:19825206	10	1	10	10	1	1	1	-0.4	0
chr3:19936388	10	1	10	10	1	1	1	-0.4	0
chr3:20048826	10	1	10	10	1	1	1	-0.4	0
chr3:20117498	10	1	10	10	1	1	1	-0.4	0
chr3:20233346	10	1	10	10	1	1	1	-0.4	0
chr3:20244262	10	1	10	10	1	1	1	-0.4	0
chr3:20296110	10	1	10	10	1	1	1	-0.4	0
chr3:20363550	10	1	10	10	1	1	1	-0.4	0
chr3:20394819	10	1	10	10	1	1	1	-0.4	0
chr3:20402773	10	1	10	10	1	1	1	-0.4	0
chr3:20442761	10	1	10	10	1	1	1	-0.4	0
chr3:20556767	10	1	10	10	1	1	1	-0.4	0
chr3:20563881	10	1	10	10	1	1	1	-0.4	0
chr3:20603568	10	1	10	10	1	1	1	-0.4	0
chr3:20694418	10	1	10	10	1	1	1	-0.4	0
chr3:20775088	10	1	10	10	1	1	1	-0.4	0
chr3:20776171	10	1	10	10	1	1	1	-0.4	0
chr3:20865704	10	1	10	10	1	1	1	-0.4	0
chr3:20897338	10	1	10	10	1	1	1	-0.4	0
chr3:21036957	10	1	10	10	1	1	1	-0.4	0
chr3:21059917	10	1	10	10	1	1	1	-0.4	0
chr3:21061487	10	1	10	10	1	1	1	-0.4	0
chr3:21121284	10	1	10	10	1	1	1	-0.4	0
chr3:21153732	10	1	10	10	1	1	1	-0.4	0
chr3:21229624	10	1	10	10	1	1	1	-0.4	0
chr3:21252117	10	1	10	10	1	1	1	-0.4	0
chr3:21303839	10	1	10	10	1	1	1	-0.4	0
chr3:21309930	10	1	10	10	1	1	1	-0.4	0
chr3:21344049	10	1	10	10	1	1	1	-0.4	0
chr3:21426027	10	1	10	10	1	1	1	-0.4	0
chr3:21516584	10	1	10	10	1	1	1	-0.4	0
chr3:21818165	10	1	10	10	1	1	1	-0.4	0
chr3:21910525	10	1	10	10	1	1	1	-0.4	0
chr3:22138911	10	1	10	10	1	1	1	-0.4	0
chr3:22150718	10	1	10	10	1	1	1	-0.4	0
chr3:22170148	10	1	10	10	1	1	1	-0.4	0
chr3:22250813	10	1	10	10	1	1	1	-0.4	0
chr3:22291655	10	1	10	10	1	1	1	-0.4	0
chr3:22328123	10	1	10	10	1	1	1	-0.4	0
chr3:22432312	10	1	10	10	1	1	1	-0.4	0
chr3:22433509	10	1	10	10	1	1	1	-0.4	0
chr3:22433981	10	1	10	10	1	1	1	-0.4	0
chr3:22513527	10	1	10	10	1	1	1	-0.4	0
chr3:22515852	10	1	10	10	1	1	1	-0.4	0
chr3:22634454	10	1	10	10	1	1	1	-0.4	0
chr3:22645578	10	1	10	10	1	1	1	-0.4	0
chr3:22670083	10	1	10	10	1	1	1	-0.4	0
chr3:22677047	10	1	10	10	1	1	1	-0.4	0
chr3:22712279	10	1	10	10	1	1	1	-0.4	0
chr3:22732237	10	1	10	10	1	1	1	-0.4	0
chr3:22734046	10	1	10	10	1	1	1	-0.4	0
chr3:22735633	10	1	10	10	1	1	1	-0.4	0
chr3:22775916	10	1	10	10	1	1	1	-0.4	0
chr3:22794347	10	1	10	10	1	1	1	-0.4	0
chr3:22804623	10	1	10	10	1	1	1	-0.4	0
chr3:22857138	10	1	10	10	1	1	1	-0.4	0
chr3:22893755	10	1	10	10	1	1	1	-0.4	0
chr3:22917463	10	1	10	10	1	1	1	-0.4	0
chr3:22941607	10	1	10	10	1	1	1	-0.4	0
chr3:23036970	10	1	10	10	1	1	1	-0.4	0
chr3:23089417	10	1	10	10	1	1	1	-0.4	0
chr3:23146655	10	1	10	10	1	1	1	-0.4	0
chr3:23232186	10	1	10	10	1	1	1	-0.4	0
chr3:23265295	10	1	10	10	1	1	1	-0.4	0
chr3:23276655	10	1	10	10	1	1	1	-0.4	0
chr3:23285932	10	1	10	10	1	1	1	-0.4	0
chr3:23292262	10	1	10	10	1	1	1	-0.4	0
chr3:23334432	10	1	10	10	1	1	1	-0.4	0
chr3:23347321	10	1	10	10	1	1	1	-0.4	0
chr3:23450319	10	1	10	10	1	1	1	-0.4	0
chr4:84813	10	1	10	10	1	1	1	-0.4	0
chr4:128621	10	1	10	10	1	1	1	-0.4	0
chr4:148469	10	1	10	10	1	1	1	-0.4	0
chr4:268258	10	1	10	10	1	1	1	-0.4	0
chr4:268786	10	1	10	10	1	1	1	-0.4	0
chr4:285533	10	1	10	10	1	1	1	-0.4	0
chr4:289927	10	1	10	10	1	1	1	-0.4	0
chr4:299247	10	1	10	10	1	1	1	-0.4	0
chr4:300239	10	1	10	10	1	1	1	-0.4	0
chr4:446909	10	1	10	10	1	1	1	-0.4	0
chr4:462175	10	1	10	10	1	1	1	-0.4	0
chr4:484852	10	1	10	10	1	1	1	-0.4	0
chr4:524175	10	1	10	10	1	1	1	-0.4	0
chr4:525349	10	1	10	10	1	1	1	-0.4	0
chr4:550426	10	1	10	10	1	1	1	-0.4	0
chr4:694845	10	1	10	10	1	1	1	-0.4	0
chr4:744187	10	1	10	10	1	1	1	-0.4	0
chr4:753192	10	1	10	10	1	1	1	-0.4	0
chr4:808313	10	1	10	10	1	1	1	-0.4	0
chr4:810569	10	1	10	10	1	1	1	-0.4	0
chr4:843659	10	1	10	10	1	1	1	-0.4	0
chr4:913687	10	1	10	10	1	1	1	-0.4	0
chr4:1044030	10	1	10	10	1	1	1	-0.4	0
chr4:1046182	10	1	10	10	1	1	1	-0.4	0
chr4:1046963	10	1	10	10	1	1	1	-0.4	0
chr4:1110284	10	1	10	10	1	1	1	-0.4	0
chr4:1382596	10	1	10	10	1	1	1	-0.4	0
chr4:1415453	10	1	10	10	1	1	1	-0.4	0
chr4:1514773	10	1	10	10	1	1	1	-0.4	0
chr4:1540234	10	1	10	10	1	1	1	-0.4	0
chr4:1561284	10	1	10	10	1	1	1	-0.4	0
chr4:1569659	10	1	10	10	1	1	1	-0.4	0
chr4:1572469	10	1	10	10	1	1	1	-0.4	0
chr4:1580110	10	1	10	10	1	1	1	-0.4	0
chr4:1981770	10	1	10	10	1	1	1	-0.4	0
chr4:1985545	10	1	10	10	1	1	1	-0.4	0
chr4:2033307	10	1	10	10	1	1	1	-0.4	0
chr4:2346260	10	1	10	10	1	1	1	-0.4	0
chr4:2415553	10	1	10	10	1	1	1	-0.4	0
chr4:2497823	10	1	10	10	1	1	1	-0.4	0
chr4:2525506	10	1	10	10	1	1	1	-0.4	0
chr4:2588054	10	1	10	10	1	1	1	-0.4	0
chr4:2588888	10	1	10	10	1	1	1	-0.4	0
chr4:2594036	10	1	10	10	1	1	1	-0.4	0
chr4:2594575	10	1	10	10	1	1	1	-0.4	0
chr4:2661588	10	1	10	10	1	1	1	-0.4	0
chr4:2671048	10	1	10	10	1	1	1	-0.4	0
chr4:2719213	10	1	10	10	1	1	1	-0.4	0
chr4:3054348	10	1	10	10	1	1	1	-0.4	0
chr4:3054826	10	1	10	10	1	1	1	-0.4	0
chr4:3061264	10	1	10	10	1	1	1	-0.4	0
chr4:3950640	10	1	10	10	1	1	1	-0.4	0
chr4:3950947	10	1	10	10	1	1	1	-0.4	0
chr4:3952985	10	1	10	10	1	1	1	-0.4	0
chr4:3953560	10	1	10	10	1	1	1	-0.4	0
chr4:3954748	10	1	10	10	1	1	1	-0.4	0
chr4:3955179	10	1	10	10	1	1	1	-0.4	0
chr4:3955863	10	1	10	10	1	1	1	-0.4	0
chr4:3965742	10	1	10	10	1	1	1	-0.4	0
chr4:3966545	10	1	10	10	1	1	1	-0.4	0
chr4:3971198	10	1	10	10	1	1	1	-0.4	0
chr4:3972684	10	1	10	10	1	1	1	-0.4	0
chr4:3974755	10	1	10	10	1	1	1	-0.4	0
chr4:3976612	10	1	10	10	1	1	1	-0.4	0
chr4:3977739	10	1	10	10	1	1	1	-0.4	0
chr4:3979439	10	1	10	10	1	1	1	-0.4	0
chr4:3982527	10	1	10	10	1	1	1	-0.4	0
chr4:3983435	10	1	10	10	1	1	1	-0.4	0
chr4:3986120	10	1	10	10	1	1	1	-0.4	0
chr4:3987511	10	1	10	10	1	1	1	-0.4	0
chr4:4000761	10	1	10	10	1	1	1	-0.4	0
chr4:4001208	10	1	10	10	1	1	1	-0.4	0
chr4:4002276	10	1	10	10	1	1	1	-0.4	0
chr4:4004042	10	1	10	10	1	1	1	-0.4	0
chr4:4006272	10	1	10	10	1	1	1	-0.4	0
chr4:4007325	10	1	10	10	1	1	1	-0.4	0
chr4:4009809	10	1	10	10	1	1	1	-0.4	0
chr4:5252255	10	1	10	10	1	1	1	-0.4	0
chr4:5252794	10	1	10	10	1	1	1	-0.4	0
chr4:5618317	10	1	10	10	1	1	1	-0.4	0
chr4:5640581	10	1	10	10	1	1	1	-0.4	0
chr4:5645992	10	1	10	10	1	1	1	-0.4	0
chr4:5741075	10	1	10	10	1	1	1	-0.4	0
chr4:5757841	10	1	10	10	1	1	1	-0.4	0
chr4:5775143	10	1	10	10	1	1	1	-0.4	0
chr4:6325022	10	1	10	10	1	1	1	-0.4	0
chr4:6352720	10	1	10	10	1	1	1	-0.4	0
chr4:6431296	10	1	10	10	1	1	1	-0.4	0
chr4:6763648	10	1	10	10	1	1	1	-0.4	0
chr4:6843838	10	1	10	10	1	1	1	-0.4	0
chr4:6905690	10	1	10	10	1	1	1	-0.4	0
chr4:6909908	10	1	10	10	1	1	1	-0.4	0
chr4:6986691	10	1	10	10	1	1	1	-0.4	0
chr4:7041593	10	1	10	10	1	1	1	-0.4	0
chr4:7042588	10	1	10	10	1	1	1	-0.4	0
chr4:7053257	10	1	10	10	1	1	1	-0.4	0
chr4:7256229	10	1	10	10	1	1	1	-0.4	0
chr4:7355423	10	1	10	10	1	1	1	-0.4	0
chr4:7862542	10	1	10	10	1	1	1	-0.4	0
chr4:8134986	10	1	10	10	1	1	1	-0.4	0
chr4:8255922	10	1	10	10	1	1	1	-0.4	0
chr4:8273770	10	1	10	10	1	1	1	-0.4	0
chr4:8464318	10	1	10	10	1	1	1	-0.4	0
chr4:8500076	10	1	10	10	1	1	1	-0.4	0
chr4:8523799	10	1	10	10	1	1	1	-0.4	0
chr4:8637633	10	1	10	10	1	1	1	-0.4	0
chr4:8705497	10	1	10	10	1	1	1	-0.4	0
chr4:8826179	10	1	10	10	1	1	1	-0.4	0
chr4:8907884	10	1	10	10	1	1	1	-0.4	0
chr4:8908959	10	1	10	10	1	1	1	-0.4	0
chr4:8911071	10	1	10	10	1	1	1	-0.4	0
chr4:8974623	10	1	10	10	1	1	1	-0.4	0
chr4:9295681	10	1	10	10	1	1	1	-0.4	0
chr4:9302082	10	1	10	10	1	1	1	-0.4	0
chr4:9398381	10	1	10	10	1	1	1	-0.4	0
chr4:9449129	10	1	10	10	1	1	1	-0.4	0
chr4:9715577	10	1	10	10	1	1	1	-0.4	0
chr4:9738111	10	1	10	10	1	1	1	-0.4	0
chr4:9753870	10	1	10	10	1	1	1	-0.4	0
chr4:9773866	10	1	10	10	1	1	1	-0.4	0
chr4:9815392	10	1	10	10	1	1	1	-0.4	0
chr4:9816316	10	1	10	10	1	1	1	-0.4	0
chr4:9835660	10	1	10	10	1	1	1	-0.4	0
chr4:9836288	10	1	10	10	1	1	1	-0.4	0
chr4:9873662	10	1	10	10	1	1	1	-0.4	0
chr4:9896918	10	1	10	10	1	1	1	-0.4	0
chr4:9930267	10	1	10	10	1	1	1	-0.4	0
chr4:9944119	10	1	10	10	1	1	1	-0.4	0
chr4:9980774	10	1	10	10	1	1	1	-0.4	0
chr4:10003397	10	1	10	10	1	1	1	-0.4	0
chr4:10060427	10	1	10	10	1	1	1	-0.4	0
chr4:10073528	10	1	10	10	1	1	1	-0.4	0
chr4:10266582	10	1	10	10	1	1	1	-0.4	0
chr4:10291781	10	1	10	10	1	1	1	-0.4	0
chr4:10293524	10	1	10	10	1	1	1	-0.4	0
chr4:10366032	10	1	10	10	1	1	1	-0.4	0
chr4:10375264	10	1	10	10	1	1	1	-0.4	0
chr4:10437838	10	1	10	10	1	1	1	-0.4	0
chr4:10469566	10	1	10	10	1	1	1	-0.4	0
chr4:10474070	10	1	10	10	1	1	1	-0.4	0
chr4:10698909	10	1	10	10	1	1	1	-0.4	0
chr4:10712591	10	1	10	10	1	1	1	-0.4	0
chr4:10716137	10	1	10	10	1	1	1	-0.4	0
chr4:10722274	10	1	10	10	1	1	1	-0.4	0
chr4:10724926	10	1	10	10	1	1	1	-0.4	0
chr4:10765965	10	1	10	10	1	1	1	-0.4	0
chr4:10780534	10	1	10	10	1	1	1	-0.4	0
chr4:10836107	10	1	10	10	1	1	1	-0.4	0
chr4:10841866	10	1	10	10	1	1	1	-0.4	0
chr4:10883776	10	1	10	10	1	1	1	-0.4	0
chr4:11033964	10	1	10	10	1	1	1	-0.4	0
chr4:11134014	10	1	10	10	1	1	1	-0.4	0
chr4:11182340	10	1	10	10	1	1	1	-0.4	0
chr4:11211514	10	1	10	10	1	1	1	-0.4	0
chr4:11271974	10	1	10	10	1	1	1	-0.4	0
chr4:11284052	10	1	10	10	1	1	1	-0.4	0
chr4:11288738	10	1	10	10	1	1	1	-0.4	0
chr4:11351535	10	1	10	10	1	1	1	-0.4	0
chr4:11398303	10	1	10	10	1	1	1	-0.4	0
chr4:11417182	10	1	10	10	1	1	1	-0.4	0
chr4:11459443	10	1	10	10	1	1	1	-0.4	0
chr4:11462724	10	1	10	10	1	1	1	-0.4	0
chr4:11560900	10	1	10	10	1	1	1	-0.4	0
chr4:11604814	10	1	10	10	1	1	1	-0.4	0
chr4:11638046	10	1	10	10	1	1	1	-0.4	0
chr4:11646074	10	1	10	10	1	1	1	-0.4	0
chr4:11659100	10	1	10	10	1	1	1	-0.4	0
chr4:11742956	10	1	10	10	1	1	1	-0.4	0
chr4:11746188	10	1	10	10	1	1	1	-0.4	0
chr4:11807394	10	1	10	10	1	1	1	-0.4	0
chr4:11860233	10	1	10	10	1	1	1	-0.4	0
chr4:11895860	10	1	10	10	1	1	1	-0.4	0
chr4:11897036	10	1	10	10	1	1	1	-0.4	0
chr4:11929099	10	1	10	10	1	1	1	-0.4	0
chr4:11957326	10	1	10	10	1	1	1	-0.4	0
chr4:11971354	10	1	10	10	1	1	1	-0.4	0
chr4:11973142	10	1	10	10	1	1	1	-0.4	0
chr4:11997218	10	1	10	10	1	1	1	-0.4	0
chr4:12045698	10	1	10	10	1	1	1	-0.4	0
chr4:12046209	10	1	10	10	1	1	1	-0.4	0
chr4:12064836	10	1	10	10	1	1	1	-0.4	0
chr4:12074814	10	1	10	10	1	1	1	-0.4	0
chr4:12143852	10	1	10	10	1	1	1	-0.4	0
chr4:12167060	10	1	10	10	1	1	1	-0.4	0
chr4:12249107	10	1	10	10	1	1	1	-0.4	0
chr4:12278293	10	1	10	10	1	1	1	-0.4	0
chr4:12288878	10	1	10	10	1	1	1	-0.4	0
chr4:12317628	10	1	10	10	1	1	1	-0.4	0
chr4:12332618	10	1	10	10	1	1	1	-0.4	0
chr4:12396489	10	1	10	10	1	1	1	-0.4	0
chr4:12476032	10	1	10	10	1	1	1	-0.4	0
chr4:12501650	10	1	10	10	1	1	1	-0.4	0
chr4:12571704	10	1	10	10	1	1	1	-0.4	0
chr4:12573483	10	1	10	10	1	1	1	-0.4	0
chr4:12616988	10	1	10	10	1	1	1	-0.4	0
chr4:12686316	10	1	10	10	1	1	1	-0.4	0
chr4:12758078	10	1	10	10	1	1	1	-0.4	0
chr4:12884044	10	1	10	10	1	1	1	-0.4	0
chr4:12889709	10	1	10	10	1	1	1	-0.4	0
chr4:13051763	10	1	10	10	1	1	1	-0.4	0
chr4:13080603	10	1	10	10	1	1	1	-0.4	0
chr4:13087184	10	1	10	10	1	1	1	-0.4	0
chr4:13138071	10	1	10	10	1	1	1	-0.4	0
chr4:13208861	10	1	10	10	1	1	1	-0.4	0
chr4:13209294	10	1	10	10	1	1	1	-0.4	0
chr4:13223747	10	1	10	10	1	1	1	-0.4	0
chr4:13279057	10	1	10	10	1	1	1	-0.4	0
chr4:13406152	10	1	10	10	1	1	1	-0.4	0
chr4:13461075	10	1	10	10	1	1	1	-0.4	0
chr4:13652555	10	1	10	10	1	1	1	-0.4	0
chr4:13665096	10	1	10	10	1	1	1	-0.4	0
chr4:13675112	10	1	10	10	1	1	1	-0.4	0
chr4:13726215	10	1	10	10	1	1	1	-0.4	0
chr4:13727018	10	1	10	10	1	1	1	-0.4	0
chr4:13782414	10	1	10	10	1	1	1	-0.4	0
chr4:13810072	10	1	10	10	1	1	1	-0.4	0
chr4:13813088	10	1	10	10	1	1	1	-0.4	0
chr4:13816349	10	1	10	10	1	1	1	-0.4	0
chr4:13830879	10	1	10	10	1	1	1	-0.4	0
chr4:13917561	10	1	10	10	1	1	1	-0.4	0
chr4:13920769	10	1	10	10	1	1	1	-0.4	0
chr4:13957059	10	1	10	10	1	1	1	-0.4	0
chr4:13997394	10	1	10	10	1	1	1	-0.4	0
chr4:13998473	10	1	10	10	1	1	1	-0.4	0
chr4:14007498	10	1	10	10	1	1	1	-0.4	0
chr4:14007902	10	1	10	10	1	1	1	-0.4	0
chr4:14183723	10	1	10	10	1	1	1	-0.4	0
chr4:14257978	10	1	10	10	1	1	1	-0.4	0
chr4:14332980	10	1	10	10	1	1	1	-0.4	0
chr4:14364491	10	1	10	10	1	1	1	-0.4	0
chr4:14374125	10	1	10	10	1	1	1	-0.4	0
chr4:14393506	10	1	10	10	1	1	1	-0.4	0
chr4:14577822	10	1	10	10	1	1	1	-0.4	0
chr4:14624905	10	1	10	10	1	1	1	-0.4	0
chr4:14626971	10	1	10	10	1	1	1	-0.4	0
chr4:14653588	10	1	10	10	1	1	1	-0.4	0
chr4:14763299	10	1	10	10	1	1	1	-0.4	0
chr4:14764656	10	1	10	10	1	1	1	-0.4	0
chr4:14770663	10	1	10	10	1	1	1	-0.4	0
chr4:14771985	10	1	10	10	1	1	1	-0.4	0
chr4:14773307	10	1	10	10	1	1	1	-0.4	0
chr4:14774129	10	1	10	10	1	1	1	-0.4	0
chr4:14775188	10	1	10	10	1	1	1	-0.4	0
chr4:14775972	10	1	10	10	1	1	1	-0.4	0
chr4:14777719	10	1	10	10	1	1	1	-0.4	0
chr4:14823538	10	1	10	10	1	1	1	-0.4	0
chr4:14883184	10	1	10	10	1	1	1	-0.4	0
chr4:14919250	10	1	10	10	1	1	1	-0.4	0
chr4:14958069	10	1	10	10	1	1	1	-0.4	0
chr4:15063267	10	1	10	10	1	1	1	-0.4	0
chr4:15064653	10	1	10	10	1	1	1	-0.4	0
chr4:15068996	10	1	10	10	1	1	1	-0.4	0
chr4:15114207	10	1	10	10	1	1	1	-0.4	0
chr4:15273332	10	1	10	10	1	1	1	-0.4	0
chr4:15289709	10	1	10	10	1	1	1	-0.4	0
chr4:15291933	10	1	10	10	1	1	1	-0.4	0
chr4:15406350	10	1	10	10	1	1	1	-0.4	0
chr4:15413165	10	1	10	10	1	1	1	-0.4	0
chr4:15443908	10	1	10	10	1	1	1	-0.4	0
chr4:15460097	10	1	10	10	1	1	1	-0.4	0
chr4:15489276	10	1	10	10	1	1	1	-0.4	0
chr4:15492128	10	1	10	10	1	1	1	-0.4	0
chr4:15507329	10	1	10	10	1	1	1	-0.4	0
chr4:15525825	10	1	10	10	1	1	1	-0.4	0
chr4:15528564	10	1	10	10	1	1	1	-0.4	0
chr4:15595378	10	1	10	10	1	1	1	-0.4	0
chr4:15676360	10	1	10	10	1	1	1	-0.4	0
chr4:15755899	10	1	10	10	1	1	1	-0.4	0
chr4:15907340	10	1	10	10	1	1	1	-0.4	0
chr4:15907936	10	1	10	10	1	1	1	-0.4	0
chr4:15939647	10	1	10	10	1	1	1	-0.4	0
chr4:15947243	10	1	10	10	1	1	1	-0.4	0
chr4:15959974	10	1	10	10	1	1	1	-0.4	0
chr4:16090777	10	1	10	10	1	1	1	-0.4	0
chr4:16102453	10	1	10	10	1	1	1	-0.4	0
chr4:16256256	10	1	10	10	1	1	1	-0.4	0
chr4:16278580	10	1	10	10	1	1	1	-0.4	0
chr4:16285397	10	1	10	10	1	1	1	-0.4	0
chr4:16289972	10	1	10	10	1	1	1	-0.4	0
chr4:16340727	10	1	10	10	1	1	1	-0.4	0
chr4:16340973	10	1	10	10	1	1	1	-0.4	0
chr4:16343878	10	1	10	10	1	1	1	-0.4	0
chr4:16344992	10	1	10	10	1	1	1	-0.4	0
chr4:16350284	10	1	10	10	1	1	1	-0.4	0
chr4:16355039	10	1	10	10	1	1	1	-0.4	0
chr4:16376751	10	1	10	10	1	1	1	-0.4	0
chr4:16431491	10	1	10	10	1	1	1	-0.4	0
chr4:16490073	10	1	10	10	1	1	1	-0.4	0
chr4:16560833	10	1	10	10	1	1	1	-0.4	0
chr4:16562107	10	1	10	10	1	1	1	-0.4	0
chr4:16562715	10	1	10	10	1	1	1	-0.4	0
chr4:16576758	10	1	10	10	1	1	1	-0.4	0
chr4:16839534	10	1	10	10	1	1	1	-0.4	0
chr4:16855398	10	1	10	10	1	1	1	-0.4	0
chr4:16940482	10	1	10	10	1	1	1	-0.4	0
chr4:16960365	10	1	10	10	1	1	1	-0.4	0
chr4:17040034	10	1	10	10	1	1	1	-0.4	0
chr4:17049432	10	1	10	10	1	1	1	-0.4	0
chr4:17187583	10	1	10	10	1	1	1	-0.4	0
chr4:17248539	10	1	10	10	1	1	1	-0.4	0
chr4:17282329	10	1	10	10	1	1	1	-0.4	0
chr4:17288000	10	1	10	10	1	1	1	-0.4	0
chr4:17290216	10	1	10	10	1	1	1	-0.4	0
chr4:17398927	10	1	10	10	1	1	1	-0.4	0
chr4:17486540	10	1	10	10	1	1	1	-0.4	0
chr4:17534175	10	1	10	10	1	1	1	-0.4	0
chr4:17541091	10	1	10	10	1	1	1	-0.4	0
chr4:17579461	10	1	10	10	1	1	1	-0.4	0
chr4:17618852	10	1	10	10	1	1	1	-0.4	0
chr4:17642099	10	1	10	10	1	1	1	-0.4	0
chr4:17643345	10	1	10	10	1	1	1	-0.4	0
chr4:17666577	10	1	10	10	1	1	1	-0.4	0
chr4:17667252	10	1	10	10	1	1	1	-0.4	0
chr4:17687292	10	1	10	10	1	1	1	-0.4	0
chr4:17699083	10	1	10	10	1	1	1	-0.4	0
chr4:17735364	10	1	10	10	1	1	1	-0.4	0
chr4:17764559	10	1	10	10	1	1	1	-0.4	0
chr4:17774561	10	1	10	10	1	1	1	-0.4	0
chr4:17802747	10	1	10	10	1	1	1	-0.4	0
chr4:17955012	10	1	10	10	1	1	1	-0.4	0
chr4:17986400	10	1	10	10	1	1	1	-0.4	0
chr4:17997086	10	1	10	10	1	1	1	-0.4	0
chr4:17997778	10	1	10	10	1	1	1	-0.4	0
chr4:18025620	10	1	10	10	1	1	1	-0.4	0
chr4:18053589	10	1	10	10	1	1	1	-0.4	0
chr4:18055654	10	1	10	10	1	1	1	-0.4	0
chr4:18127159	10	1	10	10	1	1	1	-0.4	0
chr4:18149294	10	1	10	10	1	1	1	-0.4	0
chr4:18215183	10	1	10	10	1	1	1	-0.4	0
chr4:18217442	10	1	10	10	1	1	1	-0.4	0
chr4:18220290	10	1	10	10	1	1	1	-0.4	0
chr4:18233320	10	1	10	10	1	1	1	-0.4	0
chr4:18275136	10	1	10	10	1	1	1	-0.4	0
chr4:18461896	10	1	10	10	1	1	1	-0.4	0
chr4:18486478	10	1	10	10	1	1	1	-0.4	0
chr4:18556963	10	1	10	10	1	1	1	-0.4	0
chr4:18573140	10	1	10	10	1	1	1	-0.4	0
chr5:85498	10	1	10	10	1	1	1	-0.4	0
chr5:91262	10	1	10	10	1	1	1	-0.4	0
chr5:210676	10	1	10	10	1	1	1	-0.4	0
chr5:266824	10	1	10	10	1	1	1	-0.4	0
chr5:270759	10	1	10	10	1	1	1	-0.4	0
chr5:271444	10	1	10	10	1	1	1	-0.4	0
chr5:272517	10	1	10	10	1	1	1	-0.4	0
chr5:291047	10	1	10	10	1	1	1	-0.4	0
chr5:304316	10	1	10	10	1	1	1	-0.4	0
chr5:308952	10	1	10	10	1	1	1	-0.4	0
chr5:332206	10	1	10	10	1	1	1	-0.4	0
chr5:389055	10	1	10	10	1	1	1	-0.4	0
chr5:437106	10	1	10	10	1	1	1	-0.4	0
chr5:442353	10	1	10	10	1	1	1	-0.4	0
chr5:508505	10	1	10	10	1	1	1	-0.4	0
chr5:537296	10	1	10	10	1	1	1	-0.4	0
chr5:545118	10	1	10	10	1	1	1	-0.4	0
chr5:548514	10	1	10	10	1	1	1	-0.4	0
chr5:554080	10	1	10	10	1	1	1	-0.4	0
chr5:642055	10	1	10	10	1	1	1	-0.4	0
chr5:714260	10	1	10	10	1	1	1	-0.4	0
chr5:740208	10	1	10	10	1	1	1	-0.4	0
chr5:758242	10	1	10	10	1	1	1	-0.4	0
chr5:771805	10	1	10	10	1	1	1	-0.4	0
chr5:800004	10	1	10	10	1	1	1	-0.4	0
chr5:828019	10	1	10	10	1	1	1	-0.4	0
chr5:829184	10	1	10	10	1	1	1	-0.4	0
chr5:834758	10	1	10	10	1	1	1	-0.4	0
chr5:903419	10	1	10	10	1	1	1	-0.4	0
chr5:925575	10	1	10	10	1	1	1	-0.4	0
chr5:965957	10	1	10	10	1	1	1	-0.4	0
chr5:969397	10	1	10	10	1	1	1	-0.4	0
chr5:974081	10	1	10	10	1	1	1	-0.4	0
chr5:987690	10	1	10	10	1	1	1	-0.4	0
chr5:1217325	10	1	10	10	1	1	1	-0.4	0
chr5:1296341	10	1	10	10	1	1	1	-0.4	0
chr5:1306034	10	1	10	10	1	1	1	-0.4	0
chr5:1319192	10	1	10	10	1	1	1	-0.4	0
chr5:1337488	10	1	10	10	1	1	1	-0.4	0
chr5:1360648	10	1	10	10	1	1	1	-0.4	0
chr5:1367759	10	1	10	10	1	1	1	-0.4	0
chr5:1371676	10	1	10	10	1	1	1	-0.4	0
chr5:1444935	10	1	10	10	1	1	1	-0.4	0
chr5:1504848	10	1	10	10	1	1	1	-0.4	0
chr5:1518269	10	1	10	10	1	1	1	-0.4	0
chr5:1530218	10	1	10	10	1	1	1	-0.4	0
chr5:1535864	10	1	10	10	1	1	1	-0.4	0
chr5:1579016	10	1	10	10	1	1	1	-0.4	0
chr5:1609427	10	1	10	10	1	1	1	-0.4	0
chr5:1610038	10	1	10	10	1	1	1	-0.4	0
chr5:1934963	10	1	10	10	1	1	1	-0.4	0
chr5:2121825	10	1	10	10	1	1	1	-0.4	0
chr5:2132276	10	1	10	10	1	1	1	-0.4	0
chr5:2150883	10	1	10	10	1	1	1	-0.4	0
chr5:2167419	10	1	10	10	1	1	1	-0.4	0
chr5:2178230	10	1	10	10	1	1	1	-0.4	0
chr5:2265661	10	1	10	10	1	1	1	-0.4	0
chr5:2299144	10	1	10	10	1	1	1	-0.4	0
chr5:2299592	10	1	10	10	1	1	1	-0.4	0
chr5:2400753	10	1	10	10	1	1	1	-0.4	0
chr5:2587949	10	1	10	10	1	1	1	-0.4	0
chr5:2614763	10	1	10	10	1	1	1	-0.4	0
chr5:2615640	10	1	10	10	1	1	1	-0.4	0
chr5:2743159	10	1	10	10	1	1	1	-0.4	0
chr5:2862186	10	1	10	10	1	1	1	-0.4	0
chr5:2933831	10	1	10	10	1	1	1	-0.4	0
chr5:2934267	10	1	10	10	1	1	1	-0.4	0
chr5:2939106	10	1	10	10	1	1	1	-0.4	0
chr5:2983100	10	1	10	10	1	1	1	-0.4	0
chr5:2985740	10	1	10	10	1	1	1	-0.4	0
chr5:3051914	10	1	10	10	1	1	1	-0.4	0
chr5:3163244	10	1	10	10	1	1	1	-0.4	0
chr5:3253199	10	1	10	10	1	1	1	-0.4	0
chr5:3283942	10	1	10	10	1	1	1	-0.4	0
chr5:3286516	10	1	10	10	1	1	1	-0.4	0
chr5:3300192	10	1	10	10	1	1	1	-0.4	0
chr5:3333090	10	1	10	10	1	1	1	-0.4	0
chr5:3336150	10	1	10	10	1	1	1	-0.4	0
chr5:3396115	10	1	10	10	1	1	1	-0.4	0
chr5:3508754	10	1	10	10	1	1	1	-0.4	0
chr5:3524825	10	1	10	10	1	1	1	-0.4	0
chr5:3525874	10	1	10	10	1	1	1	-0.4	0
chr5:3526640	10	1	10	10	1	1	1	-0.4	0
chr5:3528047	10	1	10	10	1	1	1	-0.4	0
chr5:3619039	10	1	10	10	1	1	1	-0.4	0
chr5:3695870	10	1	10	10	1	1	1	-0.4	0
chr5:3708107	10	1	10	10	1	1	1	-0.4	0
chr5:3821224	10	1	10	10	1	1	1	-0.4	0
chr5:3845647	10	1	10	10	1	1	1	-0.4	0
chr5:3879683	10	1	10	10	1	1	1	-0.4	0
chr5:3880731	10	1	10	10	1	1	1	-0.4	0
chr5:3885166	10	1	10	10	1	1	1	-0.4	0
chr5:3919261	10	1	10	10	1	1	1	-0.4	0
chr5:3931554	10	1	10	10	1	1	1	-0.4	0
chr5:4067887	10	1	10	10	1	1	1	-0.4	0
chr5:4151703	10	1	10	10	1	1	1	-0.4	0
chr5:4156502	10	1	10	10	1	1	1	-0.4	0
chr5:4193361	10	1	10	10	1	1	1	-0.4	0
chr5:4201744	10	1	10	10	1	1	1	-0.4	0
chr5:4238216	10	1	10	10	1	1	1	-0.4	0
chr5:4262644	10	1	10	10	1	1	1	-0.4	0
chr5:4431376	10	1	10	10	1	1	1	-0.4	0
chr5:4445084	10	1	10	10	1	1	1	-0.4	0
chr5:4460793	10	1	10	10	1	1	1	-0.4	0
chr5:4471072	10	1	10	10	1	1	1	-0.4	0
chr5:4508201	10	1	10	10	1	1	1	-0.4	0
chr5:4508418	10	1	10	10	1	1	1	-0.4	0
chr5:4600920	10	1	10	10	1	1	1	-0.4	0
chr5:4689540	10	1	10	10	1	1	1	-0.4	0
chr5:4691602	10	1	10	10	1	1	1	-0.4	0
chr5:4722583	10	1	10	10	1	1	1	-0.4	0
chr5:4776250	10	1	10	10	1	1	1	-0.4	0
chr5:4794474	10	1	10	10	1	1	1	-0.4	0
chr5:4796665	10	1	10	10	1	1	1	-0.4	0
chr5:4828603	10	1	10	10	1	1	1	-0.4	0
chr5:4901289	10	1	10	10	1	1	1	-0.4	0
chr5:4903143	10	1	10	10	1	1	1	-0.4	0
chr5:4929762	10	1	10	10	1	1	1	-0.4	0
chr5:5157626	10	1	10	10	1	1	1	-0.4	0
chr5:5420133	10	1	10	10	1	1	1	-0.4	0
chr5:5711093	10	1	10	10	1	1	1	-0.4	0
chr5:5712012	10	1	10	10	1	1	1	-0.4	0
chr5:5996862	10	1	10	10	1	1	1	-0.4	0
chr5:6046329	10	1	10	10	1	1	1	-0.4	0
chr5:6309918	10	1	10	10	1	1	1	-0.4	0
chr5:6322890	10	1	10	10	1	1	1	-0.4	0
chr5:6362050	10	1	10	10	1	1	1	-0.4	0
chr5:6424347	10	1	10	10	1	1	1	-0.4	0
chr5:6475607	10	1	10	10	1	1	1	-0.4	0
chr5:6495169	10	1	10	10	1	1	1	-0.4	0
chr5:6686981	10	1	10	10	1	1	1	-0.4	0
chr5:6748705	10	1	10	10	1	1	1	-0.4	0
chr5:6801257	10	1	10	10	1	1	1	-0.4	0
chr5:6834405	10	1	10	10	1	1	1	-0.4	0
chr5:6921571	10	1	10	10	1	1	1	-0.4	0
chr5:7005450	10	1	10	10	1	1	1	-0.4	0
chr5:7174813	10	1	10	10	1	1	1	-0.4	0
chr5:7249599	10	1	10	10	1	1	1	-0.4	0
chr5:7307706	10	1	10	10	1	1	1	-0.4	0
chr5:7373707	10	1	10	10	1	1	1	-0.4	0
chr5:7498034	10	1	10	10	1	1	1	-0.4	0
chr5:7512989	10	1	10	10	1	1	1	-0.4	0
chr5:7557889	10	1	10	10	1	1	1	-0.4	0
chr5:7655763	10	1	10	10	1	1	1	-0.4	0
chr5:7664469	10	1	10	10	1	1	1	-0.4	0
chr5:7927191	10	1	10	10	1	1	1	-0.4	0
chr5:8006234	10	1	10	10	1	1	1	-0.4	0
chr5:8048211	10	1	10	10	1	1	1	-0.4	0
chr5:8077779	10	1	10	10	1	1	1	-0.4	0
chr5:8122884	10	1	10	10	1	1	1	-0.4	0
chr5:8146468	10	1	10	10	1	1	1	-0.4	0
chr5:8189409	10	1	10	10	1	1	1	-0.4	0
chr5:8217657	10	1	10	10	1	1	1	-0.4	0
chr5:8229559	10	1	10	10	1	1	1	-0.4	0
chr5:8242490	10	1	10	10	1	1	1	-0.4	0
chr5:8288367	10	1	10	10	1	1	1	-0.4	0
chr5:8323426	10	1	10	10	1	1	1	-0.4	0
chr5:8344473	10	1	10	10	1	1	1	-0.4	0
chr5:8359962	10	1	10	10	1	1	1	-0.4	0
chr5:8365647	10	1	10	10	1	1	1	-0.4	0
chr5:8548585	10	1	10	10	1	1	1	-0.4	0
chr5:8732032	10	1	10	10	1	1	1	-0.4	0
chr5:8735025	10	1	10	10	1	1	1	-0.4	0
chr5:8775010	10	1	10	10	1	1	1	-0.4	0
chr5:8776523	10	1	10	10	1	1	1	-0.4	0
chr5:8777308	10	1	10	10	1	1	1	-0.4	0
chr5:8795406	10	1	10	10	1	1	1	-0.4	0
chr5:8798391	10	1	10	10	1	1	1	-0.4	0
chr5:8896517	10	1	10	10	1	1	1	-0.4	0
chr5:8993182	10	1	10	10	1	1	1	-0.4	0
chr5:9001020	10	1	10	10	1	1	1	-0.4	0
chr5:9038751	10	1	10	10	1	1	1	-0.4	0
chr5:9050812	10	1	10	10	1	1	1	-0.4	0
chr5:9136674	10	1	10	10	1	1	1	-0.4	0
chr5:9137185	10	1	10	10	1	1	1	-0.4	0
chr5:9137753	10	1	10	10	1	1	1	-0.4	0
chr5:9138024	10	1	10	10	1	1	1	-0.4	0
chr5:9208189	10	1	10	10	1	1	1	-0.4	0
chr5:9210248	10	1	10	10	1	1	1	-0.4	0
chr5:9247363	10	1	10	10	1	1	1	-0.4	0
chr5:9515684	10	1	10	10	1	1	1	-0.4	0
chr5:9789775	10	1	10	10	1	1	1	-0.4	0
chr5:9944955	10	1	10	10	1	1	1	-0.4	0
chr5:10336203	10	1	10	10	1	1	1	-0.4	0
chr5:10799469	10	1	10	10	1	1	1	-0.4	0
chr5:11185072	10	1	10	10	1	1	1	-0.4	0
chr5:11185746	10	1	10	10	1	1	1	-0.4	0
chr5:11186352	10	1	10	10	1	1	1	-0.4	0
chr5:11702276	10	1	10	10	1	1	1	-0.4	0
chr5:11703052	10	1	10	10	1	1	1	-0.4	0
chr5:11705335	10	1	10	10	1	1	1	-0.4	0
chr5:11708318	10	1	10	10	1	1	1	-0.4	0
chr5:11723677	10	1	10	10	1	1	1	-0.4	0
chr5:11727806	10	1	10	10	1	1	1	-0.4	0
chr5:11728620	10	1	10	10	1	1	1	-0.4	0
chr5:11729712	10	1	10	10	1	1	1	-0.4	0
chr5:11730490	10	1	10	10	1	1	1	-0.4	0
chr5:11731535	10	1	10	10	1	1	1	-0.4	0
chr5:11732300	10	1	10	10	1	1	1	-0.4	0
chr5:11733745	10	1	10	10	1	1	1	-0.4	0
chr5:11734868	10	1	10	10	1	1	1	-0.4	0
chr5:11735222	10	1	10	10	1	1	1	-0.4	0
chr5:11736052	10	1	10	10	1	1	1	-0.4	0
chr5:12974100	10	1	10	10	1	1	1	-0.4	0
chr5:13901842	10	1	10	10	1	1	1	-0.4	0
chr5:13916843	10	1	10	10	1	1	1	-0.4	0
chr5:14231111	10	1	10	10	1	1	1	-0.4	0
chr5:14237897	10	1	10	10	1	1	1	-0.4	0
chr5:14552214	10	1	10	10	1	1	1	-0.4	0
chr5:14565078	10	1	10	10	1	1	1	-0.4	0
chr5:14566500	10	1	10	10	1	1	1	-0.4	0
chr5:14629377	10	1	10	10	1	1	1	-0.4	0
chr5:14753434	10	1	10	10	1	1	1	-0.4	0
chr5:14755688	10	1	10	10	1	1	1	-0.4	0
chr5:14935838	10	1	10	10	1	1	1	-0.4	0
chr5:14936785	10	1	10	10	1	1	1	-0.4	0
chr5:15137218	10	1	10	10	1	1	1	-0.4	0
chr5:15381096	10	1	10	10	1	1	1	-0.4	0
chr5:15499854	10	1	10	10	1	1	1	-0.4	0
chr5:15612207	10	1	10	10	1	1	1	-0.4	0
chr5:15631486	10	1	10	10	1	1	1	-0.4	0
chr5:15635072	10	1	10	10	1	1	1	-0.4	0
chr5:15636358	10	1	10	10	1	1	1	-0.4	0
chr5:15930273	10	1	10	10	1	1	1	-0.4	0
chr5:15997859	10	1	10	10	1	1	1	-0.4	0
chr5:16163382	10	1	10	10	1	1	1	-0.4	0
chr5:16202113	10	1	10	10	1	1	1	-0.4	0
chr5:16207086	10	1	10	10	1	1	1	-0.4	0
chr5:16317995	10	1	10	10	1	1	1	-0.4	0
chr5:16320171	10	1	10	10	1	1	1	-0.4	0
chr5:16320664	10	1	10	10	1	1	1	-0.4	0
chr5:16323105	10	1	10	10	1	1	1	-0.4	0
chr5:16323886	10	1	10	10	1	1	1	-0.4	0
chr5:16410707	10	1	10	10	1	1	1	-0.4	0
chr5:16440360	10	1	10	10	1	1	1	-0.4	0
chr5:16507600	10	1	10	10	1	1	1	-0.4	0
chr5:16635554	10	1	10	10	1	1	1	-0.4	0
chr5:16667110	10	1	10	10	1	1	1	-0.4	0
chr5:16740049	10	1	10	10	1	1	1	-0.4	0
chr5:16798043	10	1	10	10	1	1	1	-0.4	0
chr5:16828612	10	1	10	10	1	1	1	-0.4	0
chr5:17035412	10	1	10	10	1	1	1	-0.4	0
chr5:17144024	10	1	10	10	1	1	1	-0.4	0
chr5:17176122	10	1	10	10	1	1	1	-0.4	0
chr5:17246162	10	1	10	10	1	1	1	-0.4	0
chr5:17269416	10	1	10	10	1	1	1	-0.4	0
chr5:17270740	10	1	10	10	1	1	1	-0.4	0
chr5:17271048	10	1	10	10	1	1	1	-0.4	0
chr5:17277841	10	1	10	10	1	1	1	-0.4	0
chr5:17281604	10	1	10	10	1	1	1	-0.4	0
chr5:17331195	10	1	10	10	1	1	1	-0.4	0
chr5:17374288	10	1	10	10	1	1	1	-0.4	0
chr5:17385661	10	1	10	10	1	1	1	-0.4	0
chr5:17402678	10	1	10	10	1	1	1	-0.4	0
chr5:17447887	10	1	10	10	1	1	1	-0.4	0
chr5:17449205	10	1	10	10	1	1	1	-0.4	0
chr5:17456735	10	1	10	10	1	1	1	-0.4	0
chr5:17551782	10	1	10	10	1	1	1	-0.4	0
chr5:17587017	10	1	10	10	1	1	1	-0.4	0
chr5:17588135	10	1	10	10	1	1	1	-0.4	0
chr5:17712782	10	1	10	10	1	1	1	-0.4	0
chr5:17734324	10	1	10	10	1	1	1	-0.4	0
chr5:17748526	10	1	10	10	1	1	1	-0.4	0
chr5:17843808	10	1	10	10	1	1	1	-0.4	0
chr5:17877712	10	1	10	10	1	1	1	-0.4	0
chr5:17882301	10	1	10	10	1	1	1	-0.4	0
chr5:18137216	10	1	10	10	1	1	1	-0.4	0
chr5:18221494	10	1	10	10	1	1	1	-0.4	0
chr5:18228393	10	1	10	10	1	1	1	-0.4	0
chr5:18239808	10	1	10	10	1	1	1	-0.4	0
chr5:18370296	10	1	10	10	1	1	1	-0.4	0
chr5:18372998	10	1	10	10	1	1	1	-0.4	0
chr5:18378763	10	1	10	10	1	1	1	-0.4	0
chr5:18380235	10	1	10	10	1	1	1	-0.4	0
chr5:18391190	10	1	10	10	1	1	1	-0.4	0
chr5:18425399	10	1	10	10	1	1	1	-0.4	0
chr5:18484164	10	1	10	10	1	1	1	-0.4	0
chr5:18559087	10	1	10	10	1	1	1	-0.4	0
chr5:18677093	10	1	10	10	1	1	1	-0.4	0
chr5:18779410	10	1	10	10	1	1	1	-0.4	0
chr5:18790506	10	1	10	10	1	1	1	-0.4	0
chr5:18860175	10	1	10	10	1	1	1	-0.4	0
chr5:18968836	10	1	10	10	1	1	1	-0.4	0
chr5:19044416	10	1	10	10	1	1	1	-0.4	0
chr5:19111188	10	1	10	10	1	1	1	-0.4	0
chr5:19112076	10	1	10	10	1	1	1	-0.4	0
chr5:19115714	10	1	10	10	1	1	1	-0.4	0
chr5:19130929	10	1	10	10	1	1	1	-0.4	0
chr5:19179870	10	1	10	10	1	1	1	-0.4	0
chr5:19180903	10	1	10	10	1	1	1	-0.4	0
chr5:19218542	10	1	10	10	1	1	1	-0.4	0
chr5:19308963	10	1	10	10	1	1	1	-0.4	0
chr5:19398895	10	1	10	10	1	1	1	-0.4	0
chr5:19514886	10	1	10	10	1	1	1	-0.4	0
chr5:19585193	10	1	10	10	1	1	1	-0.4	0
chr5:19607035	10	1	10	10	1	1	1	-0.4	0
chr5:19623570	10	1	10	10	1	1	1	-0.4	0
chr5:19627927	10	1	10	10	1	1	1	-0.4	0
chr5:19629542	10	1	10	10	1	1	1	-0.4	0
chr5:19670202	10	1	10	10	1	1	1	-0.4	0
chr5:19782514	10	1	10	10	1	1	1	-0.4	0
chr5:19810566	10	1	10	10	1	1	1	-0.4	0
chr5:19977989	10	1	10	10	1	1	1	-0.4	0
chr5:20049622	10	1	10	10	1	1	1	-0.4	0
chr5:20084398	10	1	10	10	1	1	1	-0.4	0
chr5:20090686	10	1	10	10	1	1	1	-0.4	0
chr5:20173663	10	1	10	10	1	1	1	-0.4	0
chr5:20184481	10	1	10	10	1	1	1	-0.4	0
chr5:20191844	10	1	10	10	1	1	1	-0.4	0
chr5:20192279	10	1	10	10	1	1	1	-0.4	0
chr5:20193775	10	1	10	10	1	1	1	-0.4	0
chr5:20215968	10	1	10	10	1	1	1	-0.4	0
chr5:20438337	10	1	10	10	1	1	1	-0.4	0
chr5:20438659	10	1	10	10	1	1	1	-0.4	0
chr5:20506782	10	1	10	10	1	1	1	-0.4	0
chr5:20537135	10	1	10	10	1	1	1	-0.4	0
chr5:20645088	10	1	10	10	1	1	1	-0.4	0
chr5:20706800	10	1	10	10	1	1	1	-0.4	0
chr5:20741608	10	1	10	10	1	1	1	-0.4	0
chr5:20764410	10	1	10	10	1	1	1	-0.4	0
chr5:20792061	10	1	10	10	1	1	1	-0.4	0
chr5:20861953	10	1	10	10	1	1	1	-0.4	0
chr5:20943287	10	1	10	10	1	1	1	-0.4	0
chr5:21071857	10	1	10	10	1	1	1	-0.4	0
chr5:21161479	10	1	10	10	1	1	1	-0.4	0
chr5:21330469	10	1	10	10	1	1	1	-0.4	0
chr5:21410853	10	1	10	10	1	1	1	-0.4	0
chr5:21412979	10	1	10	10	1	1	1	-0.4	0
chr5:21426699	10	1	10	10	1	1	1	-0.4	0
chr5:21528289	10	1	10	10	1	1	1	-0.4	0
chr5:21532445	10	1	10	10	1	1	1	-0.4	0
chr5:21542619	10	1	10	10	1	1	1	-0.4	0
chr5:21576549	10	1	10	10	1	1	1	-0.4	0
chr5:21607432	10	1	10	10	1	1	1	-0.4	0
chr5:21709287	10	1	10	10	1	1	1	-0.4	0
chr5:21733699	10	1	10	10	1	1	1	-0.4	0
chr5:21751610	10	1	10	10	1	1	1	-0.4	0
chr5:21754471	10	1	10	10	1	1	1	-0.4	0
chr5:21923638	10	1	10	10	1	1	1	-0.4	0
chr5:21924272	10	1	10	10	1	1	1	-0.4	0
chr5:21969882	10	1	10	10	1	1	1	-0.4	0
chr5:21972375	10	1	10	10	1	1	1	-0.4	0
chr5:21980824	10	1	10	10	1	1	1	-0.4	0
chr5:22124413	10	1	10	10	1	1	1	-0.4	0
chr5:22134935	10	1	10	10	1	1	1	-0.4	0
chr5:22151096	10	1	10	10	1	1	1	-0.4	0
chr5:22284502	10	1	10	10	1	1	1	-0.4	0
chr5:22308837	10	1	10	10	1	1	1	-0.4	0
chr5:22331946	10	1	10	10	1	1	1	-0.4	0
chr5:22355604	10	1	10	10	1	1	1	-0.4	0
chr5:22359188	10	1	10	10	1	1	1	-0.4	0
chr5:22369126	10	1	10	10	1	1	1	-0.4	0
chr5:22387102	10	1	10	10	1	1	1	-0.4	0
chr5:22579652	10	1	10	10	1	1	1	-0.4	0
chr5:22603348	10	1	10	10	1	1	1	-0.4	0
chr5:22699784	10	1	10	10	1	1	1	-0.4	0
chr5:22777656	10	1	10	10	1	1	1	-0.4	0
chr5:22884462	10	1	10	10	1	1	1	-0.4	0
chr5:23001094	10	1	10	10	1	1	1	-0.4	0
chr5:23002035	10	1	10	10	1	1	1	-0.4	0
chr5:23054560	10	1	10	10	1	1	1	-0.4	0
chr5:23056285	10	1	10	10	1	1	1	-0.4	0
chr5:23057288	10	1	10	10	1	1	1	-0.4	0
chr5:23059378	10	1	10	10	1	1	1	-0.4	0
chr5:23060031	10	1	10	10	1	1	1	-0.4	0
chr5:23086462	10	1	10	10	1	1	1	-0.4	0
chr5:23195579	10	1	10	10	1	1	1	-0.4	0
chr5:23222166	10	1	10	10	1	1	1	-0.4	0
chr5:23330872	10	1	10	10	1	1	1	-0.4	0
chr5:23343396	10	1	10	10	1	1	1	-0.4	0
chr5:23355830	10	1	10	10	1	1	1	-0.4	0
chr5:23357388	10	1	10	10	1	1	1	-0.4	0
chr5:23378141	10	1	10	10	1	1	1	-0.4	0
chr5:23385019	10	1	10	10	1	1	1	-0.4	0
chr5:23388579	10	1	10	10	1	1	1	-0.4	0
chr5:23501448	10	1	10	10	1	1	1	-0.4	0
chr5:23507513	10	1	10	10	1	1	1	-0.4	0
chr5:23576741	10	1	10	10	1	1	1	-0.4	0
chr5:23596039	10	1	10	10	1	1	1	-0.4	0
chr5:23623698	10	1	10	10	1	1	1	-0.4	0
chr5:23700587	10	1	10	10	1	1	1	-0.4	0
chr5:23734085	10	1	10	10	1	1	1	-0.4	0
chr5:23784712	10	1	10	10	1	1	1	-0.4	0
chr5:23787273	10	1	10	10	1	1	1	-0.4	0
chr5:23840907	10	1	10	10	1	1	1	-0.4	0
chr5:23876281	10	1	10	10	1	1	1	-0.4	0
chr5:23898393	10	1	10	10	1	1	1	-0.4	0
chr5:23974600	10	1	10	10	1	1	1	-0.4	0
chr5:24066257	10	1	10	10	1	1	1	-0.4	0
chr5:24068988	10	1	10	10	1	1	1	-0.4	0
chr5:24069731	10	1	10	10	1	1	1	-0.4	0
chr5:24257407	10	1	10	10	1	1	1	-0.4	0
chr5:24290355	10	1	10	10	1	1	1	-0.4	0
chr5:24316066	10	1	10	10	1	1	1	-0.4	0
chr5:24384315	10	1	10	10	1	1	1	-0.4	0
chr5:24384509	10	1	10	10	1	1	1	-0.4	0
chr5:24385309	10	1	10	10	1	1	1	-0.4	0
chr5:24386862	10	1	10	10	1	1	1	-0.4	0
chr5:24436761	10	1	10	10	1	1	1	-0.4	0
chr5:24674874	10	1	10	10	1	1	1	-0.4	0
chr5:24705957	10	1	10	10	1	1	1	-0.4	0
chr5:24709763	10	1	10	10	1	1	1	-0.4	0
chr5:24713230	10	1	10	10	1	1	1	-0.4	0
chr5:24752763	10	1	10	10	1	1	1	-0.4	0
chr5:24764991	10	1	10	10	1	1	1	-0.4	0
chr5:24766648	10	1	10	10	1	1	1	-0.4	0
chr5:24836850	10	1	10	10	1	1	1	-0.4	0
chr5:24915469	10	1	10	10	1	1	1	-0.4	0
chr5:24939642	10	1	10	10	1	1	1	-0.4	0
chr5:24963475	10	1	10	10	1	1	1	-0.4	0
chr5:25017972	10	1	10	10	1	1	1	-0.4	0
chr5:25019284	10	1	10	10	1	1	1	-0.4	0
chr5:25038308	10	1	10	10	1	1	1	-0.4	0
chr5:25063389	10	1	10	10	1	1	1	-0.4	0
chr5:25078152	10	1	10	10	1	1	1	-0.4	0
chr5:25081133	10	1	10	10	1	1	1	-0.4	0
chr5:25087132	10	1	10	10	1	1	1	-0.4	0
chr5:25089832	10	1	10	10	1	1	1	-0.4	0
chr5:25108488	10	1	10	10	1	1	1	-0.4	0
chr5:25109772	10	1	10	10	1	1	1	-0.4	0
chr5:25114074	10	1	10	10	1	1	1	-0.4	0
chr5:25193163	10	1	10	10	1	1	1	-0.4	0
chr5:25267647	10	1	10	10	1	1	1	-0.4	0
chr5:25290627	10	1	10	10	1	1	1	-0.4	0
chr5:25291634	10	1	10	10	1	1	1	-0.4	0
chr5:25324392	10	1	10	10	1	1	1	-0.4	0
chr5:25399412	10	1	10	10	1	1	1	-0.4	0
chr5:25399747	10	1	10	10	1	1	1	-0.4	0
chr5:25437140	10	1	10	10	1	1	1	-0.4	0
chr5:25462647	10	1	10	10	1	1	1	-0.4	0
chr5:25528283	10	1	10	10	1	1	1	-0.4	0
chr5:25582611	10	1	10	10	1	1	1	-0.4	0
chr5:25653648	10	1	10	10	1	1	1	-0.4	0
chr5:25656635	10	1	10	10	1	1	1	-0.4	0
chr5:25658441	10	1	10	10	1	1	1	-0.4	0
chr5:25659077	10	1	10	10	1	1	1	-0.4	0
chr5:25661085	10	1	10	10	1	1	1	-0.4	0
chr5:25663159	10	1	10	10	1	1	1	-0.4	0
chr5:25668299	10	1	10	10	1	1	1	-0.4	0
chr5:25686021	10	1	10	10	1	1	1	-0.4	0
chr5:25702689	10	1	10	10	1	1	1	-0.4	0
chr5:25704873	10	1	10	10	1	1	1	-0.4	0
chr5:25753631	10	1	10	10	1	1	1	-0.4	0
chr5:25755218	10	1	10	10	1	1	1	-0.4	0
chr5:25761831	10	1	10	10	1	1	1	-0.4	0
chr5:25806195	10	1	10	10	1	1	1	-0.4	0
chr5:25841453	10	1	10	10	1	1	1	-0.4	0
chr5:25886966	10	1	10	10	1	1	1	-0.4	0
chr5:25887449	10	1	10	10	1	1	1	-0.4	0
chr5:25945459	10	1	10	10	1	1	1	-0.4	0
chr5:26012748	10	1	10	10	1	1	1	-0.4	0
chr5:26057739	10	1	10	10	1	1	1	-0.4	0
chr5:26061121	10	1	10	10	1	1	1	-0.4	0
chr5:26100698	10	1	10	10	1	1	1	-0.4	0
chr5:26101911	10	1	10	10	1	1	1	-0.4	0
chr5:26102334	10	1	10	10	1	1	1	-0.4	0
chr5:26103533	10	1	10	10	1	1	1	-0.4	0
chr5:26107456	10	1	10	10	1	1	1	-0.4	0
chr5:26150415	10	1	10	10	1	1	1	-0.4	0
chr5:26157210	10	1	10	10	1	1	1	-0.4	0
chr5:26228757	10	1	10	10	1	1	1	-0.4	0
chr5:26249083	10	1	10	10	1	1	1	-0.4	0
chr5:26251543	10	1	10	10	1	1	1	-0.4	0
chr5:26253320	10	1	10	10	1	1	1	-0.4	0
chr5:26262974	10	1	10	10	1	1	1	-0.4	0
chr5:26263805	10	1	10	10	1	1	1	-0.4	0
chr5:26368171	10	1	10	10	1	1	1	-0.4	0
chr5:26368528	10	1	10	10	1	1	1	-0.4	0
chr5:26369176	10	1	10	10	1	1	1	-0.4	0
chr5:26369620	10	1	10	10	1	1	1	-0.4	0
chr5:26410449	10	1	10	10	1	1	1	-0.4	0
chr5:26447358	10	1	10	10	1	1	1	-0.4	0
chr5:26492355	10	1	10	10	1	1	1	-0.4	0
chr5:26502061	10	1	10	10	1	1	1	-0.4	0
chr5:26532600	10	1	10	10	1	1	1	-0.4	0
chr5:26547895	10	1	10	10	1	1	1	-0.4	0
chr5:26561981	10	1	10	10	1	1	1	-0.4	0
chr5:26568511	10	1	10	10	1	1	1	-0.4	0
chr5:26604025	10	1	10	10	1	1	1	-0.4	0
chr5:26617050	10	1	10	10	1	1	1	-0.4	0
chr5:26641794	10	1	10	10	1	1	1	-0.4	0
chr5:26663312	10	1	10	10	1	1	1	-0.4	0
chr5:26667755	10	1	10	10	1	1	1	-0.4	0
chr5:26668409	10	1	10	10	1	1	1	-0.4	0
chr5:26688230	10	1	10	10	1	1	1	-0.4	0
chr5:26710086	10	1	10	10	1	1	1	-0.4	0
chr5:26769574	10	1	10	10	1	1	1	-0.4	0
chr5:26843065	10	1	10	10	1	1	1	-0.4	0
chr5:26853890	10	1	10	10	1	1	1	-0.4	0
chr5:26855521	10	1	10	10	1	1	1	-0.4	0
chr5:26877380	10	1	10	10	1	1	1	-0.4	0
chr5:26901241	10	1	10	10	1	1	1	-0.4	0
chr5:26901680	10	1	10	10	1	1	1	-0.4	0
chr5:26904620	10	1	10	10	1	1	1	-0.4	0
chr5:26911088	10	1	10	10	1	1	1	-0.4	0
chr5:26912372	10	1	10	10	1	1	1	-0.4	0
chr5:26919020	10	1	10	10	1	1	1	-0.4	0
chr5:26921442	10	1	10	10	1	1	1	-0.4	0
chr5:26939102	10	1	10	10	1	1	1	-0.4	0
chr5:26950064	10	1	10	10	1	1	1	-0.4	0
