Position	IP	Control	Fold	Expectd	Q_-lg10	P_-lg10	P_poiss	IPvsEMP	Noise
chr1:21110	10	1	10	10	1	1	1	-0.4	0
chr1:21110	10	1	10	10	1	1	1	-0.4	0
chr1:78413	10	1	10	10	1	1	1	-0.4	0
chr1:120679	10	1	10	10	1	1	1	-0.4	0
chr1:120679	10	1	10	10	1	1	1	-0.4	0
chr1:178944	10	1	10	10	1	1	1	-0.4	0
chr1:183598	10	1	10	10	1	1	1	-0.4	0
chr1:199450	10	1	10	10	1	1	1	-0.4	0
chr1:199450	10	1	10	10	1	1	1	-0.4	0
chr1:270947	10	1	10	10	1	1	1	-0.4	0
chr1:426645	10	1	10	10	1	1	1	-0.4	0
chr1:437024	10	1	10	10	1	1	1	-0.4	0
chr1:473451	10	1	10	10	1	1	1	-0.4	0
chr1:485724	10	1	10	10	1	1	1	-0.4	0
chr1:485724	10	1	10	10	1	1	1	-0.4	0
chr1:786416	10	1	10	10	1	1	1	-0.4	0
chr1:868269	10	1	10	10	1	1	1	-0.4	0
chr1:979022	10	1	10	10	1	1	1	-0.4	0
chr1:1028407	10	1	10	10	1	1	1	-0.4	0
chr1:1096744	10	1	10	10	1	1	1	-0.4	0
chr1:1426623	10	1	10	10	1	1	1	-0.4	0
chr1:1879415	10	1	10	10	1	1	1	-0.4	0
chr1:1882741	10	1	10	10	1	1	1	-0.4	0
chr1:2103380	10	1	10	10	1	1	1	-0.4	0
chr1:2188430	10	1	10	10	1	1	1	-0.4	0
chr1:2197268	10	1	10	10	1	1	1	-0.4	0
chr1:2224437	10	1	10	10	1	1	1	-0.4	0
chr1:2348914	10	1	10	10	1	1	1	-0.4	0
chr1:2348914	10	1	10	10	1	1	1	-0.4	0
chr1:2368716	10	1	10	10	1	1	1	-0.4	0
chr1:2949422	10	1	10	10	1	1	1	-0.4	0
chr1:3240287	10	1	10	10	1	1	1	-0.4	0
chr1:3248021	10	1	10	10	1	1	1	-0.4	0
chr1:3252305	10	1	10	10	1	1	1	-0.4	0
chr1:3272653	10	1	10	10	1	1	1	-0.4	0
chr1:3553882	10	1	10	10	1	1	1	-0.4	0
chr1:3681780	10	1	10	10	1	1	1	-0.4	0
chr1:3909864	10	1	10	10	1	1	1	-0.4	0
chr1:4102714	10	1	10	10	1	1	1	-0.4	0
chr1:4243324	10	1	10	10	1	1	1	-0.4	0
chr1:4265196	10	1	10	10	1	1	1	-0.4	0
chr1:4268877	10	1	10	10	1	1	1	-0.4	0
chr1:4524041	10	1	10	10	1	1	1	-0.4	0
chr1:4527453	10	1	10	10	1	1	1	-0.4	0
chr1:4585093	10	1	10	10	1	1	1	-0.4	0
chr1:4647785	10	1	10	10	1	1	1	-0.4	0
chr1:4647785	10	1	10	10	1	1	1	-0.4	0
chr1:4893622	10	1	10	10	1	1	1	-0.4	0
chr1:4964586	10	1	10	10	1	1	1	-0.4	0
chr1:4964586	10	1	10	10	1	1	1	-0.4	0
chr1:4998002	10	1	10	10	1	1	1	-0.4	0
chr1:5070771	10	1	10	10	1	1	1	-0.4	0
chr1:5126433	10	1	10	10	1	1	1	-0.4	0
chr1:5126433	10	1	10	10	1	1	1	-0.4	0
chr1:5128863	10	1	10	10	1	1	1	-0.4	0
chr1:5130570	10	1	10	10	1	1	1	-0.4	0
chr1:5130570	10	1	10	10	1	1	1	-0.4	0
chr1:5145711	10	1	10	10	1	1	1	-0.4	0
chr1:5151524	10	1	10	10	1	1	1	-0.4	0
chr1:5177433	10	1	10	10	1	1	1	-0.4	0
chr1:5202634	10	1	10	10	1	1	1	-0.4	0
chr1:5202634	10	1	10	10	1	1	1	-0.4	0
chr1:5303370	10	1	10	10	1	1	1	-0.4	0
chr1:5391287	10	1	10	10	1	1	1	-0.4	0
chr1:5532047	10	1	10	10	1	1	1	-0.4	0
chr1:6267600	10	1	10	10	1	1	1	-0.4	0
chr1:6311379	10	1	10	10	1	1	1	-0.4	0
chr1:6389967	10	1	10	10	1	1	1	-0.4	0
chr1:6508156	10	1	10	10	1	1	1	-0.4	0
chr1:6677785	10	1	10	10	1	1	1	-0.4	0
chr1:6677785	10	1	10	10	1	1	1	-0.4	0
chr1:6754406	10	1	10	10	1	1	1	-0.4	0
chr1:6799879	10	1	10	10	1	1	1	-0.4	0
chr1:6832296	10	1	10	10	1	1	1	-0.4	0
chr1:7153985	10	1	10	10	1	1	1	-0.4	0
chr1:7324442	10	1	10	10	1	1	1	-0.4	0
chr1:7339667	10	1	10	10	1	1	1	-0.4	0
chr1:7396956	10	1	10	10	1	1	1	-0.4	0
chr1:7697598	10	1	10	10	1	1	1	-0.4	0
chr1:7836276	10	1	10	10	1	1	1	-0.4	0
chr1:7872880	10	1	10	10	1	1	1	-0.4	0
chr1:7896313	10	1	10	10	1	1	1	-0.4	0
chr1:8164862	10	1	10	10	1	1	1	-0.4	0
chr1:8385015	10	1	10	10	1	1	1	-0.4	0
chr1:8440966	10	1	10	10	1	1	1	-0.4	0
chr1:8911447	10	1	10	10	1	1	1	-0.4	0
chr1:8938264	10	1	10	10	1	1	1	-0.4	0
chr1:8982274	10	1	10	10	1	1	1	-0.4	0
chr1:8991303	10	1	10	10	1	1	1	-0.4	0
chr1:9649357	10	1	10	10	1	1	1	-0.4	0
chr1:9649951	10	1	10	10	1	1	1	-0.4	0
chr1:9748210	10	1	10	10	1	1	1	-0.4	0
chr1:9748210	10	1	10	10	1	1	1	-0.4	0
chr1:9886224	10	1	10	10	1	1	1	-0.4	0
chr1:10166579	10	1	10	10	1	1	1	-0.4	0
chr1:10174142	10	1	10	10	1	1	1	-0.4	0
chr1:10185633	10	1	10	10	1	1	1	-0.4	0
chr1:10420162	10	1	10	10	1	1	1	-0.4	0
chr1:10478819	10	1	10	10	1	1	1	-0.4	0
chr1:10491849	10	1	10	10	1	1	1	-0.4	0
chr1:10677094	10	1	10	10	1	1	1	-0.4	0
chr1:10677094	10	1	10	10	1	1	1	-0.4	0
chr1:10840865	10	1	10	10	1	1	1	-0.4	0
chr1:10886582	10	1	10	10	1	1	1	-0.4	0
chr1:11226429	10	1	10	10	1	1	1	-0.4	0
chr1:11423863	10	1	10	10	1	1	1	-0.4	0
chr1:11423863	10	1	10	10	1	1	1	-0.4	0
chr1:11874607	10	1	10	10	1	1	1	-0.4	0
chr1:11874607	10	1	10	10	1	1	1	-0.4	0
chr1:11930106	10	1	10	10	1	1	1	-0.4	0
chr1:11930106	10	1	10	10	1	1	1	-0.4	0
chr1:12051266	10	1	10	10	1	1	1	-0.4	0
chr1:12051266	10	1	10	10	1	1	1	-0.4	0
chr1:12542382	10	1	10	10	1	1	1	-0.4	0
chr1:12867002	10	1	10	10	1	1	1	-0.4	0
chr1:15083689	10	1	10	10	1	1	1	-0.4	0
chr1:15083689	10	1	10	10	1	1	1	-0.4	0
chr1:15084442	10	1	10	10	1	1	1	-0.4	0
chr1:15084442	10	1	10	10	1	1	1	-0.4	0
chr1:15084857	10	1	10	10	1	1	1	-0.4	0
chr1:15085678	10	1	10	10	1	1	1	-0.4	0
chr1:15085678	10	1	10	10	1	1	1	-0.4	0
chr1:17295397	10	1	10	10	1	1	1	-0.4	0
chr1:17451642	10	1	10	10	1	1	1	-0.4	0
chr1:17623392	10	1	10	10	1	1	1	-0.4	0
chr1:17817352	10	1	10	10	1	1	1	-0.4	0
chr1:17825523	10	1	10	10	1	1	1	-0.4	0
chr1:18507942	10	1	10	10	1	1	1	-0.4	0
chr1:18680999	10	1	10	10	1	1	1	-0.4	0
chr1:19314172	10	1	10	10	1	1	1	-0.4	0
chr1:19390765	10	1	10	10	1	1	1	-0.4	0
chr1:19390765	10	1	10	10	1	1	1	-0.4	0
chr1:19915264	10	1	10	10	1	1	1	-0.4	0
chr1:19915264	10	1	10	10	1	1	1	-0.4	0
chr1:20036722	10	1	10	10	1	1	1	-0.4	0
chr1:20060101	10	1	10	10	1	1	1	-0.4	0
chr1:20234306	10	1	10	10	1	1	1	-0.4	0
chr1:20234306	10	1	10	10	1	1	1	-0.4	0
chr1:20431802	10	1	10	10	1	1	1	-0.4	0
chr1:20431802	10	1	10	10	1	1	1	-0.4	0
chr1:20604064	10	1	10	10	1	1	1	-0.4	0
chr1:20604064	10	1	10	10	1	1	1	-0.4	0
chr1:20707076	10	1	10	10	1	1	1	-0.4	0
chr1:20707076	10	1	10	10	1	1	1	-0.4	0
chr1:21007970	10	1	10	10	1	1	1	-0.4	0
chr1:21007970	10	1	10	10	1	1	1	-0.4	0
chr1:21014431	10	1	10	10	1	1	1	-0.4	0
chr1:21313997	10	1	10	10	1	1	1	-0.4	0
chr1:21700136	10	1	10	10	1	1	1	-0.4	0
chr1:22343724	10	1	10	10	1	1	1	-0.4	0
chr1:22645759	10	1	10	10	1	1	1	-0.4	0
chr1:22649985	10	1	10	10	1	1	1	-0.4	0
chr1:22658391	10	1	10	10	1	1	1	-0.4	0
chr1:22664421	10	1	10	10	1	1	1	-0.4	0
chr1:22664421	10	1	10	10	1	1	1	-0.4	0
chr1:22668479	10	1	10	10	1	1	1	-0.4	0
chr1:22668479	10	1	10	10	1	1	1	-0.4	0
chr1:22761999	10	1	10	10	1	1	1	-0.4	0
chr1:22834646	10	1	10	10	1	1	1	-0.4	0
chr1:22834646	10	1	10	10	1	1	1	-0.4	0
chr1:23022873	10	1	10	10	1	1	1	-0.4	0
chr1:23125840	10	1	10	10	1	1	1	-0.4	0
chr1:23512137	10	1	10	10	1	1	1	-0.4	0
chr1:23946168	10	1	10	10	1	1	1	-0.4	0
chr1:24361372	10	1	10	10	1	1	1	-0.4	0
chr1:24538819	10	1	10	10	1	1	1	-0.4	0
chr1:24798866	10	1	10	10	1	1	1	-0.4	0
chr1:24930271	10	1	10	10	1	1	1	-0.4	0
chr1:25008566	10	1	10	10	1	1	1	-0.4	0
chr1:25008566	10	1	10	10	1	1	1	-0.4	0
chr1:25216797	10	1	10	10	1	1	1	-0.4	0
chr1:25238178	10	1	10	10	1	1	1	-0.4	0
chr1:25274252	10	1	10	10	1	1	1	-0.4	0
chr1:25417666	10	1	10	10	1	1	1	-0.4	0
chr1:25425499	10	1	10	10	1	1	1	-0.4	0
chr1:25508524	10	1	10	10	1	1	1	-0.4	0
chr1:25542042	10	1	10	10	1	1	1	-0.4	0
chr1:25611064	10	1	10	10	1	1	1	-0.4	0
chr1:25732473	10	1	10	10	1	1	1	-0.4	0
chr1:26057252	10	1	10	10	1	1	1	-0.4	0
chr1:26057252	10	1	10	10	1	1	1	-0.4	0
chr1:26221899	10	1	10	10	1	1	1	-0.4	0
chr1:26279318	10	1	10	10	1	1	1	-0.4	0
chr1:26323597	10	1	10	10	1	1	1	-0.4	0
chr1:26482447	10	1	10	10	1	1	1	-0.4	0
chr1:26482447	10	1	10	10	1	1	1	-0.4	0
chr1:26483851	10	1	10	10	1	1	1	-0.4	0
chr1:26587583	10	1	10	10	1	1	1	-0.4	0
chr1:26592484	10	1	10	10	1	1	1	-0.4	0
chr1:26592484	10	1	10	10	1	1	1	-0.4	0
chr1:26653963	10	1	10	10	1	1	1	-0.4	0
chr1:26654611	10	1	10	10	1	1	1	-0.4	0
chr1:26655161	10	1	10	10	1	1	1	-0.4	0
chr1:26655839	10	1	10	10	1	1	1	-0.4	0
chr1:26752509	10	1	10	10	1	1	1	-0.4	0
chr1:26909708	10	1	10	10	1	1	1	-0.4	0
chr1:26909708	10	1	10	10	1	1	1	-0.4	0
chr1:26971287	10	1	10	10	1	1	1	-0.4	0
chr1:27090574	10	1	10	10	1	1	1	-0.4	0
chr1:27171958	10	1	10	10	1	1	1	-0.4	0
chr1:27363086	10	1	10	10	1	1	1	-0.4	0
chr1:27408583	10	1	10	10	1	1	1	-0.4	0
chr1:27691786	10	1	10	10	1	1	1	-0.4	0
chr1:27713678	10	1	10	10	1	1	1	-0.4	0
chr1:27785209	10	1	10	10	1	1	1	-0.4	0
chr1:27785958	10	1	10	10	1	1	1	-0.4	0
chr1:27789030	10	1	10	10	1	1	1	-0.4	0
chr1:28232794	10	1	10	10	1	1	1	-0.4	0
chr1:28285591	10	1	10	10	1	1	1	-0.4	0
chr1:28301921	10	1	10	10	1	1	1	-0.4	0
chr1:28338211	10	1	10	10	1	1	1	-0.4	0
chr1:28367963	10	1	10	10	1	1	1	-0.4	0
chr1:28383167	10	1	10	10	1	1	1	-0.4	0
chr1:28460064	10	1	10	10	1	1	1	-0.4	0
chr1:28460442	10	1	10	10	1	1	1	-0.4	0
chr1:28546453	10	1	10	10	1	1	1	-0.4	0
chr1:28587637	10	1	10	10	1	1	1	-0.4	0
chr1:28590121	10	1	10	10	1	1	1	-0.4	0
chr1:28860314	10	1	10	10	1	1	1	-0.4	0
chr1:28876145	10	1	10	10	1	1	1	-0.4	0
chr1:29345736	10	1	10	10	1	1	1	-0.4	0
chr1:29347660	10	1	10	10	1	1	1	-0.4	0
chr1:29360994	10	1	10	10	1	1	1	-0.4	0
chr1:29361701	10	1	10	10	1	1	1	-0.4	0
chr1:29363101	10	1	10	10	1	1	1	-0.4	0
chr1:29363101	10	1	10	10	1	1	1	-0.4	0
chr1:29365247	10	1	10	10	1	1	1	-0.4	0
chr1:29388727	10	1	10	10	1	1	1	-0.4	0
chr1:29645641	10	1	10	10	1	1	1	-0.4	0
chr1:29660018	10	1	10	10	1	1	1	-0.4	0
chr1:29660018	10	1	10	10	1	1	1	-0.4	0
chr1:29730425	10	1	10	10	1	1	1	-0.4	0
chr1:29730425	10	1	10	10	1	1	1	-0.4	0
chr1:29736749	10	1	10	10	1	1	1	-0.4	0
chr1:30000122	10	1	10	10	1	1	1	-0.4	0
chr1:30156677	10	1	10	10	1	1	1	-0.4	0
chr1:30290294	10	1	10	10	1	1	1	-0.4	0
chr1:30389415	10	1	10	10	1	1	1	-0.4	0
chr2:1374	10	1	10	10	1	1	1	-0.4	0
chr2:1374	10	1	10	10	1	1	1	-0.4	0
chr2:2648	10	1	10	10	1	1	1	-0.4	0
chr2:2648	10	1	10	10	1	1	1	-0.4	0
chr2:3434	10	1	10	10	1	1	1	-0.4	0
chr2:3434	10	1	10	10	1	1	1	-0.4	0
chr2:5766	10	1	10	10	1	1	1	-0.4	0
chr2:10058	10	1	10	10	1	1	1	-0.4	0
chr2:10058	10	1	10	10	1	1	1	-0.4	0
chr2:97809	10	1	10	10	1	1	1	-0.4	0
chr2:203216	10	1	10	10	1	1	1	-0.4	0
chr2:261933	10	1	10	10	1	1	1	-0.4	0
chr2:298044	10	1	10	10	1	1	1	-0.4	0
chr2:799486	10	1	10	10	1	1	1	-0.4	0
chr2:3259657	10	1	10	10	1	1	1	-0.4	0
chr2:3260394	10	1	10	10	1	1	1	-0.4	0
chr2:3263456	10	1	10	10	1	1	1	-0.4	0
chr2:3264197	10	1	10	10	1	1	1	-0.4	0
chr2:3264797	10	1	10	10	1	1	1	-0.4	0
chr2:3265390	10	1	10	10	1	1	1	-0.4	0
chr2:3266067	10	1	10	10	1	1	1	-0.4	0
chr2:3267957	10	1	10	10	1	1	1	-0.4	0
chr2:3269358	10	1	10	10	1	1	1	-0.4	0
chr2:3272155	10	1	10	10	1	1	1	-0.4	0
chr2:3272713	10	1	10	10	1	1	1	-0.4	0
chr2:3275861	10	1	10	10	1	1	1	-0.4	0
chr2:3278817	10	1	10	10	1	1	1	-0.4	0
chr2:3279563	10	1	10	10	1	1	1	-0.4	0
chr2:3280584	10	1	10	10	1	1	1	-0.4	0
chr2:3281736	10	1	10	10	1	1	1	-0.4	0
chr2:3283597	10	1	10	10	1	1	1	-0.4	0
chr2:3291997	10	1	10	10	1	1	1	-0.4	0
chr2:3293404	10	1	10	10	1	1	1	-0.4	0
chr2:3294597	10	1	10	10	1	1	1	-0.4	0
chr2:3295504	10	1	10	10	1	1	1	-0.4	0
chr2:3296169	10	1	10	10	1	1	1	-0.4	0
chr2:3297119	10	1	10	10	1	1	1	-0.4	0
chr2:3299424	10	1	10	10	1	1	1	-0.4	0
chr2:3303865	10	1	10	10	1	1	1	-0.4	0
chr2:3306652	10	1	10	10	1	1	1	-0.4	0
chr2:3312682	10	1	10	10	1	1	1	-0.4	0
chr2:3313419	10	1	10	10	1	1	1	-0.4	0
chr2:3320029	10	1	10	10	1	1	1	-0.4	0
chr2:3322002	10	1	10	10	1	1	1	-0.4	0
chr2:3324615	10	1	10	10	1	1	1	-0.4	0
chr2:3325138	10	1	10	10	1	1	1	-0.4	0
chr2:3327304	10	1	10	10	1	1	1	-0.4	0
chr2:3329619	10	1	10	10	1	1	1	-0.4	0
chr2:3330998	10	1	10	10	1	1	1	-0.4	0
chr2:3331374	10	1	10	10	1	1	1	-0.4	0
chr2:3332337	10	1	10	10	1	1	1	-0.4	0
chr2:3333253	10	1	10	10	1	1	1	-0.4	0
chr2:3333631	10	1	10	10	1	1	1	-0.4	0
chr2:3334332	10	1	10	10	1	1	1	-0.4	0
chr2:3335201	10	1	10	10	1	1	1	-0.4	0
chr2:3337177	10	1	10	10	1	1	1	-0.4	0
chr2:3338097	10	1	10	10	1	1	1	-0.4	0
chr2:3342244	10	1	10	10	1	1	1	-0.4	0
chr2:3342794	10	1	10	10	1	1	1	-0.4	0
chr2:3344648	10	1	10	10	1	1	1	-0.4	0
chr2:3345712	10	1	10	10	1	1	1	-0.4	0
chr2:3346700	10	1	10	10	1	1	1	-0.4	0
chr2:3349079	10	1	10	10	1	1	1	-0.4	0
chr2:3354602	10	1	10	10	1	1	1	-0.4	0
chr2:3356847	10	1	10	10	1	1	1	-0.4	0
chr2:3357597	10	1	10	10	1	1	1	-0.4	0
chr2:3358656	10	1	10	10	1	1	1	-0.4	0
chr2:3359110	10	1	10	10	1	1	1	-0.4	0
chr2:3360403	10	1	10	10	1	1	1	-0.4	0
chr2:3360991	10	1	10	10	1	1	1	-0.4	0
chr2:3363017	10	1	10	10	1	1	1	-0.4	0
chr2:3364780	10	1	10	10	1	1	1	-0.4	0
chr2:3365538	10	1	10	10	1	1	1	-0.4	0
chr2:3366572	10	1	10	10	1	1	1	-0.4	0
chr2:3367383	10	1	10	10	1	1	1	-0.4	0
chr2:3375209	10	1	10	10	1	1	1	-0.4	0
chr2:3377014	10	1	10	10	1	1	1	-0.4	0
chr2:3378301	10	1	10	10	1	1	1	-0.4	0
chr2:3378658	10	1	10	10	1	1	1	-0.4	0
chr2:3381922	10	1	10	10	1	1	1	-0.4	0
chr2:3389486	10	1	10	10	1	1	1	-0.4	0
chr2:3393421	10	1	10	10	1	1	1	-0.4	0
chr2:3394016	10	1	10	10	1	1	1	-0.4	0
chr2:3395154	10	1	10	10	1	1	1	-0.4	0
chr2:3396369	10	1	10	10	1	1	1	-0.4	0
chr2:3397086	10	1	10	10	1	1	1	-0.4	0
chr2:3398857	10	1	10	10	1	1	1	-0.4	0
chr2:3399439	10	1	10	10	1	1	1	-0.4	0
chr2:3400223	10	1	10	10	1	1	1	-0.4	0
chr2:3404943	10	1	10	10	1	1	1	-0.4	0
chr2:3405546	10	1	10	10	1	1	1	-0.4	0
chr2:3406459	10	1	10	10	1	1	1	-0.4	0
chr2:3407740	10	1	10	10	1	1	1	-0.4	0
chr2:3408882	10	1	10	10	1	1	1	-0.4	0
chr2:3411105	10	1	10	10	1	1	1	-0.4	0
chr2:3412803	10	1	10	10	1	1	1	-0.4	0
chr2:3418758	10	1	10	10	1	1	1	-0.4	0
chr2:3429060	10	1	10	10	1	1	1	-0.4	0
chr2:3431563	10	1	10	10	1	1	1	-0.4	0
chr2:3434004	10	1	10	10	1	1	1	-0.4	0
chr2:3434367	10	1	10	10	1	1	1	-0.4	0
chr2:3438512	10	1	10	10	1	1	1	-0.4	0
chr2:3438512	10	1	10	10	1	1	1	-0.4	0
chr2:3440390	10	1	10	10	1	1	1	-0.4	0
chr2:3442770	10	1	10	10	1	1	1	-0.4	0
chr2:3447454	10	1	10	10	1	1	1	-0.4	0
chr2:3459262	10	1	10	10	1	1	1	-0.4	0
chr2:3460351	10	1	10	10	1	1	1	-0.4	0
chr2:3461082	10	1	10	10	1	1	1	-0.4	0
chr2:3463843	10	1	10	10	1	1	1	-0.4	0
chr2:3464492	10	1	10	10	1	1	1	-0.4	0
chr2:3467005	10	1	10	10	1	1	1	-0.4	0
chr2:3468447	10	1	10	10	1	1	1	-0.4	0
chr2:3469366	10	1	10	10	1	1	1	-0.4	0
chr2:3471593	10	1	10	10	1	1	1	-0.4	0
chr2:3474893	10	1	10	10	1	1	1	-0.4	0
chr2:3475892	10	1	10	10	1	1	1	-0.4	0
chr2:3476296	10	1	10	10	1	1	1	-0.4	0
chr2:3478239	10	1	10	10	1	1	1	-0.4	0
chr2:3482453	10	1	10	10	1	1	1	-0.4	0
chr2:3483966	10	1	10	10	1	1	1	-0.4	0
chr2:3484697	10	1	10	10	1	1	1	-0.4	0
chr2:3485146	10	1	10	10	1	1	1	-0.4	0
chr2:3486084	10	1	10	10	1	1	1	-0.4	0
chr2:3487577	10	1	10	10	1	1	1	-0.4	0
chr2:3488562	10	1	10	10	1	1	1	-0.4	0
chr2:3489131	10	1	10	10	1	1	1	-0.4	0
chr2:3490319	10	1	10	10	1	1	1	-0.4	0
chr2:3491032	10	1	10	10	1	1	1	-0.4	0
chr2:3492506	10	1	10	10	1	1	1	-0.4	0
chr2:3493394	10	1	10	10	1	1	1	-0.4	0
chr2:3495373	10	1	10	10	1	1	1	-0.4	0
chr2:3496136	10	1	10	10	1	1	1	-0.4	0
chr2:3497608	10	1	10	10	1	1	1	-0.4	0
chr2:3499507	10	1	10	10	1	1	1	-0.4	0
chr2:3500854	10	1	10	10	1	1	1	-0.4	0
chr2:3501450	10	1	10	10	1	1	1	-0.4	0
chr2:3501867	10	1	10	10	1	1	1	-0.4	0
chr2:3509703	10	1	10	10	1	1	1	-0.4	0
chr2:3607156	10	1	10	10	1	1	1	-0.4	0
chr2:3615047	10	1	10	10	1	1	1	-0.4	0
chr2:3616061	10	1	10	10	1	1	1	-0.4	0
chr2:3616061	10	1	10	10	1	1	1	-0.4	0
chr2:3618131	10	1	10	10	1	1	1	-0.4	0
chr2:3619026	10	1	10	10	1	1	1	-0.4	0
chr2:3619026	10	1	10	10	1	1	1	-0.4	0
chr2:3619518	10	1	10	10	1	1	1	-0.4	0
chr2:3619518	10	1	10	10	1	1	1	-0.4	0
chr2:3620028	10	1	10	10	1	1	1	-0.4	0
chr2:3620028	10	1	10	10	1	1	1	-0.4	0
chr2:3620945	10	1	10	10	1	1	1	-0.4	0
chr2:3621208	10	1	10	10	1	1	1	-0.4	0
chr2:3621208	10	1	10	10	1	1	1	-0.4	0
chr2:3621694	10	1	10	10	1	1	1	-0.4	0
chr2:3622616	10	1	10	10	1	1	1	-0.4	0
chr2:3622616	10	1	10	10	1	1	1	-0.4	0
chr2:3623498	10	1	10	10	1	1	1	-0.4	0
chr2:3623498	10	1	10	10	1	1	1	-0.4	0
chr2:3624626	10	1	10	10	1	1	1	-0.4	0
chr2:3624626	10	1	10	10	1	1	1	-0.4	0
chr2:3625304	10	1	10	10	1	1	1	-0.4	0
chr2:3625722	10	1	10	10	1	1	1	-0.4	0
chr2:3626220	10	1	10	10	1	1	1	-0.4	0
chr2:3626220	10	1	10	10	1	1	1	-0.4	0
chr2:3626983	10	1	10	10	1	1	1	-0.4	0
chr2:3627313	10	1	10	10	1	1	1	-0.4	0
chr2:3627313	10	1	10	10	1	1	1	-0.4	0
chr2:5691850	10	1	10	10	1	1	1	-0.4	0
chr2:6018458	10	1	10	10	1	1	1	-0.4	0
chr2:7043498	10	1	10	10	1	1	1	-0.4	0
chr2:7190978	10	1	10	10	1	1	1	-0.4	0
chr2:7190978	10	1	10	10	1	1	1	-0.4	0
chr2:7692328	10	1	10	10	1	1	1	-0.4	0
chr2:7692328	10	1	10	10	1	1	1	-0.4	0
chr2:7713160	10	1	10	10	1	1	1	-0.4	0
chr2:7864155	10	1	10	10	1	1	1	-0.4	0
chr2:8269519	10	1	10	10	1	1	1	-0.4	0
chr2:8534742	10	1	10	10	1	1	1	-0.4	0
chr2:8534742	10	1	10	10	1	1	1	-0.4	0
chr2:8658828	10	1	10	10	1	1	1	-0.4	0
chr2:8710403	10	1	10	10	1	1	1	-0.4	0
chr2:8764097	10	1	10	10	1	1	1	-0.4	0
chr2:8933344	10	1	10	10	1	1	1	-0.4	0
chr2:8967475	10	1	10	10	1	1	1	-0.4	0
chr2:8998536	10	1	10	10	1	1	1	-0.4	0
chr2:9002946	10	1	10	10	1	1	1	-0.4	0
chr2:9064460	10	1	10	10	1	1	1	-0.4	0
chr2:9064460	10	1	10	10	1	1	1	-0.4	0
chr2:9248402	10	1	10	10	1	1	1	-0.4	0
chr2:9517085	10	1	10	10	1	1	1	-0.4	0
chr2:9517496	10	1	10	10	1	1	1	-0.4	0
chr2:9517496	10	1	10	10	1	1	1	-0.4	0
chr2:9741670	10	1	10	10	1	1	1	-0.4	0
chr2:9741670	10	1	10	10	1	1	1	-0.4	0
chr2:9920256	10	1	10	10	1	1	1	-0.4	0
chr2:9978135	10	1	10	10	1	1	1	-0.4	0
chr2:10122314	10	1	10	10	1	1	1	-0.4	0
chr2:10243788	10	1	10	10	1	1	1	-0.4	0
chr2:10243788	10	1	10	10	1	1	1	-0.4	0
chr2:10257950	10	1	10	10	1	1	1	-0.4	0
chr2:10257950	10	1	10	10	1	1	1	-0.4	0
chr2:10281708	10	1	10	10	1	1	1	-0.4	0
chr2:10281708	10	1	10	10	1	1	1	-0.4	0
chr2:10367010	10	1	10	10	1	1	1	-0.4	0
chr2:10367010	10	1	10	10	1	1	1	-0.4	0
chr2:10438222	10	1	10	10	1	1	1	-0.4	0
chr2:10561648	10	1	10	10	1	1	1	-0.4	0
chr2:10629126	10	1	10	10	1	1	1	-0.4	0
chr2:10629126	10	1	10	10	1	1	1	-0.4	0
chr2:10847234	10	1	10	10	1	1	1	-0.4	0
chr2:10847234	10	1	10	10	1	1	1	-0.4	0
chr2:10848259	10	1	10	10	1	1	1	-0.4	0
chr2:11380414	10	1	10	10	1	1	1	-0.4	0
chr2:11567092	10	1	10	10	1	1	1	-0.4	0
chr2:11567092	10	1	10	10	1	1	1	-0.4	0
chr2:11644288	10	1	10	10	1	1	1	-0.4	0
chr2:11644288	10	1	10	10	1	1	1	-0.4	0
chr2:12019875	10	1	10	10	1	1	1	-0.4	0
chr2:12118012	10	1	10	10	1	1	1	-0.4	0
chr2:12123651	10	1	10	10	1	1	1	-0.4	0
chr2:12152511	10	1	10	10	1	1	1	-0.4	0
chr2:12632508	10	1	10	10	1	1	1	-0.4	0
chr2:12872074	10	1	10	10	1	1	1	-0.4	0
chr2:12938710	10	1	10	10	1	1	1	-0.4	0
chr2:13247265	10	1	10	10	1	1	1	-0.4	0
chr2:13490346	10	1	10	10	1	1	1	-0.4	0
chr2:13613149	10	1	10	10	1	1	1	-0.4	0
chr2:13631938	10	1	10	10	1	1	1	-0.4	0
chr2:13631938	10	1	10	10	1	1	1	-0.4	0
chr2:13676122	10	1	10	10	1	1	1	-0.4	0
chr2:14021649	10	1	10	10	1	1	1	-0.4	0
chr2:14209432	10	1	10	10	1	1	1	-0.4	0
chr2:14209432	10	1	10	10	1	1	1	-0.4	0
chr2:14253082	10	1	10	10	1	1	1	-0.4	0
chr2:14253082	10	1	10	10	1	1	1	-0.4	0
chr2:14590835	10	1	10	10	1	1	1	-0.4	0
chr2:14654005	10	1	10	10	1	1	1	-0.4	0
chr2:15066149	10	1	10	10	1	1	1	-0.4	0
chr2:15072697	10	1	10	10	1	1	1	-0.4	0
chr2:15081107	10	1	10	10	1	1	1	-0.4	0
chr2:15081107	10	1	10	10	1	1	1	-0.4	0
chr2:15100119	10	1	10	10	1	1	1	-0.4	0
chr2:15276356	10	1	10	10	1	1	1	-0.4	0
chr2:15521774	10	1	10	10	1	1	1	-0.4	0
chr2:15601430	10	1	10	10	1	1	1	-0.4	0
chr2:15601430	10	1	10	10	1	1	1	-0.4	0
chr2:15706048	10	1	10	10	1	1	1	-0.4	0
chr2:15737764	10	1	10	10	1	1	1	-0.4	0
chr2:15790615	10	1	10	10	1	1	1	-0.4	0
chr2:15790615	10	1	10	10	1	1	1	-0.4	0
chr2:15846911	10	1	10	10	1	1	1	-0.4	0
chr2:15846911	10	1	10	10	1	1	1	-0.4	0
chr2:16024831	10	1	10	10	1	1	1	-0.4	0
chr2:16090301	10	1	10	10	1	1	1	-0.4	0
chr2:16108144	10	1	10	10	1	1	1	-0.4	0
chr2:16223757	10	1	10	10	1	1	1	-0.4	0
chr2:16257832	10	1	10	10	1	1	1	-0.4	0
chr2:16257832	10	1	10	10	1	1	1	-0.4	0
chr2:16265337	10	1	10	10	1	1	1	-0.4	0
chr2:16688463	10	1	10	10	1	1	1	-0.4	0
chr2:16689094	10	1	10	10	1	1	1	-0.4	0
chr2:16689675	10	1	10	10	1	1	1	-0.4	0
chr2:16700803	10	1	10	10	1	1	1	-0.4	0
chr2:16701117	10	1	10	10	1	1	1	-0.4	0
chr2:16706140	10	1	10	10	1	1	1	-0.4	0
chr2:16749794	10	1	10	10	1	1	1	-0.4	0
chr2:16749794	10	1	10	10	1	1	1	-0.4	0
chr2:16770425	10	1	10	10	1	1	1	-0.4	0
chr2:16804886	10	1	10	10	1	1	1	-0.4	0
chr2:16850684	10	1	10	10	1	1	1	-0.4	0
chr2:16850684	10	1	10	10	1	1	1	-0.4	0
chr2:17115041	10	1	10	10	1	1	1	-0.4	0
chr2:17137262	10	1	10	10	1	1	1	-0.4	0
chr2:17263630	10	1	10	10	1	1	1	-0.4	0
chr2:17269234	10	1	10	10	1	1	1	-0.4	0
chr2:17473081	10	1	10	10	1	1	1	-0.4	0
chr2:17474456	10	1	10	10	1	1	1	-0.4	0
chr2:17614554	10	1	10	10	1	1	1	-0.4	0
chr2:17614554	10	1	10	10	1	1	1	-0.4	0
chr2:17868118	10	1	10	10	1	1	1	-0.4	0
chr2:17906844	10	1	10	10	1	1	1	-0.4	0
chr2:17906844	10	1	10	10	1	1	1	-0.4	0
chr2:17927203	10	1	10	10	1	1	1	-0.4	0
chr2:17995561	10	1	10	10	1	1	1	-0.4	0
chr2:18007564	10	1	10	10	1	1	1	-0.4	0
chr2:18007564	10	1	10	10	1	1	1	-0.4	0
chr2:18060479	10	1	10	10	1	1	1	-0.4	0
chr2:18060479	10	1	10	10	1	1	1	-0.4	0
chr2:18235812	10	1	10	10	1	1	1	-0.4	0
chr2:18236834	10	1	10	10	1	1	1	-0.4	0
chr2:18237759	10	1	10	10	1	1	1	-0.4	0
chr2:18238099	10	1	10	10	1	1	1	-0.4	0
chr2:18309030	10	1	10	10	1	1	1	-0.4	0
chr2:18345230	10	1	10	10	1	1	1	-0.4	0
chr2:18346930	10	1	10	10	1	1	1	-0.4	0
chr2:18438649	10	1	10	10	1	1	1	-0.4	0
chr2:18483178	10	1	10	10	1	1	1	-0.4	0
chr2:18483178	10	1	10	10	1	1	1	-0.4	0
chr2:18725843	10	1	10	10	1	1	1	-0.4	0
chr2:18822224	10	1	10	10	1	1	1	-0.4	0
chr2:18823014	10	1	10	10	1	1	1	-0.4	0
chr2:18912438	10	1	10	10	1	1	1	-0.4	0
chr2:18950035	10	1	10	10	1	1	1	-0.4	0
chr2:18958978	10	1	10	10	1	1	1	-0.4	0
chr2:18998783	10	1	10	10	1	1	1	-0.4	0
chr2:18998783	10	1	10	10	1	1	1	-0.4	0
chr2:19008088	10	1	10	10	1	1	1	-0.4	0
chr2:19008088	10	1	10	10	1	1	1	-0.4	0
chr2:19020006	10	1	10	10	1	1	1	-0.4	0
chr2:19031775	10	1	10	10	1	1	1	-0.4	0
chr2:19033767	10	1	10	10	1	1	1	-0.4	0
chr2:19140885	10	1	10	10	1	1	1	-0.4	0
chr2:19153801	10	1	10	10	1	1	1	-0.4	0
chr2:19166958	10	1	10	10	1	1	1	-0.4	0
chr2:19166958	10	1	10	10	1	1	1	-0.4	0
chr2:19242276	10	1	10	10	1	1	1	-0.4	0
chr2:19408626	10	1	10	10	1	1	1	-0.4	0
chr2:19491348	10	1	10	10	1	1	1	-0.4	0
chr2:19502340	10	1	10	10	1	1	1	-0.4	0
chr2:19543010	10	1	10	10	1	1	1	-0.4	0
chr2:19622844	10	1	10	10	1	1	1	-0.4	0
chr2:19669011	10	1	10	10	1	1	1	-0.4	0
chr3:105250	10	1	10	10	1	1	1	-0.4	0
chr3:295745	10	1	10	10	1	1	1	-0.4	0
chr3:302609	10	1	10	10	1	1	1	-0.4	0
chr3:376675	10	1	10	10	1	1	1	-0.4	0
chr3:376675	10	1	10	10	1	1	1	-0.4	0
chr3:505445	10	1	10	10	1	1	1	-0.4	0
chr3:508690	10	1	10	10	1	1	1	-0.4	0
chr3:508690	10	1	10	10	1	1	1	-0.4	0
chr3:536356	10	1	10	10	1	1	1	-0.4	0
chr3:538526	10	1	10	10	1	1	1	-0.4	0
chr3:538526	10	1	10	10	1	1	1	-0.4	0
chr3:546281	10	1	10	10	1	1	1	-0.4	0
chr3:605793	10	1	10	10	1	1	1	-0.4	0
chr3:634348	10	1	10	10	1	1	1	-0.4	0
chr3:637378	10	1	10	10	1	1	1	-0.4	0
chr3:731884	10	1	10	10	1	1	1	-0.4	0
chr3:999107	10	1	10	10	1	1	1	-0.4	0
chr3:1175230	10	1	10	10	1	1	1	-0.4	0
chr3:1175230	10	1	10	10	1	1	1	-0.4	0
chr3:1290792	10	1	10	10	1	1	1	-0.4	0
chr3:1290792	10	1	10	10	1	1	1	-0.4	0
chr3:1347614	10	1	10	10	1	1	1	-0.4	0
chr3:1478498	10	1	10	10	1	1	1	-0.4	0
chr3:1478498	10	1	10	10	1	1	1	-0.4	0
chr3:1657313	10	1	10	10	1	1	1	-0.4	0
chr3:1684631	10	1	10	10	1	1	1	-0.4	0
chr3:1735940	10	1	10	10	1	1	1	-0.4	0
chr3:1735940	10	1	10	10	1	1	1	-0.4	0
chr3:2011532	10	1	10	10	1	1	1	-0.4	0
chr3:2441278	10	1	10	10	1	1	1	-0.4	0
chr3:2595499	10	1	10	10	1	1	1	-0.4	0
chr3:2647104	10	1	10	10	1	1	1	-0.4	0
chr3:2647104	10	1	10	10	1	1	1	-0.4	0
chr3:2654250	10	1	10	10	1	1	1	-0.4	0
chr3:2654250	10	1	10	10	1	1	1	-0.4	0
chr3:2660899	10	1	10	10	1	1	1	-0.4	0
chr3:2661889	10	1	10	10	1	1	1	-0.4	0
chr3:2696495	10	1	10	10	1	1	1	-0.4	0
chr3:2831364	10	1	10	10	1	1	1	-0.4	0
chr3:2831364	10	1	10	10	1	1	1	-0.4	0
chr3:2849504	10	1	10	10	1	1	1	-0.4	0
chr3:3331069	10	1	10	10	1	1	1	-0.4	0
chr3:3337330	10	1	10	10	1	1	1	-0.4	0
chr3:3417940	10	1	10	10	1	1	1	-0.4	0
chr3:3443038	10	1	10	10	1	1	1	-0.4	0
chr3:3443957	10	1	10	10	1	1	1	-0.4	0
chr3:3586051	10	1	10	10	1	1	1	-0.4	0
chr3:3650009	10	1	10	10	1	1	1	-0.4	0
chr3:3650009	10	1	10	10	1	1	1	-0.4	0
chr3:3664026	10	1	10	10	1	1	1	-0.4	0
chr3:3730959	10	1	10	10	1	1	1	-0.4	0
chr3:3738345	10	1	10	10	1	1	1	-0.4	0
chr3:3738345	10	1	10	10	1	1	1	-0.4	0
chr3:3758423	10	1	10	10	1	1	1	-0.4	0
chr3:3860048	10	1	10	10	1	1	1	-0.4	0
chr3:3860048	10	1	10	10	1	1	1	-0.4	0
chr3:3862114	10	1	10	10	1	1	1	-0.4	0
chr3:3957663	10	1	10	10	1	1	1	-0.4	0
chr3:4033889	10	1	10	10	1	1	1	-0.4	0
chr3:4095254	10	1	10	10	1	1	1	-0.4	0
chr3:4195539	10	1	10	10	1	1	1	-0.4	0
chr3:4407838	10	1	10	10	1	1	1	-0.4	0
chr3:4641848	10	1	10	10	1	1	1	-0.4	0
chr3:4641848	10	1	10	10	1	1	1	-0.4	0
chr3:4655769	10	1	10	10	1	1	1	-0.4	0
chr3:4667076	10	1	10	10	1	1	1	-0.4	0
chr3:4671789	10	1	10	10	1	1	1	-0.4	0
chr3:4736174	10	1	10	10	1	1	1	-0.4	0
chr3:4736174	10	1	10	10	1	1	1	-0.4	0
chr3:4831302	10	1	10	10	1	1	1	-0.4	0
chr3:4932972	10	1	10	10	1	1	1	-0.4	0
chr3:4985833	10	1	10	10	1	1	1	-0.4	0
chr3:5003636	10	1	10	10	1	1	1	-0.4	0
chr3:5005886	10	1	10	10	1	1	1	-0.4	0
chr3:5047216	10	1	10	10	1	1	1	-0.4	0
chr3:5069223	10	1	10	10	1	1	1	-0.4	0
chr3:5120045	10	1	10	10	1	1	1	-0.4	0
chr3:5121401	10	1	10	10	1	1	1	-0.4	0
chr3:5122751	10	1	10	10	1	1	1	-0.4	0
chr3:5122751	10	1	10	10	1	1	1	-0.4	0
chr3:5123247	10	1	10	10	1	1	1	-0.4	0
chr3:5124768	10	1	10	10	1	1	1	-0.4	0
chr3:5149384	10	1	10	10	1	1	1	-0.4	0
chr3:5183024	10	1	10	10	1	1	1	-0.4	0
chr3:5297966	10	1	10	10	1	1	1	-0.4	0
chr3:5329909	10	1	10	10	1	1	1	-0.4	0
chr3:5358756	10	1	10	10	1	1	1	-0.4	0
chr3:5358952	10	1	10	10	1	1	1	-0.4	0
chr3:5561266	10	1	10	10	1	1	1	-0.4	0
chr3:5617353	10	1	10	10	1	1	1	-0.4	0
chr3:5693872	10	1	10	10	1	1	1	-0.4	0
chr3:5731002	10	1	10	10	1	1	1	-0.4	0
chr3:5764867	10	1	10	10	1	1	1	-0.4	0
chr3:5764867	10	1	10	10	1	1	1	-0.4	0
chr3:5797094	10	1	10	10	1	1	1	-0.4	0
chr3:5827337	10	1	10	10	1	1	1	-0.4	0
chr3:6220390	10	1	10	10	1	1	1	-0.4	0
chr3:6430509	10	1	10	10	1	1	1	-0.4	0
chr3:6493480	10	1	10	10	1	1	1	-0.4	0
chr3:6525259	10	1	10	10	1	1	1	-0.4	0
chr3:6617914	10	1	10	10	1	1	1	-0.4	0
chr3:6759459	10	1	10	10	1	1	1	-0.4	0
chr3:6780469	10	1	10	10	1	1	1	-0.4	0
chr3:6801877	10	1	10	10	1	1	1	-0.4	0
chr3:7013917	10	1	10	10	1	1	1	-0.4	0
chr3:7082622	10	1	10	10	1	1	1	-0.4	0
chr3:7082622	10	1	10	10	1	1	1	-0.4	0
chr3:7104418	10	1	10	10	1	1	1	-0.4	0
chr3:7116071	10	1	10	10	1	1	1	-0.4	0
chr3:7576900	10	1	10	10	1	1	1	-0.4	0
chr3:7644192	10	1	10	10	1	1	1	-0.4	0
chr3:7644192	10	1	10	10	1	1	1	-0.4	0
chr3:7675894	10	1	10	10	1	1	1	-0.4	0
chr3:8181940	10	1	10	10	1	1	1	-0.4	0
chr3:8254692	10	1	10	10	1	1	1	-0.4	0
chr3:8595341	10	1	10	10	1	1	1	-0.4	0
chr3:8685475	10	1	10	10	1	1	1	-0.4	0
chr3:8686269	10	1	10	10	1	1	1	-0.4	0
chr3:8709868	10	1	10	10	1	1	1	-0.4	0
chr3:8734690	10	1	10	10	1	1	1	-0.4	0
chr3:8994035	10	1	10	10	1	1	1	-0.4	0
chr3:9307788	10	1	10	10	1	1	1	-0.4	0
chr3:9359577	10	1	10	10	1	1	1	-0.4	0
chr3:9383020	10	1	10	10	1	1	1	-0.4	0
chr3:9464489	10	1	10	10	1	1	1	-0.4	0
chr3:9676549	10	1	10	10	1	1	1	-0.4	0
chr3:9710094	10	1	10	10	1	1	1	-0.4	0
chr3:9768812	10	1	10	10	1	1	1	-0.4	0
chr3:9801189	10	1	10	10	1	1	1	-0.4	0
chr3:9809938	10	1	10	10	1	1	1	-0.4	0
chr3:9870469	10	1	10	10	1	1	1	-0.4	0
chr3:9918602	10	1	10	10	1	1	1	-0.4	0
chr3:10120690	10	1	10	10	1	1	1	-0.4	0
chr3:10132921	10	1	10	10	1	1	1	-0.4	0
chr3:10188160	10	1	10	10	1	1	1	-0.4	0
chr3:10192261	10	1	10	10	1	1	1	-0.4	0
chr3:10400061	10	1	10	10	1	1	1	-0.4	0
chr3:10458917	10	1	10	10	1	1	1	-0.4	0
chr3:10458917	10	1	10	10	1	1	1	-0.4	0
chr3:10592432	10	1	10	10	1	1	1	-0.4	0
chr3:10949601	10	1	10	10	1	1	1	-0.4	0
chr3:10969399	10	1	10	10	1	1	1	-0.4	0
chr3:11979602	10	1	10	10	1	1	1	-0.4	0
chr3:12454008	10	1	10	10	1	1	1	-0.4	0
chr3:12454008	10	1	10	10	1	1	1	-0.4	0
chr3:13587690	10	1	10	10	1	1	1	-0.4	0
chr3:13587690	10	1	10	10	1	1	1	-0.4	0
chr3:13589322	10	1	10	10	1	1	1	-0.4	0
chr3:13589322	10	1	10	10	1	1	1	-0.4	0
chr3:13590639	10	1	10	10	1	1	1	-0.4	0
chr3:13590639	10	1	10	10	1	1	1	-0.4	0
chr3:13591408	10	1	10	10	1	1	1	-0.4	0
chr3:13591408	10	1	10	10	1	1	1	-0.4	0
chr3:13591708	10	1	10	10	1	1	1	-0.4	0
chr3:13591708	10	1	10	10	1	1	1	-0.4	0
chr3:13705977	10	1	10	10	1	1	1	-0.4	0
chr3:13709814	10	1	10	10	1	1	1	-0.4	0
chr3:13853929	10	1	10	10	1	1	1	-0.4	0
chr3:14194357	10	1	10	10	1	1	1	-0.4	0
chr3:14194357	10	1	10	10	1	1	1	-0.4	0
chr3:14195886	10	1	10	10	1	1	1	-0.4	0
chr3:14195886	10	1	10	10	1	1	1	-0.4	0
chr3:14196052	10	1	10	10	1	1	1	-0.4	0
chr3:14196052	10	1	10	10	1	1	1	-0.4	0
chr3:14196922	10	1	10	10	1	1	1	-0.4	0
chr3:14196922	10	1	10	10	1	1	1	-0.4	0
chr3:14197398	10	1	10	10	1	1	1	-0.4	0
chr3:14197398	10	1	10	10	1	1	1	-0.4	0
chr3:14198164	10	1	10	10	1	1	1	-0.4	0
chr3:14199654	10	1	10	10	1	1	1	-0.4	0
chr3:14199654	10	1	10	10	1	1	1	-0.4	0
chr3:14200078	10	1	10	10	1	1	1	-0.4	0
chr3:14200078	10	1	10	10	1	1	1	-0.4	0
chr3:14201702	10	1	10	10	1	1	1	-0.4	0
chr3:14201702	10	1	10	10	1	1	1	-0.4	0
chr3:14202127	10	1	10	10	1	1	1	-0.4	0
chr3:14202127	10	1	10	10	1	1	1	-0.4	0
chr3:14202812	10	1	10	10	1	1	1	-0.4	0
chr3:15215888	10	1	10	10	1	1	1	-0.4	0
chr3:15953317	10	1	10	10	1	1	1	-0.4	0
chr3:16568836	10	1	10	10	1	1	1	-0.4	0
chr3:17008496	10	1	10	10	1	1	1	-0.4	0
chr3:17255387	10	1	10	10	1	1	1	-0.4	0
chr3:17475268	10	1	10	10	1	1	1	-0.4	0
chr3:17493568	10	1	10	10	1	1	1	-0.4	0
chr3:17509316	10	1	10	10	1	1	1	-0.4	0
chr3:17567132	10	1	10	10	1	1	1	-0.4	0
chr3:17567132	10	1	10	10	1	1	1	-0.4	0
chr3:17704658	10	1	10	10	1	1	1	-0.4	0
chr3:17704658	10	1	10	10	1	1	1	-0.4	0
chr3:17739559	10	1	10	10	1	1	1	-0.4	0
chr3:17739950	10	1	10	10	1	1	1	-0.4	0
chr3:18301787	10	1	10	10	1	1	1	-0.4	0
chr3:18365398	10	1	10	10	1	1	1	-0.4	0
chr3:18393170	10	1	10	10	1	1	1	-0.4	0
chr3:18393170	10	1	10	10	1	1	1	-0.4	0
chr3:18469701	10	1	10	10	1	1	1	-0.4	0
chr3:18494321	10	1	10	10	1	1	1	-0.4	0
chr3:18516850	10	1	10	10	1	1	1	-0.4	0
chr3:18516850	10	1	10	10	1	1	1	-0.4	0
chr3:18593644	10	1	10	10	1	1	1	-0.4	0
chr3:18634927	10	1	10	10	1	1	1	-0.4	0
chr3:18635186	10	1	10	10	1	1	1	-0.4	0
chr3:18651388	10	1	10	10	1	1	1	-0.4	0
chr3:18822064	10	1	10	10	1	1	1	-0.4	0
chr3:18822064	10	1	10	10	1	1	1	-0.4	0
chr3:18877758	10	1	10	10	1	1	1	-0.4	0
chr3:18895573	10	1	10	10	1	1	1	-0.4	0
chr3:19547946	10	1	10	10	1	1	1	-0.4	0
chr3:19547946	10	1	10	10	1	1	1	-0.4	0
chr3:19569717	10	1	10	10	1	1	1	-0.4	0
chr3:19806422	10	1	10	10	1	1	1	-0.4	0
chr3:19808366	10	1	10	10	1	1	1	-0.4	0
chr3:19808366	10	1	10	10	1	1	1	-0.4	0
chr3:19824204	10	1	10	10	1	1	1	-0.4	0
chr3:19824754	10	1	10	10	1	1	1	-0.4	0
chr3:19965694	10	1	10	10	1	1	1	-0.4	0
chr3:20016558	10	1	10	10	1	1	1	-0.4	0
chr3:20016558	10	1	10	10	1	1	1	-0.4	0
chr3:20180306	10	1	10	10	1	1	1	-0.4	0
chr3:20180306	10	1	10	10	1	1	1	-0.4	0
chr3:20296184	10	1	10	10	1	1	1	-0.4	0
chr3:20339695	10	1	10	10	1	1	1	-0.4	0
chr3:20493499	10	1	10	10	1	1	1	-0.4	0
chr3:20553454	10	1	10	10	1	1	1	-0.4	0
chr3:20607262	10	1	10	10	1	1	1	-0.4	0
chr3:20630134	10	1	10	10	1	1	1	-0.4	0
chr3:20757916	10	1	10	10	1	1	1	-0.4	0
chr3:20776723	10	1	10	10	1	1	1	-0.4	0
chr3:20910540	10	1	10	10	1	1	1	-0.4	0
chr3:21059877	10	1	10	10	1	1	1	-0.4	0
chr3:21216588	10	1	10	10	1	1	1	-0.4	0
chr3:21229832	10	1	10	10	1	1	1	-0.4	0
chr3:21236515	10	1	10	10	1	1	1	-0.4	0
chr3:21261368	10	1	10	10	1	1	1	-0.4	0
chr3:21261368	10	1	10	10	1	1	1	-0.4	0
chr3:21344019	10	1	10	10	1	1	1	-0.4	0
chr3:21430546	10	1	10	10	1	1	1	-0.4	0
chr3:21671524	10	1	10	10	1	1	1	-0.4	0
chr3:21678496	10	1	10	10	1	1	1	-0.4	0
chr3:21678496	10	1	10	10	1	1	1	-0.4	0
chr3:21910725	10	1	10	10	1	1	1	-0.4	0
chr3:22130141	10	1	10	10	1	1	1	-0.4	0
chr3:22217387	10	1	10	10	1	1	1	-0.4	0
chr3:22348558	10	1	10	10	1	1	1	-0.4	0
chr3:22348558	10	1	10	10	1	1	1	-0.4	0
chr3:22378736	10	1	10	10	1	1	1	-0.4	0
chr3:22649992	10	1	10	10	1	1	1	-0.4	0
chr3:22649992	10	1	10	10	1	1	1	-0.4	0
chr3:22676940	10	1	10	10	1	1	1	-0.4	0
chr3:22726572	10	1	10	10	1	1	1	-0.4	0
chr3:22732420	10	1	10	10	1	1	1	-0.4	0
chr3:22732420	10	1	10	10	1	1	1	-0.4	0
chr3:22803361	10	1	10	10	1	1	1	-0.4	0
chr3:23155574	10	1	10	10	1	1	1	-0.4	0
chr3:23276581	10	1	10	10	1	1	1	-0.4	0
chr3:23287484	10	1	10	10	1	1	1	-0.4	0
chr3:23292005	10	1	10	10	1	1	1	-0.4	0
chr3:23410715	10	1	10	10	1	1	1	-0.4	0
chr3:23410894	10	1	10	10	1	1	1	-0.4	0
chr4:56881	10	1	10	10	1	1	1	-0.4	0
chr4:268418	10	1	10	10	1	1	1	-0.4	0
chr4:299162	10	1	10	10	1	1	1	-0.4	0
chr4:347520	10	1	10	10	1	1	1	-0.4	0
chr4:388307	10	1	10	10	1	1	1	-0.4	0
chr4:525434	10	1	10	10	1	1	1	-0.4	0
chr4:744071	10	1	10	10	1	1	1	-0.4	0
chr4:808265	10	1	10	10	1	1	1	-0.4	0
chr4:972387	10	1	10	10	1	1	1	-0.4	0
chr4:999636	10	1	10	10	1	1	1	-0.4	0
chr4:999636	10	1	10	10	1	1	1	-0.4	0
chr4:1540083	10	1	10	10	1	1	1	-0.4	0
chr4:2508095	10	1	10	10	1	1	1	-0.4	0
chr4:2719940	10	1	10	10	1	1	1	-0.4	0
chr4:2719940	10	1	10	10	1	1	1	-0.4	0
chr4:3054343	10	1	10	10	1	1	1	-0.4	0
chr4:3950641	10	1	10	10	1	1	1	-0.4	0
chr4:3950994	10	1	10	10	1	1	1	-0.4	0
chr4:3950994	10	1	10	10	1	1	1	-0.4	0
chr4:3951156	10	1	10	10	1	1	1	-0.4	0
chr4:3951156	10	1	10	10	1	1	1	-0.4	0
chr4:3951927	10	1	10	10	1	1	1	-0.4	0
chr4:3952986	10	1	10	10	1	1	1	-0.4	0
chr4:3952986	10	1	10	10	1	1	1	-0.4	0
chr4:3953562	10	1	10	10	1	1	1	-0.4	0
chr4:3953562	10	1	10	10	1	1	1	-0.4	0
chr4:3954755	10	1	10	10	1	1	1	-0.4	0
chr4:3954755	10	1	10	10	1	1	1	-0.4	0
chr4:3955160	10	1	10	10	1	1	1	-0.4	0
chr4:3955869	10	1	10	10	1	1	1	-0.4	0
chr4:3965732	10	1	10	10	1	1	1	-0.4	0
chr4:3965732	10	1	10	10	1	1	1	-0.4	0
chr4:3966550	10	1	10	10	1	1	1	-0.4	0
chr4:3966550	10	1	10	10	1	1	1	-0.4	0
chr4:3972693	10	1	10	10	1	1	1	-0.4	0
chr4:3987511	10	1	10	10	1	1	1	-0.4	0
chr4:3987511	10	1	10	10	1	1	1	-0.4	0
chr4:4001218	10	1	10	10	1	1	1	-0.4	0
chr4:4004060	10	1	10	10	1	1	1	-0.4	0
chr4:4009808	10	1	10	10	1	1	1	-0.4	0
chr4:4074660	10	1	10	10	1	1	1	-0.4	0
chr4:4074660	10	1	10	10	1	1	1	-0.4	0
chr4:5847252	10	1	10	10	1	1	1	-0.4	0
chr4:6083548	10	1	10	10	1	1	1	-0.4	0
chr4:6901304	10	1	10	10	1	1	1	-0.4	0
chr4:6905800	10	1	10	10	1	1	1	-0.4	0
chr4:6986401	10	1	10	10	1	1	1	-0.4	0
chr4:7261102	10	1	10	10	1	1	1	-0.4	0
chr4:7757822	10	1	10	10	1	1	1	-0.4	0
chr4:7862504	10	1	10	10	1	1	1	-0.4	0
chr4:7862504	10	1	10	10	1	1	1	-0.4	0
chr4:7936466	10	1	10	10	1	1	1	-0.4	0
chr4:7936466	10	1	10	10	1	1	1	-0.4	0
chr4:7962378	10	1	10	10	1	1	1	-0.4	0
chr4:8011318	10	1	10	10	1	1	1	-0.4	0
chr4:8203429	10	1	10	10	1	1	1	-0.4	0
chr4:8735800	10	1	10	10	1	1	1	-0.4	0
chr4:9161791	10	1	10	10	1	1	1	-0.4	0
chr4:9161791	10	1	10	10	1	1	1	-0.4	0
chr4:9202320	10	1	10	10	1	1	1	-0.4	0
chr4:9421096	10	1	10	10	1	1	1	-0.4	0
chr4:9663778	10	1	10	10	1	1	1	-0.4	0
chr4:9699141	10	1	10	10	1	1	1	-0.4	0
chr4:9753018	10	1	10	10	1	1	1	-0.4	0
chr4:9759152	10	1	10	10	1	1	1	-0.4	0
chr4:9817780	10	1	10	10	1	1	1	-0.4	0
chr4:9817780	10	1	10	10	1	1	1	-0.4	0
chr4:9928682	10	1	10	10	1	1	1	-0.4	0
chr4:9929588	10	1	10	10	1	1	1	-0.4	0
chr4:9929588	10	1	10	10	1	1	1	-0.4	0
chr4:9944162	10	1	10	10	1	1	1	-0.4	0
chr4:9969929	10	1	10	10	1	1	1	-0.4	0
chr4:9995074	10	1	10	10	1	1	1	-0.4	0
chr4:10003273	10	1	10	10	1	1	1	-0.4	0
chr4:10060095	10	1	10	10	1	1	1	-0.4	0
chr4:10071439	10	1	10	10	1	1	1	-0.4	0
chr4:10296318	10	1	10	10	1	1	1	-0.4	0
chr4:10349666	10	1	10	10	1	1	1	-0.4	0
chr4:10352412	10	1	10	10	1	1	1	-0.4	0
chr4:10352412	10	1	10	10	1	1	1	-0.4	0
chr4:10578395	10	1	10	10	1	1	1	-0.4	0
chr4:10955547	10	1	10	10	1	1	1	-0.4	0
chr4:11033875	10	1	10	10	1	1	1	-0.4	0
chr4:11662474	10	1	10	10	1	1	1	-0.4	0
chr4:11697710	10	1	10	10	1	1	1	-0.4	0
chr4:11797483	10	1	10	10	1	1	1	-0.4	0
chr4:11895874	10	1	10	10	1	1	1	-0.4	0
chr4:11971453	10	1	10	10	1	1	1	-0.4	0
chr4:11997280	10	1	10	10	1	1	1	-0.4	0
chr4:11997280	10	1	10	10	1	1	1	-0.4	0
chr4:12046158	10	1	10	10	1	1	1	-0.4	0
chr4:12064832	10	1	10	10	1	1	1	-0.4	0
chr4:12074936	10	1	10	10	1	1	1	-0.4	0
chr4:12079809	10	1	10	10	1	1	1	-0.4	0
chr4:12108642	10	1	10	10	1	1	1	-0.4	0
chr4:12108642	10	1	10	10	1	1	1	-0.4	0
chr4:12289398	10	1	10	10	1	1	1	-0.4	0
chr4:12396458	10	1	10	10	1	1	1	-0.4	0
chr4:12476038	10	1	10	10	1	1	1	-0.4	0
chr4:12476038	10	1	10	10	1	1	1	-0.4	0
chr4:12569046	10	1	10	10	1	1	1	-0.4	0
chr4:12573145	10	1	10	10	1	1	1	-0.4	0
chr4:12612320	10	1	10	10	1	1	1	-0.4	0
chr4:12686220	10	1	10	10	1	1	1	-0.4	0
chr4:12686220	10	1	10	10	1	1	1	-0.4	0
chr4:12820942	10	1	10	10	1	1	1	-0.4	0
chr4:12820942	10	1	10	10	1	1	1	-0.4	0
chr4:12864502	10	1	10	10	1	1	1	-0.4	0
chr4:12864502	10	1	10	10	1	1	1	-0.4	0
chr4:13920873	10	1	10	10	1	1	1	-0.4	0
chr4:13920873	10	1	10	10	1	1	1	-0.4	0
chr4:13983783	10	1	10	10	1	1	1	-0.4	0
chr4:13997649	10	1	10	10	1	1	1	-0.4	0
chr4:14055512	10	1	10	10	1	1	1	-0.4	0
chr4:14104559	10	1	10	10	1	1	1	-0.4	0
chr4:14110896	10	1	10	10	1	1	1	-0.4	0
chr4:14393549	10	1	10	10	1	1	1	-0.4	0
chr4:14406640	10	1	10	10	1	1	1	-0.4	0
chr4:14580014	10	1	10	10	1	1	1	-0.4	0
chr4:14597494	10	1	10	10	1	1	1	-0.4	0
chr4:14774871	10	1	10	10	1	1	1	-0.4	0
chr4:14779105	10	1	10	10	1	1	1	-0.4	0
chr4:14779844	10	1	10	10	1	1	1	-0.4	0
chr4:14779844	10	1	10	10	1	1	1	-0.4	0
chr4:14841508	10	1	10	10	1	1	1	-0.4	0
chr4:14841508	10	1	10	10	1	1	1	-0.4	0
chr4:14934655	10	1	10	10	1	1	1	-0.4	0
chr4:14990122	10	1	10	10	1	1	1	-0.4	0
chr4:14990122	10	1	10	10	1	1	1	-0.4	0
chr4:15054178	10	1	10	10	1	1	1	-0.4	0
chr4:15054690	10	1	10	10	1	1	1	-0.4	0
chr4:15063348	10	1	10	10	1	1	1	-0.4	0
chr4:15063348	10	1	10	10	1	1	1	-0.4	0
chr4:15078556	10	1	10	10	1	1	1	-0.4	0
chr4:15078556	10	1	10	10	1	1	1	-0.4	0
chr4:15155762	10	1	10	10	1	1	1	-0.4	0
chr4:15188731	10	1	10	10	1	1	1	-0.4	0
chr4:15231408	10	1	10	10	1	1	1	-0.4	0
chr4:15231408	10	1	10	10	1	1	1	-0.4	0
chr4:15382215	10	1	10	10	1	1	1	-0.4	0
chr4:15382215	10	1	10	10	1	1	1	-0.4	0
chr4:15412973	10	1	10	10	1	1	1	-0.4	0
chr4:15459835	10	1	10	10	1	1	1	-0.4	0
chr4:15489215	10	1	10	10	1	1	1	-0.4	0
chr4:15507446	10	1	10	10	1	1	1	-0.4	0
chr4:15514839	10	1	10	10	1	1	1	-0.4	0
chr4:15525668	10	1	10	10	1	1	1	-0.4	0
chr4:15638553	10	1	10	10	1	1	1	-0.4	0
chr4:15723505	10	1	10	10	1	1	1	-0.4	0
chr4:15728347	10	1	10	10	1	1	1	-0.4	0
chr4:15873772	10	1	10	10	1	1	1	-0.4	0
chr4:15877884	10	1	10	10	1	1	1	-0.4	0
chr4:15886970	10	1	10	10	1	1	1	-0.4	0
chr4:15947173	10	1	10	10	1	1	1	-0.4	0
chr4:16091012	10	1	10	10	1	1	1	-0.4	0
chr4:16102310	10	1	10	10	1	1	1	-0.4	0
chr4:16102310	10	1	10	10	1	1	1	-0.4	0
chr4:16136826	10	1	10	10	1	1	1	-0.4	0
chr4:16345063	10	1	10	10	1	1	1	-0.4	0
chr4:16345063	10	1	10	10	1	1	1	-0.4	0
chr4:16371563	10	1	10	10	1	1	1	-0.4	0
chr4:16371563	10	1	10	10	1	1	1	-0.4	0
chr4:16377433	10	1	10	10	1	1	1	-0.4	0
chr4:16431747	10	1	10	10	1	1	1	-0.4	0
chr4:16431747	10	1	10	10	1	1	1	-0.4	0
chr4:16576892	10	1	10	10	1	1	1	-0.4	0
chr4:16576892	10	1	10	10	1	1	1	-0.4	0
chr4:16697808	10	1	10	10	1	1	1	-0.4	0
chr4:16855428	10	1	10	10	1	1	1	-0.4	0
chr4:16855428	10	1	10	10	1	1	1	-0.4	0
chr4:16942246	10	1	10	10	1	1	1	-0.4	0
chr4:16955232	10	1	10	10	1	1	1	-0.4	0
chr4:17018678	10	1	10	10	1	1	1	-0.4	0
chr4:17018678	10	1	10	10	1	1	1	-0.4	0
chr4:17225983	10	1	10	10	1	1	1	-0.4	0
chr4:17235610	10	1	10	10	1	1	1	-0.4	0
chr4:17280720	10	1	10	10	1	1	1	-0.4	0
chr4:17280720	10	1	10	10	1	1	1	-0.4	0
chr4:17280965	10	1	10	10	1	1	1	-0.4	0
chr4:17282174	10	1	10	10	1	1	1	-0.4	0
chr4:17283026	10	1	10	10	1	1	1	-0.4	0
chr4:17288027	10	1	10	10	1	1	1	-0.4	0
chr4:17350277	10	1	10	10	1	1	1	-0.4	0
chr4:17743320	10	1	10	10	1	1	1	-0.4	0
chr4:18144319	10	1	10	10	1	1	1	-0.4	0
chr4:18151957	10	1	10	10	1	1	1	-0.4	0
chr4:18209287	10	1	10	10	1	1	1	-0.4	0
chr4:18215270	10	1	10	10	1	1	1	-0.4	0
chr4:18217919	10	1	10	10	1	1	1	-0.4	0
chr4:18233460	10	1	10	10	1	1	1	-0.4	0
chr4:18268090	10	1	10	10	1	1	1	-0.4	0
chr4:18276430	10	1	10	10	1	1	1	-0.4	0
chr4:18276430	10	1	10	10	1	1	1	-0.4	0
chr4:18302875	10	1	10	10	1	1	1	-0.4	0
chr4:18321773	10	1	10	10	1	1	1	-0.4	0
chr4:18462015	10	1	10	10	1	1	1	-0.4	0
chr4:18556978	10	1	10	10	1	1	1	-0.4	0
chr5:186617	10	1	10	10	1	1	1	-0.4	0
chr5:266936	10	1	10	10	1	1	1	-0.4	0
chr5:272191	10	1	10	10	1	1	1	-0.4	0
chr5:308945	10	1	10	10	1	1	1	-0.4	0
chr5:308945	10	1	10	10	1	1	1	-0.4	0
chr5:320736	10	1	10	10	1	1	1	-0.4	0
chr5:436044	10	1	10	10	1	1	1	-0.4	0
chr5:472758	10	1	10	10	1	1	1	-0.4	0
chr5:508152	10	1	10	10	1	1	1	-0.4	0
chr5:577303	10	1	10	10	1	1	1	-0.4	0
chr5:615735	10	1	10	10	1	1	1	-0.4	0
chr5:772184	10	1	10	10	1	1	1	-0.4	0
chr5:785581	10	1	10	10	1	1	1	-0.4	0
chr5:817706	10	1	10	10	1	1	1	-0.4	0
chr5:834726	10	1	10	10	1	1	1	-0.4	0
chr5:834726	10	1	10	10	1	1	1	-0.4	0
chr5:924802	10	1	10	10	1	1	1	-0.4	0
chr5:941609	10	1	10	10	1	1	1	-0.4	0
chr5:941609	10	1	10	10	1	1	1	-0.4	0
chr5:968776	10	1	10	10	1	1	1	-0.4	0
chr5:968776	10	1	10	10	1	1	1	-0.4	0
chr5:974213	10	1	10	10	1	1	1	-0.4	0
chr5:1036982	10	1	10	10	1	1	1	-0.4	0
chr5:1205423	10	1	10	10	1	1	1	-0.4	0
chr5:1341547	10	1	10	10	1	1	1	-0.4	0
chr5:1375193	10	1	10	10	1	1	1	-0.4	0
chr5:1518194	10	1	10	10	1	1	1	-0.4	0
chr5:1519830	10	1	10	10	1	1	1	-0.4	0
chr5:1670868	10	1	10	10	1	1	1	-0.4	0
chr5:1742653	10	1	10	10	1	1	1	-0.4	0
chr5:1921545	10	1	10	10	1	1	1	-0.4	0
chr5:1925693	10	1	10	10	1	1	1	-0.4	0
chr5:1952226	10	1	10	10	1	1	1	-0.4	0
chr5:2132239	10	1	10	10	1	1	1	-0.4	0
chr5:2204138	10	1	10	10	1	1	1	-0.4	0
chr5:2616001	10	1	10	10	1	1	1	-0.4	0
chr5:2861916	10	1	10	10	1	1	1	-0.4	0
chr5:2935290	10	1	10	10	1	1	1	-0.4	0
chr5:2935290	10	1	10	10	1	1	1	-0.4	0
chr5:3140654	10	1	10	10	1	1	1	-0.4	0
chr5:3140654	10	1	10	10	1	1	1	-0.4	0
chr5:3253203	10	1	10	10	1	1	1	-0.4	0
chr5:3253203	10	1	10	10	1	1	1	-0.4	0
chr5:3286291	10	1	10	10	1	1	1	-0.4	0
chr5:3335267	10	1	10	10	1	1	1	-0.4	0
chr5:3335810	10	1	10	10	1	1	1	-0.4	0
chr5:3448425	10	1	10	10	1	1	1	-0.4	0
chr5:3478928	10	1	10	10	1	1	1	-0.4	0
chr5:3524255	10	1	10	10	1	1	1	-0.4	0
chr5:3525157	10	1	10	10	1	1	1	-0.4	0
chr5:3525710	10	1	10	10	1	1	1	-0.4	0
chr5:3525937	10	1	10	10	1	1	1	-0.4	0
chr5:3526285	10	1	10	10	1	1	1	-0.4	0
chr5:3526474	10	1	10	10	1	1	1	-0.4	0
chr5:3527550	10	1	10	10	1	1	1	-0.4	0
chr5:3531502	10	1	10	10	1	1	1	-0.4	0
chr5:3531502	10	1	10	10	1	1	1	-0.4	0
chr5:3662128	10	1	10	10	1	1	1	-0.4	0
chr5:3753801	10	1	10	10	1	1	1	-0.4	0
chr5:3784054	10	1	10	10	1	1	1	-0.4	0
chr5:3784054	10	1	10	10	1	1	1	-0.4	0
chr5:3821466	10	1	10	10	1	1	1	-0.4	0
chr5:3863654	10	1	10	10	1	1	1	-0.4	0
chr5:3932568	10	1	10	10	1	1	1	-0.4	0
chr5:3932568	10	1	10	10	1	1	1	-0.4	0
chr5:4156379	10	1	10	10	1	1	1	-0.4	0
chr5:4193139	10	1	10	10	1	1	1	-0.4	0
chr5:4249526	10	1	10	10	1	1	1	-0.4	0
chr5:4249526	10	1	10	10	1	1	1	-0.4	0
chr5:4250925	10	1	10	10	1	1	1	-0.4	0
chr5:4254375	10	1	10	10	1	1	1	-0.4	0
chr5:4262633	10	1	10	10	1	1	1	-0.4	0
chr5:4262633	10	1	10	10	1	1	1	-0.4	0
chr5:4265705	10	1	10	10	1	1	1	-0.4	0
chr5:4266265	10	1	10	10	1	1	1	-0.4	0
chr5:4268061	10	1	10	10	1	1	1	-0.4	0
chr5:4272564	10	1	10	10	1	1	1	-0.4	0
chr5:4272564	10	1	10	10	1	1	1	-0.4	0
chr5:4272937	10	1	10	10	1	1	1	-0.4	0
chr5:4272937	10	1	10	10	1	1	1	-0.4	0
chr5:4277002	10	1	10	10	1	1	1	-0.4	0
chr5:4277002	10	1	10	10	1	1	1	-0.4	0
chr5:4279825	10	1	10	10	1	1	1	-0.4	0
chr5:4291792	10	1	10	10	1	1	1	-0.4	0
chr5:4292863	10	1	10	10	1	1	1	-0.4	0
chr5:4292863	10	1	10	10	1	1	1	-0.4	0
chr5:4294235	10	1	10	10	1	1	1	-0.4	0
chr5:4301626	10	1	10	10	1	1	1	-0.4	0
chr5:4304322	10	1	10	10	1	1	1	-0.4	0
chr5:4304322	10	1	10	10	1	1	1	-0.4	0
chr5:4304858	10	1	10	10	1	1	1	-0.4	0
chr5:4306584	10	1	10	10	1	1	1	-0.4	0
chr5:4308314	10	1	10	10	1	1	1	-0.4	0
chr5:4309205	10	1	10	10	1	1	1	-0.4	0
chr5:4310090	10	1	10	10	1	1	1	-0.4	0
chr5:4311235	10	1	10	10	1	1	1	-0.4	0
chr5:4311934	10	1	10	10	1	1	1	-0.4	0
chr5:4314229	10	1	10	10	1	1	1	-0.4	0
chr5:4316252	10	1	10	10	1	1	1	-0.4	0
chr5:4316252	10	1	10	10	1	1	1	-0.4	0
chr5:4317310	10	1	10	10	1	1	1	-0.4	0
chr5:4317310	10	1	10	10	1	1	1	-0.4	0
chr5:4317820	10	1	10	10	1	1	1	-0.4	0
chr5:4317820	10	1	10	10	1	1	1	-0.4	0
chr5:4319926	10	1	10	10	1	1	1	-0.4	0
chr5:4319926	10	1	10	10	1	1	1	-0.4	0
chr5:4320367	10	1	10	10	1	1	1	-0.4	0
chr5:4320367	10	1	10	10	1	1	1	-0.4	0
chr5:4321009	10	1	10	10	1	1	1	-0.4	0
chr5:4321009	10	1	10	10	1	1	1	-0.4	0
chr5:4321848	10	1	10	10	1	1	1	-0.4	0
chr5:4321848	10	1	10	10	1	1	1	-0.4	0
chr5:4323738	10	1	10	10	1	1	1	-0.4	0
chr5:4326203	10	1	10	10	1	1	1	-0.4	0
chr5:4326203	10	1	10	10	1	1	1	-0.4	0
chr5:4327163	10	1	10	10	1	1	1	-0.4	0
chr5:4327163	10	1	10	10	1	1	1	-0.4	0
chr5:4327163	10	1	10	10	1	1	1	-0.4	0
chr5:4572607	10	1	10	10	1	1	1	-0.4	0
chr5:4722206	10	1	10	10	1	1	1	-0.4	0
chr5:4722206	10	1	10	10	1	1	1	-0.4	0
chr5:4903790	10	1	10	10	1	1	1	-0.4	0
chr5:5033945	10	1	10	10	1	1	1	-0.4	0
chr5:5358532	10	1	10	10	1	1	1	-0.4	0
chr5:5358532	10	1	10	10	1	1	1	-0.4	0
chr5:5497395	10	1	10	10	1	1	1	-0.4	0
chr5:5686416	10	1	10	10	1	1	1	-0.4	0
chr5:5726829	10	1	10	10	1	1	1	-0.4	0
chr5:5814644	10	1	10	10	1	1	1	-0.4	0
chr5:5814644	10	1	10	10	1	1	1	-0.4	0
chr5:5924348	10	1	10	10	1	1	1	-0.4	0
chr5:6044433	10	1	10	10	1	1	1	-0.4	0
chr5:6046147	10	1	10	10	1	1	1	-0.4	0
chr5:6064076	10	1	10	10	1	1	1	-0.4	0
chr5:6095020	10	1	10	10	1	1	1	-0.4	0
chr5:6189297	10	1	10	10	1	1	1	-0.4	0
chr5:6190413	10	1	10	10	1	1	1	-0.4	0
chr5:6217789	10	1	10	10	1	1	1	-0.4	0
chr5:6361992	10	1	10	10	1	1	1	-0.4	0
chr5:6361992	10	1	10	10	1	1	1	-0.4	0
chr5:6723853	10	1	10	10	1	1	1	-0.4	0
chr5:7249720	10	1	10	10	1	1	1	-0.4	0
chr5:7250091	10	1	10	10	1	1	1	-0.4	0
chr5:7251277	10	1	10	10	1	1	1	-0.4	0
chr5:7307656	10	1	10	10	1	1	1	-0.4	0
chr5:7513027	10	1	10	10	1	1	1	-0.4	0
chr5:7810087	10	1	10	10	1	1	1	-0.4	0
chr5:8014517	10	1	10	10	1	1	1	-0.4	0
chr5:8229518	10	1	10	10	1	1	1	-0.4	0
chr5:8468557	10	1	10	10	1	1	1	-0.4	0
chr5:8731935	10	1	10	10	1	1	1	-0.4	0
chr5:8776333	10	1	10	10	1	1	1	-0.4	0
chr5:8794221	10	1	10	10	1	1	1	-0.4	0
chr5:8795316	10	1	10	10	1	1	1	-0.4	0
chr5:8795977	10	1	10	10	1	1	1	-0.4	0
chr5:8798333	10	1	10	10	1	1	1	-0.4	0
chr5:8798333	10	1	10	10	1	1	1	-0.4	0
chr5:8799390	10	1	10	10	1	1	1	-0.4	0
chr5:8799390	10	1	10	10	1	1	1	-0.4	0
chr5:8963488	10	1	10	10	1	1	1	-0.4	0
chr5:9515679	10	1	10	10	1	1	1	-0.4	0
chr5:9648751	10	1	10	10	1	1	1	-0.4	0
chr5:10614422	10	1	10	10	1	1	1	-0.4	0
chr5:11185068	10	1	10	10	1	1	1	-0.4	0
chr5:11185068	10	1	10	10	1	1	1	-0.4	0
chr5:11185742	10	1	10	10	1	1	1	-0.4	0
chr5:11185742	10	1	10	10	1	1	1	-0.4	0
chr5:11705340	10	1	10	10	1	1	1	-0.4	0
chr5:11723681	10	1	10	10	1	1	1	-0.4	0
chr5:11723681	10	1	10	10	1	1	1	-0.4	0
chr5:11727672	10	1	10	10	1	1	1	-0.4	0
chr5:11727672	10	1	10	10	1	1	1	-0.4	0
chr5:11728622	10	1	10	10	1	1	1	-0.4	0
chr5:11730490	10	1	10	10	1	1	1	-0.4	0
chr5:11730490	10	1	10	10	1	1	1	-0.4	0
chr5:11731534	10	1	10	10	1	1	1	-0.4	0
chr5:11732302	10	1	10	10	1	1	1	-0.4	0
chr5:11732302	10	1	10	10	1	1	1	-0.4	0
chr5:11733766	10	1	10	10	1	1	1	-0.4	0
chr5:11734883	10	1	10	10	1	1	1	-0.4	0
chr5:11735243	10	1	10	10	1	1	1	-0.4	0
chr5:11736052	10	1	10	10	1	1	1	-0.4	0
chr5:11736052	10	1	10	10	1	1	1	-0.4	0
chr5:12877711	10	1	10	10	1	1	1	-0.4	0
chr5:13584161	10	1	10	10	1	1	1	-0.4	0
chr5:13591403	10	1	10	10	1	1	1	-0.4	0
chr5:13591403	10	1	10	10	1	1	1	-0.4	0
chr5:13903049	10	1	10	10	1	1	1	-0.4	0
chr5:15131305	10	1	10	10	1	1	1	-0.4	0
chr5:15377470	10	1	10	10	1	1	1	-0.4	0
chr5:15532382	10	1	10	10	1	1	1	-0.4	0
chr5:15532382	10	1	10	10	1	1	1	-0.4	0
chr5:15616854	10	1	10	10	1	1	1	-0.4	0
chr5:15616854	10	1	10	10	1	1	1	-0.4	0
chr5:15617357	10	1	10	10	1	1	1	-0.4	0
chr5:15631525	10	1	10	10	1	1	1	-0.4	0
chr5:15643698	10	1	10	10	1	1	1	-0.4	0
chr5:15643698	10	1	10	10	1	1	1	-0.4	0
chr5:15849224	10	1	10	10	1	1	1	-0.4	0
chr5:15849224	10	1	10	10	1	1	1	-0.4	0
chr5:15849629	10	1	10	10	1	1	1	-0.4	0
chr5:16198434	10	1	10	10	1	1	1	-0.4	0
chr5:16198434	10	1	10	10	1	1	1	-0.4	0
chr5:16199126	10	1	10	10	1	1	1	-0.4	0
chr5:16202209	10	1	10	10	1	1	1	-0.4	0
chr5:16207081	10	1	10	10	1	1	1	-0.4	0
chr5:16207081	10	1	10	10	1	1	1	-0.4	0
chr5:16320854	10	1	10	10	1	1	1	-0.4	0
chr5:16320854	10	1	10	10	1	1	1	-0.4	0
chr5:16667958	10	1	10	10	1	1	1	-0.4	0
chr5:16675730	10	1	10	10	1	1	1	-0.4	0
chr5:17283423	10	1	10	10	1	1	1	-0.4	0
chr5:17585302	10	1	10	10	1	1	1	-0.4	0
chr5:18215887	10	1	10	10	1	1	1	-0.4	0
chr5:18484032	10	1	10	10	1	1	1	-0.4	0
chr5:18779403	10	1	10	10	1	1	1	-0.4	0
chr5:18806420	10	1	10	10	1	1	1	-0.4	0
chr5:18825024	10	1	10	10	1	1	1	-0.4	0
chr5:18833300	10	1	10	10	1	1	1	-0.4	0
chr5:18968648	10	1	10	10	1	1	1	-0.4	0
chr5:18977046	10	1	10	10	1	1	1	-0.4	0
chr5:19131015	10	1	10	10	1	1	1	-0.4	0
chr5:19236605	10	1	10	10	1	1	1	-0.4	0
chr5:19670287	10	1	10	10	1	1	1	-0.4	0
chr5:19670287	10	1	10	10	1	1	1	-0.4	0
chr5:19977982	10	1	10	10	1	1	1	-0.4	0
chr5:19977982	10	1	10	10	1	1	1	-0.4	0
chr5:20084504	10	1	10	10	1	1	1	-0.4	0
chr5:20116194	10	1	10	10	1	1	1	-0.4	0
chr5:20116194	10	1	10	10	1	1	1	-0.4	0
chr5:20192352	10	1	10	10	1	1	1	-0.4	0
chr5:20192352	10	1	10	10	1	1	1	-0.4	0
chr5:20193919	10	1	10	10	1	1	1	-0.4	0
chr5:20451129	10	1	10	10	1	1	1	-0.4	0
chr5:20519038	10	1	10	10	1	1	1	-0.4	0
chr5:20519038	10	1	10	10	1	1	1	-0.4	0
chr5:20900299	10	1	10	10	1	1	1	-0.4	0
chr5:21095173	10	1	10	10	1	1	1	-0.4	0
chr5:21410815	10	1	10	10	1	1	1	-0.4	0
chr5:21560611	10	1	10	10	1	1	1	-0.4	0
chr5:21666275	10	1	10	10	1	1	1	-0.4	0
chr5:21799388	10	1	10	10	1	1	1	-0.4	0
chr5:21799388	10	1	10	10	1	1	1	-0.4	0
chr5:21898734	10	1	10	10	1	1	1	-0.4	0
chr5:22054212	10	1	10	10	1	1	1	-0.4	0
chr5:22054212	10	1	10	10	1	1	1	-0.4	0
chr5:22081764	10	1	10	10	1	1	1	-0.4	0
chr5:22081764	10	1	10	10	1	1	1	-0.4	0
chr5:22134749	10	1	10	10	1	1	1	-0.4	0
chr5:22331876	10	1	10	10	1	1	1	-0.4	0
chr5:22359415	10	1	10	10	1	1	1	-0.4	0
chr5:22359415	10	1	10	10	1	1	1	-0.4	0
chr5:22508407	10	1	10	10	1	1	1	-0.4	0
chr5:22546924	10	1	10	10	1	1	1	-0.4	0
chr5:22776928	10	1	10	10	1	1	1	-0.4	0
chr5:22777719	10	1	10	10	1	1	1	-0.4	0
chr5:22777719	10	1	10	10	1	1	1	-0.4	0
chr5:22817252	10	1	10	10	1	1	1	-0.4	0
chr5:23080628	10	1	10	10	1	1	1	-0.4	0
chr5:23080628	10	1	10	10	1	1	1	-0.4	0
chr5:23223892	10	1	10	10	1	1	1	-0.4	0
chr5:23290182	10	1	10	10	1	1	1	-0.4	0
chr5:23290182	10	1	10	10	1	1	1	-0.4	0
chr5:23369956	10	1	10	10	1	1	1	-0.4	0
chr5:23389399	10	1	10	10	1	1	1	-0.4	0
chr5:23584518	10	1	10	10	1	1	1	-0.4	0
chr5:23584518	10	1	10	10	1	1	1	-0.4	0
chr5:23596162	10	1	10	10	1	1	1	-0.4	0
chr5:23596162	10	1	10	10	1	1	1	-0.4	0
chr5:23623558	10	1	10	10	1	1	1	-0.4	0
chr5:23623558	10	1	10	10	1	1	1	-0.4	0
chr5:23626909	10	1	10	10	1	1	1	-0.4	0
chr5:23845079	10	1	10	10	1	1	1	-0.4	0
chr5:23961518	10	1	10	10	1	1	1	-0.4	0
chr5:23998209	10	1	10	10	1	1	1	-0.4	0
chr5:24055869	10	1	10	10	1	1	1	-0.4	0
chr5:24103153	10	1	10	10	1	1	1	-0.4	0
chr5:24140253	10	1	10	10	1	1	1	-0.4	0
chr5:24257608	10	1	10	10	1	1	1	-0.4	0
chr5:24257608	10	1	10	10	1	1	1	-0.4	0
chr5:24385755	10	1	10	10	1	1	1	-0.4	0
chr5:24417477	10	1	10	10	1	1	1	-0.4	0
chr5:24553764	10	1	10	10	1	1	1	-0.4	0
chr5:24705925	10	1	10	10	1	1	1	-0.4	0
chr5:24766635	10	1	10	10	1	1	1	-0.4	0
chr5:25054389	10	1	10	10	1	1	1	-0.4	0
chr5:25054389	10	1	10	10	1	1	1	-0.4	0
chr5:25234659	10	1	10	10	1	1	1	-0.4	0
chr5:25387380	10	1	10	10	1	1	1	-0.4	0
chr5:25429560	10	1	10	10	1	1	1	-0.4	0
chr5:25430575	10	1	10	10	1	1	1	-0.4	0
chr5:25451914	10	1	10	10	1	1	1	-0.4	0
chr5:25528183	10	1	10	10	1	1	1	-0.4	0
chr5:25658596	10	1	10	10	1	1	1	-0.4	0
chr5:25660633	10	1	10	10	1	1	1	-0.4	0
chr5:25661138	10	1	10	10	1	1	1	-0.4	0
chr5:25661138	10	1	10	10	1	1	1	-0.4	0
chr5:25662867	10	1	10	10	1	1	1	-0.4	0
chr5:25726263	10	1	10	10	1	1	1	-0.4	0
chr5:25841149	10	1	10	10	1	1	1	-0.4	0
chr5:25841149	10	1	10	10	1	1	1	-0.4	0
chr5:26002795	10	1	10	10	1	1	1	-0.4	0
chr5:26012807	10	1	10	10	1	1	1	-0.4	0
chr5:26057184	10	1	10	10	1	1	1	-0.4	0
chr5:26057184	10	1	10	10	1	1	1	-0.4	0
chr5:26083161	10	1	10	10	1	1	1	-0.4	0
chr5:26151288	10	1	10	10	1	1	1	-0.4	0
chr5:26231342	10	1	10	10	1	1	1	-0.4	0
chr5:26566769	10	1	10	10	1	1	1	-0.4	0
chr5:26628496	10	1	10	10	1	1	1	-0.4	0
chr5:26628496	10	1	10	10	1	1	1	-0.4	0
chr5:26644439	10	1	10	10	1	1	1	-0.4	0
chr5:26645248	10	1	10	10	1	1	1	-0.4	0
chr5:26850755	10	1	10	10	1	1	1	-0.4	0
chr5:26850755	10	1	10	10	1	1	1	-0.4	0
chr5:26853787	10	1	10	10	1	1	1	-0.4	0
chr5:26877331	10	1	10	10	1	1	1	-0.4	0
chr5:26901059	10	1	10	10	1	1	1	-0.4	0
chr5:26912584	10	1	10	10	1	1	1	-0.4	0
chr5:26921304	10	1	10	10	1	1	1	-0.4	0
chr5:26926137	10	1	10	10	1	1	1	-0.4	0
chr5:26933310	10	1	10	10	1	1	1	-0.4	0
chr5:26949922	10	1	10	10	1	1	1	-0.4	0
