Position	IP	Control	Fold	Expectd	Q_-lg10	P_-lg10	P_poiss	IPvsEMP	Noise
chr1:82309	10	1	10	10	1	1	1	-0.4	0
chr1:173743	10	1	10	10	1	1	1	-0.4	0
chr1:179209	10	1	10	10	1	1	1	-0.4	0
chr1:182491	10	1	10	10	1	1	1	-0.4	0
chr1:270051	10	1	10	10	1	1	1	-0.4	0
chr1:364263	10	1	10	10	1	1	1	-0.4	0
chr1:428406	10	1	10	10	1	1	1	-0.4	0
chr1:434634	10	1	10	10	1	1	1	-0.4	0
chr1:445785	10	1	10	10	1	1	1	-0.4	0
chr1:473780	10	1	10	10	1	1	1	-0.4	0
chr1:479351	10	1	10	10	1	1	1	-0.4	0
chr1:488379	10	1	10	10	1	1	1	-0.4	0
chr1:496202	10	1	10	10	1	1	1	-0.4	0
chr1:497627	10	1	10	10	1	1	1	-0.4	0
chr1:499006	10	1	10	10	1	1	1	-0.4	0
chr1:618176	10	1	10	10	1	1	1	-0.4	0
chr1:636220	10	1	10	10	1	1	1	-0.4	0
chr1:658493	10	1	10	10	1	1	1	-0.4	0
chr1:786974	10	1	10	10	1	1	1	-0.4	0
chr1:865262	10	1	10	10	1	1	1	-0.4	0
chr1:933628	10	1	10	10	1	1	1	-0.4	0
chr1:978211	10	1	10	10	1	1	1	-0.4	0
chr1:978924	10	1	10	10	1	1	1	-0.4	0
chr1:983476	10	1	10	10	1	1	1	-0.4	0
chr1:1049991	10	1	10	10	1	1	1	-0.4	0
chr1:1170744	10	1	10	10	1	1	1	-0.4	0
chr1:1172871	10	1	10	10	1	1	1	-0.4	0
chr1:1191335	10	1	10	10	1	1	1	-0.4	0
chr1:1275560	10	1	10	10	1	1	1	-0.4	0
chr1:1424099	10	1	10	10	1	1	1	-0.4	0
chr1:1425575	10	1	10	10	1	1	1	-0.4	0
chr1:1426670	10	1	10	10	1	1	1	-0.4	0
chr1:1548515	10	1	10	10	1	1	1	-0.4	0
chr1:1714305	10	1	10	10	1	1	1	-0.4	0
chr1:1829957	10	1	10	10	1	1	1	-0.4	0
chr1:2199865	10	1	10	10	1	1	1	-0.4	0
chr1:2312981	10	1	10	10	1	1	1	-0.4	0
chr1:2342174	10	1	10	10	1	1	1	-0.4	0
chr1:2348993	10	1	10	10	1	1	1	-0.4	0
chr1:2432636	10	1	10	10	1	1	1	-0.4	0
chr1:2530445	10	1	10	10	1	1	1	-0.4	0
chr1:2628022	10	1	10	10	1	1	1	-0.4	0
chr1:2755478	10	1	10	10	1	1	1	-0.4	0
chr1:2848293	10	1	10	10	1	1	1	-0.4	0
chr1:3094847	10	1	10	10	1	1	1	-0.4	0
chr1:3241545	10	1	10	10	1	1	1	-0.4	0
chr1:3250035	10	1	10	10	1	1	1	-0.4	0
chr1:3251792	10	1	10	10	1	1	1	-0.4	0
chr1:3272918	10	1	10	10	1	1	1	-0.4	0
chr1:3324012	10	1	10	10	1	1	1	-0.4	0
chr1:3545636	10	1	10	10	1	1	1	-0.4	0
chr1:3610668	10	1	10	10	1	1	1	-0.4	0
chr1:3778719	10	1	10	10	1	1	1	-0.4	0
chr1:3804237	10	1	10	10	1	1	1	-0.4	0
chr1:3806735	10	1	10	10	1	1	1	-0.4	0
chr1:3810230	10	1	10	10	1	1	1	-0.4	0
chr1:4044125	10	1	10	10	1	1	1	-0.4	0
chr1:4230104	10	1	10	10	1	1	1	-0.4	0
chr1:4276204	10	1	10	10	1	1	1	-0.4	0
chr1:4321192	10	1	10	10	1	1	1	-0.4	0
chr1:4413027	10	1	10	10	1	1	1	-0.4	0
chr1:4432594	10	1	10	10	1	1	1	-0.4	0
chr1:4459066	10	1	10	10	1	1	1	-0.4	0
chr1:4468405	10	1	10	10	1	1	1	-0.4	0
chr1:4527635	10	1	10	10	1	1	1	-0.4	0
chr1:4534196	10	1	10	10	1	1	1	-0.4	0
chr1:4536087	10	1	10	10	1	1	1	-0.4	0
chr1:4554867	10	1	10	10	1	1	1	-0.4	0
chr1:4559365	10	1	10	10	1	1	1	-0.4	0
chr1:4630925	10	1	10	10	1	1	1	-0.4	0
chr1:4647748	10	1	10	10	1	1	1	-0.4	0
chr1:4818230	10	1	10	10	1	1	1	-0.4	0
chr1:4846422	10	1	10	10	1	1	1	-0.4	0
chr1:4976286	10	1	10	10	1	1	1	-0.4	0
chr1:4978695	10	1	10	10	1	1	1	-0.4	0
chr1:5091745	10	1	10	10	1	1	1	-0.4	0
chr1:5126403	10	1	10	10	1	1	1	-0.4	0
chr1:5128032	10	1	10	10	1	1	1	-0.4	0
chr1:5181687	10	1	10	10	1	1	1	-0.4	0
chr1:5202601	10	1	10	10	1	1	1	-0.4	0
chr1:5385293	10	1	10	10	1	1	1	-0.4	0
chr1:5390202	10	1	10	10	1	1	1	-0.4	0
chr1:5461327	10	1	10	10	1	1	1	-0.4	0
chr1:5518278	10	1	10	10	1	1	1	-0.4	0
chr1:5522401	10	1	10	10	1	1	1	-0.4	0
chr1:5525413	10	1	10	10	1	1	1	-0.4	0
chr1:5532317	10	1	10	10	1	1	1	-0.4	0
chr1:5535734	10	1	10	10	1	1	1	-0.4	0
chr1:5539946	10	1	10	10	1	1	1	-0.4	0
chr1:5869476	10	1	10	10	1	1	1	-0.4	0
chr1:6015051	10	1	10	10	1	1	1	-0.4	0
chr1:6149158	10	1	10	10	1	1	1	-0.4	0
chr1:6156145	10	1	10	10	1	1	1	-0.4	0
chr1:6267195	10	1	10	10	1	1	1	-0.4	0
chr1:6300808	10	1	10	10	1	1	1	-0.4	0
chr1:6325156	10	1	10	10	1	1	1	-0.4	0
chr1:6326862	10	1	10	10	1	1	1	-0.4	0
chr1:6327185	10	1	10	10	1	1	1	-0.4	0
chr1:6388263	10	1	10	10	1	1	1	-0.4	0
chr1:6390703	10	1	10	10	1	1	1	-0.4	0
chr1:6627707	10	1	10	10	1	1	1	-0.4	0
chr1:6654680	10	1	10	10	1	1	1	-0.4	0
chr1:6832544	10	1	10	10	1	1	1	-0.4	0
chr1:7149952	10	1	10	10	1	1	1	-0.4	0
chr1:7150528	10	1	10	10	1	1	1	-0.4	0
chr1:7154471	10	1	10	10	1	1	1	-0.4	0
chr1:7216961	10	1	10	10	1	1	1	-0.4	0
chr1:7339645	10	1	10	10	1	1	1	-0.4	0
chr1:7370171	10	1	10	10	1	1	1	-0.4	0
chr1:7391731	10	1	10	10	1	1	1	-0.4	0
chr1:7396937	10	1	10	10	1	1	1	-0.4	0
chr1:7452853	10	1	10	10	1	1	1	-0.4	0
chr1:7802490	10	1	10	10	1	1	1	-0.4	0
chr1:7948683	10	1	10	10	1	1	1	-0.4	0
chr1:8075050	10	1	10	10	1	1	1	-0.4	0
chr1:8075758	10	1	10	10	1	1	1	-0.4	0
chr1:8352363	10	1	10	10	1	1	1	-0.4	0
chr1:8354688	10	1	10	10	1	1	1	-0.4	0
chr1:8558152	10	1	10	10	1	1	1	-0.4	0
chr1:8975880	10	1	10	10	1	1	1	-0.4	0
chr1:8976309	10	1	10	10	1	1	1	-0.4	0
chr1:8979570	10	1	10	10	1	1	1	-0.4	0
chr1:8981989	10	1	10	10	1	1	1	-0.4	0
chr1:8990540	10	1	10	10	1	1	1	-0.4	0
chr1:9140948	10	1	10	10	1	1	1	-0.4	0
chr1:9143508	10	1	10	10	1	1	1	-0.4	0
chr1:9452324	10	1	10	10	1	1	1	-0.4	0
chr1:9591873	10	1	10	10	1	1	1	-0.4	0
chr1:9592932	10	1	10	10	1	1	1	-0.4	0
chr1:9594383	10	1	10	10	1	1	1	-0.4	0
chr1:9596907	10	1	10	10	1	1	1	-0.4	0
chr1:9597429	10	1	10	10	1	1	1	-0.4	0
chr1:9597838	10	1	10	10	1	1	1	-0.4	0
chr1:9598129	10	1	10	10	1	1	1	-0.4	0
chr1:9600032	10	1	10	10	1	1	1	-0.4	0
chr1:9602488	10	1	10	10	1	1	1	-0.4	0
chr1:9602876	10	1	10	10	1	1	1	-0.4	0
chr1:9603810	10	1	10	10	1	1	1	-0.4	0
chr1:9604623	10	1	10	10	1	1	1	-0.4	0
chr1:9605340	10	1	10	10	1	1	1	-0.4	0
chr1:9606730	10	1	10	10	1	1	1	-0.4	0
chr1:9607074	10	1	10	10	1	1	1	-0.4	0
chr1:9610259	10	1	10	10	1	1	1	-0.4	0
chr1:9611070	10	1	10	10	1	1	1	-0.4	0
chr1:9611691	10	1	10	10	1	1	1	-0.4	0
chr1:9613479	10	1	10	10	1	1	1	-0.4	0
chr1:9615041	10	1	10	10	1	1	1	-0.4	0
chr1:9615543	10	1	10	10	1	1	1	-0.4	0
chr1:9616068	10	1	10	10	1	1	1	-0.4	0
chr1:9618741	10	1	10	10	1	1	1	-0.4	0
chr1:9619396	10	1	10	10	1	1	1	-0.4	0
chr1:9619855	10	1	10	10	1	1	1	-0.4	0
chr1:9624152	10	1	10	10	1	1	1	-0.4	0
chr1:9625316	10	1	10	10	1	1	1	-0.4	0
chr1:9627081	10	1	10	10	1	1	1	-0.4	0
chr1:9627421	10	1	10	10	1	1	1	-0.4	0
chr1:9628187	10	1	10	10	1	1	1	-0.4	0
chr1:9629894	10	1	10	10	1	1	1	-0.4	0
chr1:9635770	10	1	10	10	1	1	1	-0.4	0
chr1:9636407	10	1	10	10	1	1	1	-0.4	0
chr1:9637849	10	1	10	10	1	1	1	-0.4	0
chr1:9638779	10	1	10	10	1	1	1	-0.4	0
chr1:9639171	10	1	10	10	1	1	1	-0.4	0
chr1:9640243	10	1	10	10	1	1	1	-0.4	0
chr1:9641338	10	1	10	10	1	1	1	-0.4	0
chr1:9647116	10	1	10	10	1	1	1	-0.4	0
chr1:9649143	10	1	10	10	1	1	1	-0.4	0
chr1:9653619	10	1	10	10	1	1	1	-0.4	0
chr1:9658149	10	1	10	10	1	1	1	-0.4	0
chr1:10123298	10	1	10	10	1	1	1	-0.4	0
chr1:10238279	10	1	10	10	1	1	1	-0.4	0
chr1:10244175	10	1	10	10	1	1	1	-0.4	0
chr1:10244822	10	1	10	10	1	1	1	-0.4	0
chr1:10247496	10	1	10	10	1	1	1	-0.4	0
chr1:10248013	10	1	10	10	1	1	1	-0.4	0
chr1:10295809	10	1	10	10	1	1	1	-0.4	0
chr1:10297583	10	1	10	10	1	1	1	-0.4	0
chr1:10356587	10	1	10	10	1	1	1	-0.4	0
chr1:10365735	10	1	10	10	1	1	1	-0.4	0
chr1:10450480	10	1	10	10	1	1	1	-0.4	0
chr1:10581380	10	1	10	10	1	1	1	-0.4	0
chr1:10622567	10	1	10	10	1	1	1	-0.4	0
chr1:10705277	10	1	10	10	1	1	1	-0.4	0
chr1:10850802	10	1	10	10	1	1	1	-0.4	0
chr1:10892265	10	1	10	10	1	1	1	-0.4	0
chr1:10909155	10	1	10	10	1	1	1	-0.4	0
chr1:10953782	10	1	10	10	1	1	1	-0.4	0
chr1:10984809	10	1	10	10	1	1	1	-0.4	0
chr1:11222849	10	1	10	10	1	1	1	-0.4	0
chr1:11374350	10	1	10	10	1	1	1	-0.4	0
chr1:11549715	10	1	10	10	1	1	1	-0.4	0
chr1:11573574	10	1	10	10	1	1	1	-0.4	0
chr1:11930220	10	1	10	10	1	1	1	-0.4	0
chr1:12061470	10	1	10	10	1	1	1	-0.4	0
chr1:12064719	10	1	10	10	1	1	1	-0.4	0
chr1:12474570	10	1	10	10	1	1	1	-0.4	0
chr1:13453279	10	1	10	10	1	1	1	-0.4	0
chr1:13462916	10	1	10	10	1	1	1	-0.4	0
chr1:13837169	10	1	10	10	1	1	1	-0.4	0
chr1:14163020	10	1	10	10	1	1	1	-0.4	0
chr1:15083690	10	1	10	10	1	1	1	-0.4	0
chr1:16767371	10	1	10	10	1	1	1	-0.4	0
chr1:17284902	10	1	10	10	1	1	1	-0.4	0
chr1:17285231	10	1	10	10	1	1	1	-0.4	0
chr1:18246414	10	1	10	10	1	1	1	-0.4	0
chr1:18324261	10	1	10	10	1	1	1	-0.4	0
chr1:18886463	10	1	10	10	1	1	1	-0.4	0
chr1:18927869	10	1	10	10	1	1	1	-0.4	0
chr1:19105564	10	1	10	10	1	1	1	-0.4	0
chr1:19171185	10	1	10	10	1	1	1	-0.4	0
chr1:19175167	10	1	10	10	1	1	1	-0.4	0
chr1:19212226	10	1	10	10	1	1	1	-0.4	0
chr1:19214033	10	1	10	10	1	1	1	-0.4	0
chr1:19242298	10	1	10	10	1	1	1	-0.4	0
chr1:19250300	10	1	10	10	1	1	1	-0.4	0
chr1:19250563	10	1	10	10	1	1	1	-0.4	0
chr1:19257349	10	1	10	10	1	1	1	-0.4	0
chr1:19261967	10	1	10	10	1	1	1	-0.4	0
chr1:19442039	10	1	10	10	1	1	1	-0.4	0
chr1:19443605	10	1	10	10	1	1	1	-0.4	0
chr1:19889496	10	1	10	10	1	1	1	-0.4	0
chr1:19890219	10	1	10	10	1	1	1	-0.4	0
chr1:20010125	10	1	10	10	1	1	1	-0.4	0
chr1:20012659	10	1	10	10	1	1	1	-0.4	0
chr1:20047555	10	1	10	10	1	1	1	-0.4	0
chr1:20707107	10	1	10	10	1	1	1	-0.4	0
chr1:20876495	10	1	10	10	1	1	1	-0.4	0
chr1:20911436	10	1	10	10	1	1	1	-0.4	0
chr1:20938607	10	1	10	10	1	1	1	-0.4	0
chr1:20948421	10	1	10	10	1	1	1	-0.4	0
chr1:20951899	10	1	10	10	1	1	1	-0.4	0
chr1:21044002	10	1	10	10	1	1	1	-0.4	0
chr1:21363798	10	1	10	10	1	1	1	-0.4	0
chr1:21443540	10	1	10	10	1	1	1	-0.4	0
chr1:21544562	10	1	10	10	1	1	1	-0.4	0
chr1:21563940	10	1	10	10	1	1	1	-0.4	0
chr1:21700138	10	1	10	10	1	1	1	-0.4	0
chr1:21716448	10	1	10	10	1	1	1	-0.4	0
chr1:22034213	10	1	10	10	1	1	1	-0.4	0
chr1:22594039	10	1	10	10	1	1	1	-0.4	0
chr1:22641177	10	1	10	10	1	1	1	-0.4	0
chr1:22645296	10	1	10	10	1	1	1	-0.4	0
chr1:22649649	10	1	10	10	1	1	1	-0.4	0
chr1:22677651	10	1	10	10	1	1	1	-0.4	0
chr1:22763059	10	1	10	10	1	1	1	-0.4	0
chr1:22844501	10	1	10	10	1	1	1	-0.4	0
chr1:23016148	10	1	10	10	1	1	1	-0.4	0
chr1:23020658	10	1	10	10	1	1	1	-0.4	0
chr1:23022785	10	1	10	10	1	1	1	-0.4	0
chr1:23024084	10	1	10	10	1	1	1	-0.4	0
chr1:23084185	10	1	10	10	1	1	1	-0.4	0
chr1:23166642	10	1	10	10	1	1	1	-0.4	0
chr1:23201148	10	1	10	10	1	1	1	-0.4	0
chr1:23396612	10	1	10	10	1	1	1	-0.4	0
chr1:23459848	10	1	10	10	1	1	1	-0.4	0
chr1:23787409	10	1	10	10	1	1	1	-0.4	0
chr1:23895851	10	1	10	10	1	1	1	-0.4	0
chr1:23899123	10	1	10	10	1	1	1	-0.4	0
chr1:23922050	10	1	10	10	1	1	1	-0.4	0
chr1:24129152	10	1	10	10	1	1	1	-0.4	0
chr1:24292299	10	1	10	10	1	1	1	-0.4	0
chr1:24349227	10	1	10	10	1	1	1	-0.4	0
chr1:24357535	10	1	10	10	1	1	1	-0.4	0
chr1:24359197	10	1	10	10	1	1	1	-0.4	0
chr1:24443442	10	1	10	10	1	1	1	-0.4	0
chr1:24443915	10	1	10	10	1	1	1	-0.4	0
chr1:24494801	10	1	10	10	1	1	1	-0.4	0
chr1:24647980	10	1	10	10	1	1	1	-0.4	0
chr1:24657500	10	1	10	10	1	1	1	-0.4	0
chr1:24831455	10	1	10	10	1	1	1	-0.4	0
chr1:24848129	10	1	10	10	1	1	1	-0.4	0
chr1:24908977	10	1	10	10	1	1	1	-0.4	0
chr1:25138008	10	1	10	10	1	1	1	-0.4	0
chr1:25216272	10	1	10	10	1	1	1	-0.4	0
chr1:25272102	10	1	10	10	1	1	1	-0.4	0
chr1:25319723	10	1	10	10	1	1	1	-0.4	0
chr1:25425534	10	1	10	10	1	1	1	-0.4	0
chr1:25470112	10	1	10	10	1	1	1	-0.4	0
chr1:25473351	10	1	10	10	1	1	1	-0.4	0
chr1:25659129	10	1	10	10	1	1	1	-0.4	0
chr1:25724980	10	1	10	10	1	1	1	-0.4	0
chr1:25830807	10	1	10	10	1	1	1	-0.4	0
chr1:25876035	10	1	10	10	1	1	1	-0.4	0
chr1:25876831	10	1	10	10	1	1	1	-0.4	0
chr1:25877638	10	1	10	10	1	1	1	-0.4	0
chr1:26043085	10	1	10	10	1	1	1	-0.4	0
chr1:26089025	10	1	10	10	1	1	1	-0.4	0
chr1:26123571	10	1	10	10	1	1	1	-0.4	0
chr1:26235842	10	1	10	10	1	1	1	-0.4	0
chr1:26266620	10	1	10	10	1	1	1	-0.4	0
chr1:26279448	10	1	10	10	1	1	1	-0.4	0
chr1:26306868	10	1	10	10	1	1	1	-0.4	0
chr1:26483929	10	1	10	10	1	1	1	-0.4	0
chr1:26484965	10	1	10	10	1	1	1	-0.4	0
chr1:26541453	10	1	10	10	1	1	1	-0.4	0
chr1:26587583	10	1	10	10	1	1	1	-0.4	0
chr1:26591621	10	1	10	10	1	1	1	-0.4	0
chr1:26593033	10	1	10	10	1	1	1	-0.4	0
chr1:26676660	10	1	10	10	1	1	1	-0.4	0
chr1:26695029	10	1	10	10	1	1	1	-0.4	0
chr1:26718160	10	1	10	10	1	1	1	-0.4	0
chr1:26719420	10	1	10	10	1	1	1	-0.4	0
chr1:26738933	10	1	10	10	1	1	1	-0.4	0
chr1:26790444	10	1	10	10	1	1	1	-0.4	0
chr1:26909724	10	1	10	10	1	1	1	-0.4	0
chr1:26938032	10	1	10	10	1	1	1	-0.4	0
chr1:26970569	10	1	10	10	1	1	1	-0.4	0
chr1:27147941	10	1	10	10	1	1	1	-0.4	0
chr1:27171961	10	1	10	10	1	1	1	-0.4	0
chr1:27300724	10	1	10	10	1	1	1	-0.4	0
chr1:27306690	10	1	10	10	1	1	1	-0.4	0
chr1:27366159	10	1	10	10	1	1	1	-0.4	0
chr1:27483951	10	1	10	10	1	1	1	-0.4	0
chr1:27638388	10	1	10	10	1	1	1	-0.4	0
chr1:27639164	10	1	10	10	1	1	1	-0.4	0
chr1:27708102	10	1	10	10	1	1	1	-0.4	0
chr1:27786036	10	1	10	10	1	1	1	-0.4	0
chr1:27953058	10	1	10	10	1	1	1	-0.4	0
chr1:27981669	10	1	10	10	1	1	1	-0.4	0
chr1:28095547	10	1	10	10	1	1	1	-0.4	0
chr1:28098515	10	1	10	10	1	1	1	-0.4	0
chr1:28115765	10	1	10	10	1	1	1	-0.4	0
chr1:28145468	10	1	10	10	1	1	1	-0.4	0
chr1:28285761	10	1	10	10	1	1	1	-0.4	0
chr1:28644832	10	1	10	10	1	1	1	-0.4	0
chr1:28654048	10	1	10	10	1	1	1	-0.4	0
chr1:28680583	10	1	10	10	1	1	1	-0.4	0
chr1:28745954	10	1	10	10	1	1	1	-0.4	0
chr1:28749112	10	1	10	10	1	1	1	-0.4	0
chr1:28894996	10	1	10	10	1	1	1	-0.4	0
chr1:28925538	10	1	10	10	1	1	1	-0.4	0
chr1:29215948	10	1	10	10	1	1	1	-0.4	0
chr1:29329912	10	1	10	10	1	1	1	-0.4	0
chr1:29330877	10	1	10	10	1	1	1	-0.4	0
chr1:29333071	10	1	10	10	1	1	1	-0.4	0
chr1:29474018	10	1	10	10	1	1	1	-0.4	0
chr1:29643492	10	1	10	10	1	1	1	-0.4	0
chr1:29785495	10	1	10	10	1	1	1	-0.4	0
chr1:29835992	10	1	10	10	1	1	1	-0.4	0
chr1:29986126	10	1	10	10	1	1	1	-0.4	0
chr1:30217287	10	1	10	10	1	1	1	-0.4	0
chr1:30244883	10	1	10	10	1	1	1	-0.4	0
chr1:30245770	10	1	10	10	1	1	1	-0.4	0
chr1:30246020	10	1	10	10	1	1	1	-0.4	0
chr1:30249402	10	1	10	10	1	1	1	-0.4	0
chr1:30292450	10	1	10	10	1	1	1	-0.4	0
chr1:30379923	10	1	10	10	1	1	1	-0.4	0
chr1:30380545	10	1	10	10	1	1	1	-0.4	0
chr2:1374	10	1	10	10	1	1	1	-0.4	0
chr2:2651	10	1	10	10	1	1	1	-0.4	0
chr2:3429	10	1	10	10	1	1	1	-0.4	0
chr2:10036	10	1	10	10	1	1	1	-0.4	0
chr2:97777	10	1	10	10	1	1	1	-0.4	0
chr2:109269	10	1	10	10	1	1	1	-0.4	0
chr2:203986	10	1	10	10	1	1	1	-0.4	0
chr2:495051	10	1	10	10	1	1	1	-0.4	0
chr2:583421	10	1	10	10	1	1	1	-0.4	0
chr2:587358	10	1	10	10	1	1	1	-0.4	0
chr2:592016	10	1	10	10	1	1	1	-0.4	0
chr2:641647	10	1	10	10	1	1	1	-0.4	0
chr2:977457	10	1	10	10	1	1	1	-0.4	0
chr2:1002923	10	1	10	10	1	1	1	-0.4	0
chr2:1140027	10	1	10	10	1	1	1	-0.4	0
chr2:1572267	10	1	10	10	1	1	1	-0.4	0
chr2:2291619	10	1	10	10	1	1	1	-0.4	0
chr2:3619019	10	1	10	10	1	1	1	-0.4	0
chr2:3619518	10	1	10	10	1	1	1	-0.4	0
chr2:3620004	10	1	10	10	1	1	1	-0.4	0
chr2:3621216	10	1	10	10	1	1	1	-0.4	0
chr2:3624632	10	1	10	10	1	1	1	-0.4	0
chr2:3626333	10	1	10	10	1	1	1	-0.4	0
chr2:5766833	10	1	10	10	1	1	1	-0.4	0
chr2:6018187	10	1	10	10	1	1	1	-0.4	0
chr2:6321567	10	1	10	10	1	1	1	-0.4	0
chr2:6608446	10	1	10	10	1	1	1	-0.4	0
chr2:6758442	10	1	10	10	1	1	1	-0.4	0
chr2:6761490	10	1	10	10	1	1	1	-0.4	0
chr2:6894780	10	1	10	10	1	1	1	-0.4	0
chr2:7190965	10	1	10	10	1	1	1	-0.4	0
chr2:7245858	10	1	10	10	1	1	1	-0.4	0
chr2:7459011	10	1	10	10	1	1	1	-0.4	0
chr2:7578597	10	1	10	10	1	1	1	-0.4	0
chr2:7693490	10	1	10	10	1	1	1	-0.4	0
chr2:7713081	10	1	10	10	1	1	1	-0.4	0
chr2:7972219	10	1	10	10	1	1	1	-0.4	0
chr2:7995594	10	1	10	10	1	1	1	-0.4	0
chr2:7995978	10	1	10	10	1	1	1	-0.4	0
chr2:8091710	10	1	10	10	1	1	1	-0.4	0
chr2:8097443	10	1	10	10	1	1	1	-0.4	0
chr2:8223018	10	1	10	10	1	1	1	-0.4	0
chr2:8256650	10	1	10	10	1	1	1	-0.4	0
chr2:8329972	10	1	10	10	1	1	1	-0.4	0
chr2:8330546	10	1	10	10	1	1	1	-0.4	0
chr2:8331720	10	1	10	10	1	1	1	-0.4	0
chr2:8473847	10	1	10	10	1	1	1	-0.4	0
chr2:8556459	10	1	10	10	1	1	1	-0.4	0
chr2:8567054	10	1	10	10	1	1	1	-0.4	0
chr2:9002934	10	1	10	10	1	1	1	-0.4	0
chr2:9006386	10	1	10	10	1	1	1	-0.4	0
chr2:9119070	10	1	10	10	1	1	1	-0.4	0
chr2:9386410	10	1	10	10	1	1	1	-0.4	0
chr2:9706452	10	1	10	10	1	1	1	-0.4	0
chr2:9710660	10	1	10	10	1	1	1	-0.4	0
chr2:9741689	10	1	10	10	1	1	1	-0.4	0
chr2:9920043	10	1	10	10	1	1	1	-0.4	0
chr2:9923901	10	1	10	10	1	1	1	-0.4	0
chr2:9924817	10	1	10	10	1	1	1	-0.4	0
chr2:9933357	10	1	10	10	1	1	1	-0.4	0
chr2:10072066	10	1	10	10	1	1	1	-0.4	0
chr2:10122375	10	1	10	10	1	1	1	-0.4	0
chr2:10135697	10	1	10	10	1	1	1	-0.4	0
chr2:10137440	10	1	10	10	1	1	1	-0.4	0
chr2:10243810	10	1	10	10	1	1	1	-0.4	0
chr2:10344304	10	1	10	10	1	1	1	-0.4	0
chr2:10438227	10	1	10	10	1	1	1	-0.4	0
chr2:10628928	10	1	10	10	1	1	1	-0.4	0
chr2:10847273	10	1	10	10	1	1	1	-0.4	0
chr2:10849215	10	1	10	10	1	1	1	-0.4	0
chr2:10849909	10	1	10	10	1	1	1	-0.4	0
chr2:11243226	10	1	10	10	1	1	1	-0.4	0
chr2:11380366	10	1	10	10	1	1	1	-0.4	0
chr2:11519258	10	1	10	10	1	1	1	-0.4	0
chr2:11683681	10	1	10	10	1	1	1	-0.4	0
chr2:11800997	10	1	10	10	1	1	1	-0.4	0
chr2:12018727	10	1	10	10	1	1	1	-0.4	0
chr2:12053366	10	1	10	10	1	1	1	-0.4	0
chr2:12280948	10	1	10	10	1	1	1	-0.4	0
chr2:12321727	10	1	10	10	1	1	1	-0.4	0
chr2:12386428	10	1	10	10	1	1	1	-0.4	0
chr2:12408322	10	1	10	10	1	1	1	-0.4	0
chr2:12419948	10	1	10	10	1	1	1	-0.4	0
chr2:12484759	10	1	10	10	1	1	1	-0.4	0
chr2:12632627	10	1	10	10	1	1	1	-0.4	0
chr2:12767532	10	1	10	10	1	1	1	-0.4	0
chr2:12800083	10	1	10	10	1	1	1	-0.4	0
chr2:12821803	10	1	10	10	1	1	1	-0.4	0
chr2:12872198	10	1	10	10	1	1	1	-0.4	0
chr2:13200568	10	1	10	10	1	1	1	-0.4	0
chr2:13201327	10	1	10	10	1	1	1	-0.4	0
chr2:13316262	10	1	10	10	1	1	1	-0.4	0
chr2:13490137	10	1	10	10	1	1	1	-0.4	0
chr2:13528606	10	1	10	10	1	1	1	-0.4	0
chr2:13554118	10	1	10	10	1	1	1	-0.4	0
chr2:13689479	10	1	10	10	1	1	1	-0.4	0
chr2:13691165	10	1	10	10	1	1	1	-0.4	0
chr2:13702651	10	1	10	10	1	1	1	-0.4	0
chr2:13739877	10	1	10	10	1	1	1	-0.4	0
chr2:13765870	10	1	10	10	1	1	1	-0.4	0
chr2:13984149	10	1	10	10	1	1	1	-0.4	0
chr2:14180376	10	1	10	10	1	1	1	-0.4	0
chr2:14261621	10	1	10	10	1	1	1	-0.4	0
chr2:14432497	10	1	10	10	1	1	1	-0.4	0
chr2:14542210	10	1	10	10	1	1	1	-0.4	0
chr2:14753012	10	1	10	10	1	1	1	-0.4	0
chr2:14754067	10	1	10	10	1	1	1	-0.4	0
chr2:14884245	10	1	10	10	1	1	1	-0.4	0
chr2:14888187	10	1	10	10	1	1	1	-0.4	0
chr2:14965432	10	1	10	10	1	1	1	-0.4	0
chr2:15015520	10	1	10	10	1	1	1	-0.4	0
chr2:15015914	10	1	10	10	1	1	1	-0.4	0
chr2:15066081	10	1	10	10	1	1	1	-0.4	0
chr2:15072799	10	1	10	10	1	1	1	-0.4	0
chr2:15084769	10	1	10	10	1	1	1	-0.4	0
chr2:15086732	10	1	10	10	1	1	1	-0.4	0
chr2:15100160	10	1	10	10	1	1	1	-0.4	0
chr2:15158354	10	1	10	10	1	1	1	-0.4	0
chr2:15187052	10	1	10	10	1	1	1	-0.4	0
chr2:15187555	10	1	10	10	1	1	1	-0.4	0
chr2:15193542	10	1	10	10	1	1	1	-0.4	0
chr2:15277739	10	1	10	10	1	1	1	-0.4	0
chr2:15294054	10	1	10	10	1	1	1	-0.4	0
chr2:15372127	10	1	10	10	1	1	1	-0.4	0
chr2:15374317	10	1	10	10	1	1	1	-0.4	0
chr2:15375241	10	1	10	10	1	1	1	-0.4	0
chr2:15470227	10	1	10	10	1	1	1	-0.4	0
chr2:15514785	10	1	10	10	1	1	1	-0.4	0
chr2:15518483	10	1	10	10	1	1	1	-0.4	0
chr2:15521718	10	1	10	10	1	1	1	-0.4	0
chr2:15613084	10	1	10	10	1	1	1	-0.4	0
chr2:15706025	10	1	10	10	1	1	1	-0.4	0
chr2:15717415	10	1	10	10	1	1	1	-0.4	0
chr2:15847396	10	1	10	10	1	1	1	-0.4	0
chr2:15849839	10	1	10	10	1	1	1	-0.4	0
chr2:16108829	10	1	10	10	1	1	1	-0.4	0
chr2:16257797	10	1	10	10	1	1	1	-0.4	0
chr2:16360163	10	1	10	10	1	1	1	-0.4	0
chr2:16361337	10	1	10	10	1	1	1	-0.4	0
chr2:16361951	10	1	10	10	1	1	1	-0.4	0
chr2:16365000	10	1	10	10	1	1	1	-0.4	0
chr2:16365992	10	1	10	10	1	1	1	-0.4	0
chr2:16368674	10	1	10	10	1	1	1	-0.4	0
chr2:16370451	10	1	10	10	1	1	1	-0.4	0
chr2:16371732	10	1	10	10	1	1	1	-0.4	0
chr2:16449599	10	1	10	10	1	1	1	-0.4	0
chr2:16497510	10	1	10	10	1	1	1	-0.4	0
chr2:16531006	10	1	10	10	1	1	1	-0.4	0
chr2:16557720	10	1	10	10	1	1	1	-0.4	0
chr2:16651312	10	1	10	10	1	1	1	-0.4	0
chr2:16655047	10	1	10	10	1	1	1	-0.4	0
chr2:16688308	10	1	10	10	1	1	1	-0.4	0
chr2:16689422	10	1	10	10	1	1	1	-0.4	0
chr2:16692296	10	1	10	10	1	1	1	-0.4	0
chr2:16707446	10	1	10	10	1	1	1	-0.4	0
chr2:16743915	10	1	10	10	1	1	1	-0.4	0
chr2:16749846	10	1	10	10	1	1	1	-0.4	0
chr2:16801812	10	1	10	10	1	1	1	-0.4	0
chr2:16929518	10	1	10	10	1	1	1	-0.4	0
chr2:17177740	10	1	10	10	1	1	1	-0.4	0
chr2:17189482	10	1	10	10	1	1	1	-0.4	0
chr2:17219190	10	1	10	10	1	1	1	-0.4	0
chr2:17336194	10	1	10	10	1	1	1	-0.4	0
chr2:17336458	10	1	10	10	1	1	1	-0.4	0
chr2:17548045	10	1	10	10	1	1	1	-0.4	0
chr2:17614361	10	1	10	10	1	1	1	-0.4	0
chr2:17638831	10	1	10	10	1	1	1	-0.4	0
chr2:17640002	10	1	10	10	1	1	1	-0.4	0
chr2:17665834	10	1	10	10	1	1	1	-0.4	0
chr2:17910707	10	1	10	10	1	1	1	-0.4	0
chr2:18217583	10	1	10	10	1	1	1	-0.4	0
chr2:18226689	10	1	10	10	1	1	1	-0.4	0
chr2:18236883	10	1	10	10	1	1	1	-0.4	0
chr2:18237759	10	1	10	10	1	1	1	-0.4	0
chr2:18238056	10	1	10	10	1	1	1	-0.4	0
chr2:18312855	10	1	10	10	1	1	1	-0.4	0
chr2:18321975	10	1	10	10	1	1	1	-0.4	0
chr2:18323091	10	1	10	10	1	1	1	-0.4	0
chr2:18345410	10	1	10	10	1	1	1	-0.4	0
chr2:18346829	10	1	10	10	1	1	1	-0.4	0
chr2:18363919	10	1	10	10	1	1	1	-0.4	0
chr2:18423747	10	1	10	10	1	1	1	-0.4	0
chr2:18483138	10	1	10	10	1	1	1	-0.4	0
chr2:18624361	10	1	10	10	1	1	1	-0.4	0
chr2:18785460	10	1	10	10	1	1	1	-0.4	0
chr2:18843689	10	1	10	10	1	1	1	-0.4	0
chr2:18916579	10	1	10	10	1	1	1	-0.4	0
chr2:19033804	10	1	10	10	1	1	1	-0.4	0
chr2:19057918	10	1	10	10	1	1	1	-0.4	0
chr2:19085877	10	1	10	10	1	1	1	-0.4	0
chr2:19179470	10	1	10	10	1	1	1	-0.4	0
chr2:19349350	10	1	10	10	1	1	1	-0.4	0
chr2:19350834	10	1	10	10	1	1	1	-0.4	0
chr2:19378440	10	1	10	10	1	1	1	-0.4	0
chr2:19391062	10	1	10	10	1	1	1	-0.4	0
chr2:19557801	10	1	10	10	1	1	1	-0.4	0
chr2:19574814	10	1	10	10	1	1	1	-0.4	0
chr3:22878	10	1	10	10	1	1	1	-0.4	0
chr3:41178	10	1	10	10	1	1	1	-0.4	0
chr3:61277	10	1	10	10	1	1	1	-0.4	0
chr3:88110	10	1	10	10	1	1	1	-0.4	0
chr3:88879	10	1	10	10	1	1	1	-0.4	0
chr3:89337	10	1	10	10	1	1	1	-0.4	0
chr3:89924	10	1	10	10	1	1	1	-0.4	0
chr3:183330	10	1	10	10	1	1	1	-0.4	0
chr3:327607	10	1	10	10	1	1	1	-0.4	0
chr3:508322	10	1	10	10	1	1	1	-0.4	0
chr3:536608	10	1	10	10	1	1	1	-0.4	0
chr3:538431	10	1	10	10	1	1	1	-0.4	0
chr3:555606	10	1	10	10	1	1	1	-0.4	0
chr3:608019	10	1	10	10	1	1	1	-0.4	0
chr3:649576	10	1	10	10	1	1	1	-0.4	0
chr3:1059279	10	1	10	10	1	1	1	-0.4	0
chr3:1066922	10	1	10	10	1	1	1	-0.4	0
chr3:1174667	10	1	10	10	1	1	1	-0.4	0
chr3:1175345	10	1	10	10	1	1	1	-0.4	0
chr3:1215060	10	1	10	10	1	1	1	-0.4	0
chr3:1233571	10	1	10	10	1	1	1	-0.4	0
chr3:1446206	10	1	10	10	1	1	1	-0.4	0
chr3:1612592	10	1	10	10	1	1	1	-0.4	0
chr3:1678869	10	1	10	10	1	1	1	-0.4	0
chr3:1759447	10	1	10	10	1	1	1	-0.4	0
chr3:1759698	10	1	10	10	1	1	1	-0.4	0
chr3:1760268	10	1	10	10	1	1	1	-0.4	0
chr3:1879633	10	1	10	10	1	1	1	-0.4	0
chr3:1917005	10	1	10	10	1	1	1	-0.4	0
chr3:2177519	10	1	10	10	1	1	1	-0.4	0
chr3:2354694	10	1	10	10	1	1	1	-0.4	0
chr3:2425753	10	1	10	10	1	1	1	-0.4	0
chr3:2441573	10	1	10	10	1	1	1	-0.4	0
chr3:2662061	10	1	10	10	1	1	1	-0.4	0
chr3:2749320	10	1	10	10	1	1	1	-0.4	0
chr3:2753511	10	1	10	10	1	1	1	-0.4	0
chr3:2832120	10	1	10	10	1	1	1	-0.4	0
chr3:3045261	10	1	10	10	1	1	1	-0.4	0
chr3:3556006	10	1	10	10	1	1	1	-0.4	0
chr3:3582938	10	1	10	10	1	1	1	-0.4	0
chr3:3694116	10	1	10	10	1	1	1	-0.4	0
chr3:3696310	10	1	10	10	1	1	1	-0.4	0
chr3:3731032	10	1	10	10	1	1	1	-0.4	0
chr3:3826076	10	1	10	10	1	1	1	-0.4	0
chr3:3964875	10	1	10	10	1	1	1	-0.4	0
chr3:4106782	10	1	10	10	1	1	1	-0.4	0
chr3:4216272	10	1	10	10	1	1	1	-0.4	0
chr3:4371231	10	1	10	10	1	1	1	-0.4	0
chr3:4372091	10	1	10	10	1	1	1	-0.4	0
chr3:4373760	10	1	10	10	1	1	1	-0.4	0
chr3:4376310	10	1	10	10	1	1	1	-0.4	0
chr3:4439262	10	1	10	10	1	1	1	-0.4	0
chr3:4439748	10	1	10	10	1	1	1	-0.4	0
chr3:4440171	10	1	10	10	1	1	1	-0.4	0
chr3:4462179	10	1	10	10	1	1	1	-0.4	0
chr3:4493984	10	1	10	10	1	1	1	-0.4	0
chr3:4537518	10	1	10	10	1	1	1	-0.4	0
chr3:4603801	10	1	10	10	1	1	1	-0.4	0
chr3:4663622	10	1	10	10	1	1	1	-0.4	0
chr3:4736301	10	1	10	10	1	1	1	-0.4	0
chr3:4988141	10	1	10	10	1	1	1	-0.4	0
chr3:5024034	10	1	10	10	1	1	1	-0.4	0
chr3:5025304	10	1	10	10	1	1	1	-0.4	0
chr3:5047335	10	1	10	10	1	1	1	-0.4	0
chr3:5095907	10	1	10	10	1	1	1	-0.4	0
chr3:5122830	10	1	10	10	1	1	1	-0.4	0
chr3:5297906	10	1	10	10	1	1	1	-0.4	0
chr3:5304253	10	1	10	10	1	1	1	-0.4	0
chr3:5603735	10	1	10	10	1	1	1	-0.4	0
chr3:5694526	10	1	10	10	1	1	1	-0.4	0
chr3:5695043	10	1	10	10	1	1	1	-0.4	0
chr3:5731072	10	1	10	10	1	1	1	-0.4	0
chr3:5776084	10	1	10	10	1	1	1	-0.4	0
chr3:5778334	10	1	10	10	1	1	1	-0.4	0
chr3:5827406	10	1	10	10	1	1	1	-0.4	0
chr3:6088977	10	1	10	10	1	1	1	-0.4	0
chr3:6270065	10	1	10	10	1	1	1	-0.4	0
chr3:6435643	10	1	10	10	1	1	1	-0.4	0
chr3:6492677	10	1	10	10	1	1	1	-0.4	0
chr3:6493802	10	1	10	10	1	1	1	-0.4	0
chr3:6531777	10	1	10	10	1	1	1	-0.4	0
chr3:6532467	10	1	10	10	1	1	1	-0.4	0
chr3:6565260	10	1	10	10	1	1	1	-0.4	0
chr3:6826030	10	1	10	10	1	1	1	-0.4	0
chr3:6933705	10	1	10	10	1	1	1	-0.4	0
chr3:7094473	10	1	10	10	1	1	1	-0.4	0
chr3:7116109	10	1	10	10	1	1	1	-0.4	0
chr3:7160505	10	1	10	10	1	1	1	-0.4	0
chr3:7213875	10	1	10	10	1	1	1	-0.4	0
chr3:7385372	10	1	10	10	1	1	1	-0.4	0
chr3:7510412	10	1	10	10	1	1	1	-0.4	0
chr3:8048792	10	1	10	10	1	1	1	-0.4	0
chr3:8065796	10	1	10	10	1	1	1	-0.4	0
chr3:8263076	10	1	10	10	1	1	1	-0.4	0
chr3:8279116	10	1	10	10	1	1	1	-0.4	0
chr3:8465880	10	1	10	10	1	1	1	-0.4	0
chr3:8709871	10	1	10	10	1	1	1	-0.4	0
chr3:8734726	10	1	10	10	1	1	1	-0.4	0
chr3:8808658	10	1	10	10	1	1	1	-0.4	0
chr3:8809514	10	1	10	10	1	1	1	-0.4	0
chr3:8866912	10	1	10	10	1	1	1	-0.4	0
chr3:8902802	10	1	10	10	1	1	1	-0.4	0
chr3:8941207	10	1	10	10	1	1	1	-0.4	0
chr3:8959199	10	1	10	10	1	1	1	-0.4	0
chr3:9381649	10	1	10	10	1	1	1	-0.4	0
chr3:9412492	10	1	10	10	1	1	1	-0.4	0
chr3:9416469	10	1	10	10	1	1	1	-0.4	0
chr3:9595455	10	1	10	10	1	1	1	-0.4	0
chr3:9710110	10	1	10	10	1	1	1	-0.4	0
chr3:9741372	10	1	10	10	1	1	1	-0.4	0
chr3:9855199	10	1	10	10	1	1	1	-0.4	0
chr3:10053950	10	1	10	10	1	1	1	-0.4	0
chr3:10190431	10	1	10	10	1	1	1	-0.4	0
chr3:10191996	10	1	10	10	1	1	1	-0.4	0
chr3:10337095	10	1	10	10	1	1	1	-0.4	0
chr3:10598284	10	1	10	10	1	1	1	-0.4	0
chr3:10850185	10	1	10	10	1	1	1	-0.4	0
chr3:11030009	10	1	10	10	1	1	1	-0.4	0
chr3:11034898	10	1	10	10	1	1	1	-0.4	0
chr3:11297038	10	1	10	10	1	1	1	-0.4	0
chr3:12451814	10	1	10	10	1	1	1	-0.4	0
chr3:13587687	10	1	10	10	1	1	1	-0.4	0
chr3:13589307	10	1	10	10	1	1	1	-0.4	0
chr3:13590641	10	1	10	10	1	1	1	-0.4	0
chr3:13591114	10	1	10	10	1	1	1	-0.4	0
chr3:13591712	10	1	10	10	1	1	1	-0.4	0
chr3:13592267	10	1	10	10	1	1	1	-0.4	0
chr3:14196050	10	1	10	10	1	1	1	-0.4	0
chr3:14196920	10	1	10	10	1	1	1	-0.4	0
chr3:14197398	10	1	10	10	1	1	1	-0.4	0
chr3:14199656	10	1	10	10	1	1	1	-0.4	0
chr3:14200080	10	1	10	10	1	1	1	-0.4	0
chr3:14201702	10	1	10	10	1	1	1	-0.4	0
chr3:14202119	10	1	10	10	1	1	1	-0.4	0
chr3:15953204	10	1	10	10	1	1	1	-0.4	0
chr3:16481884	10	1	10	10	1	1	1	-0.4	0
chr3:16667238	10	1	10	10	1	1	1	-0.4	0
chr3:16668765	10	1	10	10	1	1	1	-0.4	0
chr3:16700994	10	1	10	10	1	1	1	-0.4	0
chr3:16703511	10	1	10	10	1	1	1	-0.4	0
chr3:16758951	10	1	10	10	1	1	1	-0.4	0
chr3:16761929	10	1	10	10	1	1	1	-0.4	0
chr3:16782510	10	1	10	10	1	1	1	-0.4	0
chr3:16789725	10	1	10	10	1	1	1	-0.4	0
chr3:16931653	10	1	10	10	1	1	1	-0.4	0
chr3:17004419	10	1	10	10	1	1	1	-0.4	0
chr3:17008538	10	1	10	10	1	1	1	-0.4	0
chr3:17009260	10	1	10	10	1	1	1	-0.4	0
chr3:17009892	10	1	10	10	1	1	1	-0.4	0
chr3:17157721	10	1	10	10	1	1	1	-0.4	0
chr3:17178406	10	1	10	10	1	1	1	-0.4	0
chr3:17180159	10	1	10	10	1	1	1	-0.4	0
chr3:17180627	10	1	10	10	1	1	1	-0.4	0
chr3:17185267	10	1	10	10	1	1	1	-0.4	0
chr3:17199397	10	1	10	10	1	1	1	-0.4	0
chr3:17201939	10	1	10	10	1	1	1	-0.4	0
chr3:17204087	10	1	10	10	1	1	1	-0.4	0
chr3:17212629	10	1	10	10	1	1	1	-0.4	0
chr3:17240981	10	1	10	10	1	1	1	-0.4	0
chr3:17384067	10	1	10	10	1	1	1	-0.4	0
chr3:17646395	10	1	10	10	1	1	1	-0.4	0
chr3:17690879	10	1	10	10	1	1	1	-0.4	0
chr3:17701021	10	1	10	10	1	1	1	-0.4	0
chr3:17704630	10	1	10	10	1	1	1	-0.4	0
chr3:17739951	10	1	10	10	1	1	1	-0.4	0
chr3:18137345	10	1	10	10	1	1	1	-0.4	0
chr3:18137926	10	1	10	10	1	1	1	-0.4	0
chr3:18139110	10	1	10	10	1	1	1	-0.4	0
chr3:18241095	10	1	10	10	1	1	1	-0.4	0
chr3:18469557	10	1	10	10	1	1	1	-0.4	0
chr3:18478428	10	1	10	10	1	1	1	-0.4	0
chr3:18510113	10	1	10	10	1	1	1	-0.4	0
chr3:18514029	10	1	10	10	1	1	1	-0.4	0
chr3:18514289	10	1	10	10	1	1	1	-0.4	0
chr3:18516435	10	1	10	10	1	1	1	-0.4	0
chr3:18516979	10	1	10	10	1	1	1	-0.4	0
chr3:18673947	10	1	10	10	1	1	1	-0.4	0
chr3:18728940	10	1	10	10	1	1	1	-0.4	0
chr3:18822133	10	1	10	10	1	1	1	-0.4	0
chr3:19063322	10	1	10	10	1	1	1	-0.4	0
chr3:19063589	10	1	10	10	1	1	1	-0.4	0
chr3:19066769	10	1	10	10	1	1	1	-0.4	0
chr3:19269477	10	1	10	10	1	1	1	-0.4	0
chr3:19312361	10	1	10	10	1	1	1	-0.4	0
chr3:19442523	10	1	10	10	1	1	1	-0.4	0
chr3:19444291	10	1	10	10	1	1	1	-0.4	0
chr3:19453311	10	1	10	10	1	1	1	-0.4	0
chr3:19629435	10	1	10	10	1	1	1	-0.4	0
chr3:19825333	10	1	10	10	1	1	1	-0.4	0
chr3:19935442	10	1	10	10	1	1	1	-0.4	0
chr3:19936447	10	1	10	10	1	1	1	-0.4	0
chr3:20015175	10	1	10	10	1	1	1	-0.4	0
chr3:20049741	10	1	10	10	1	1	1	-0.4	0
chr3:20144061	10	1	10	10	1	1	1	-0.4	0
chr3:20296199	10	1	10	10	1	1	1	-0.4	0
chr3:20357831	10	1	10	10	1	1	1	-0.4	0
chr3:20442922	10	1	10	10	1	1	1	-0.4	0
chr3:20557044	10	1	10	10	1	1	1	-0.4	0
chr3:20694419	10	1	10	10	1	1	1	-0.4	0
chr3:20695099	10	1	10	10	1	1	1	-0.4	0
chr3:20738286	10	1	10	10	1	1	1	-0.4	0
chr3:20775012	10	1	10	10	1	1	1	-0.4	0
chr3:20776162	10	1	10	10	1	1	1	-0.4	0
chr3:20776706	10	1	10	10	1	1	1	-0.4	0
chr3:20802135	10	1	10	10	1	1	1	-0.4	0
chr3:21009075	10	1	10	10	1	1	1	-0.4	0
chr3:21059786	10	1	10	10	1	1	1	-0.4	0
chr3:21061532	10	1	10	10	1	1	1	-0.4	0
chr3:21252182	10	1	10	10	1	1	1	-0.4	0
chr3:21262766	10	1	10	10	1	1	1	-0.4	0
chr3:21384828	10	1	10	10	1	1	1	-0.4	0
chr3:21680022	10	1	10	10	1	1	1	-0.4	0
chr3:21709095	10	1	10	10	1	1	1	-0.4	0
chr3:21894398	10	1	10	10	1	1	1	-0.4	0
chr3:22077907	10	1	10	10	1	1	1	-0.4	0
chr3:22130466	10	1	10	10	1	1	1	-0.4	0
chr3:22248802	10	1	10	10	1	1	1	-0.4	0
chr3:22250872	10	1	10	10	1	1	1	-0.4	0
chr3:22295309	10	1	10	10	1	1	1	-0.4	0
chr3:22418134	10	1	10	10	1	1	1	-0.4	0
chr3:22432397	10	1	10	10	1	1	1	-0.4	0
chr3:22645594	10	1	10	10	1	1	1	-0.4	0
chr3:22654920	10	1	10	10	1	1	1	-0.4	0
chr3:22687661	10	1	10	10	1	1	1	-0.4	0
chr3:23026031	10	1	10	10	1	1	1	-0.4	0
chr3:23291699	10	1	10	10	1	1	1	-0.4	0
chr3:23410974	10	1	10	10	1	1	1	-0.4	0
chr3:23450288	10	1	10	10	1	1	1	-0.4	0
chr4:84516	10	1	10	10	1	1	1	-0.4	0
chr4:130488	10	1	10	10	1	1	1	-0.4	0
chr4:473853	10	1	10	10	1	1	1	-0.4	0
chr4:475477	10	1	10	10	1	1	1	-0.4	0
chr4:525329	10	1	10	10	1	1	1	-0.4	0
chr4:622635	10	1	10	10	1	1	1	-0.4	0
chr4:728074	10	1	10	10	1	1	1	-0.4	0
chr4:733635	10	1	10	10	1	1	1	-0.4	0
chr4:744163	10	1	10	10	1	1	1	-0.4	0
chr4:756117	10	1	10	10	1	1	1	-0.4	0
chr4:810569	10	1	10	10	1	1	1	-0.4	0
chr4:826701	10	1	10	10	1	1	1	-0.4	0
chr4:928276	10	1	10	10	1	1	1	-0.4	0
chr4:1044329	10	1	10	10	1	1	1	-0.4	0
chr4:1046767	10	1	10	10	1	1	1	-0.4	0
chr4:1062182	10	1	10	10	1	1	1	-0.4	0
chr4:1514737	10	1	10	10	1	1	1	-0.4	0
chr4:1527434	10	1	10	10	1	1	1	-0.4	0
chr4:1540129	10	1	10	10	1	1	1	-0.4	0
chr4:1548534	10	1	10	10	1	1	1	-0.4	0
chr4:1557513	10	1	10	10	1	1	1	-0.4	0
chr4:1569750	10	1	10	10	1	1	1	-0.4	0
chr4:2346249	10	1	10	10	1	1	1	-0.4	0
chr4:2412242	10	1	10	10	1	1	1	-0.4	0
chr4:2415689	10	1	10	10	1	1	1	-0.4	0
chr4:2497786	10	1	10	10	1	1	1	-0.4	0
chr4:2525500	10	1	10	10	1	1	1	-0.4	0
chr4:2531870	10	1	10	10	1	1	1	-0.4	0
chr4:2587982	10	1	10	10	1	1	1	-0.4	0
chr4:2635107	10	1	10	10	1	1	1	-0.4	0
chr4:2671086	10	1	10	10	1	1	1	-0.4	0
chr4:3950967	10	1	10	10	1	1	1	-0.4	0
chr4:3952989	10	1	10	10	1	1	1	-0.4	0
chr4:3953558	10	1	10	10	1	1	1	-0.4	0
chr4:3954745	10	1	10	10	1	1	1	-0.4	0
chr4:3965740	10	1	10	10	1	1	1	-0.4	0
chr4:3966538	10	1	10	10	1	1	1	-0.4	0
chr4:3987500	10	1	10	10	1	1	1	-0.4	0
chr4:5640598	10	1	10	10	1	1	1	-0.4	0
chr4:5757903	10	1	10	10	1	1	1	-0.4	0
chr4:6433708	10	1	10	10	1	1	1	-0.4	0
chr4:6435117	10	1	10	10	1	1	1	-0.4	0
chr4:6440507	10	1	10	10	1	1	1	-0.4	0
chr4:6614982	10	1	10	10	1	1	1	-0.4	0
chr4:6723244	10	1	10	10	1	1	1	-0.4	0
chr4:6758963	10	1	10	10	1	1	1	-0.4	0
chr4:6905732	10	1	10	10	1	1	1	-0.4	0
chr4:6910006	10	1	10	10	1	1	1	-0.4	0
chr4:6986784	10	1	10	10	1	1	1	-0.4	0
chr4:7305911	10	1	10	10	1	1	1	-0.4	0
chr4:7372916	10	1	10	10	1	1	1	-0.4	0
chr4:7787192	10	1	10	10	1	1	1	-0.4	0
chr4:7851034	10	1	10	10	1	1	1	-0.4	0
chr4:7860988	10	1	10	10	1	1	1	-0.4	0
chr4:7862604	10	1	10	10	1	1	1	-0.4	0
chr4:8273979	10	1	10	10	1	1	1	-0.4	0
chr4:8687645	10	1	10	10	1	1	1	-0.4	0
chr4:8688136	10	1	10	10	1	1	1	-0.4	0
chr4:8826325	10	1	10	10	1	1	1	-0.4	0
chr4:8877738	10	1	10	10	1	1	1	-0.4	0
chr4:8879040	10	1	10	10	1	1	1	-0.4	0
chr4:8907858	10	1	10	10	1	1	1	-0.4	0
chr4:8910893	10	1	10	10	1	1	1	-0.4	0
chr4:9202126	10	1	10	10	1	1	1	-0.4	0
chr4:9244045	10	1	10	10	1	1	1	-0.4	0
chr4:9385189	10	1	10	10	1	1	1	-0.4	0
chr4:9398385	10	1	10	10	1	1	1	-0.4	0
chr4:9753866	10	1	10	10	1	1	1	-0.4	0
chr4:9760616	10	1	10	10	1	1	1	-0.4	0
chr4:9816038	10	1	10	10	1	1	1	-0.4	0
chr4:9817864	10	1	10	10	1	1	1	-0.4	0
chr4:9838010	10	1	10	10	1	1	1	-0.4	0
chr4:9928780	10	1	10	10	1	1	1	-0.4	0
chr4:9930263	10	1	10	10	1	1	1	-0.4	0
chr4:9995598	10	1	10	10	1	1	1	-0.4	0
chr4:10060027	10	1	10	10	1	1	1	-0.4	0
chr4:10071460	10	1	10	10	1	1	1	-0.4	0
chr4:10073576	10	1	10	10	1	1	1	-0.4	0
chr4:10191419	10	1	10	10	1	1	1	-0.4	0
chr4:10291764	10	1	10	10	1	1	1	-0.4	0
chr4:10374501	10	1	10	10	1	1	1	-0.4	0
chr4:10437785	10	1	10	10	1	1	1	-0.4	0
chr4:10509875	10	1	10	10	1	1	1	-0.4	0
chr4:10698785	10	1	10	10	1	1	1	-0.4	0
chr4:10732178	10	1	10	10	1	1	1	-0.4	0
chr4:10766073	10	1	10	10	1	1	1	-0.4	0
chr4:10836081	10	1	10	10	1	1	1	-0.4	0
chr4:10840320	10	1	10	10	1	1	1	-0.4	0
chr4:10883053	10	1	10	10	1	1	1	-0.4	0
chr4:10883717	10	1	10	10	1	1	1	-0.4	0
chr4:11033944	10	1	10	10	1	1	1	-0.4	0
chr4:11121019	10	1	10	10	1	1	1	-0.4	0
chr4:11133959	10	1	10	10	1	1	1	-0.4	0
chr4:11154105	10	1	10	10	1	1	1	-0.4	0
chr4:11201293	10	1	10	10	1	1	1	-0.4	0
chr4:11269205	10	1	10	10	1	1	1	-0.4	0
chr4:11271612	10	1	10	10	1	1	1	-0.4	0
chr4:11351545	10	1	10	10	1	1	1	-0.4	0
chr4:11352356	10	1	10	10	1	1	1	-0.4	0
chr4:11462792	10	1	10	10	1	1	1	-0.4	0
chr4:11522329	10	1	10	10	1	1	1	-0.4	0
chr4:11523142	10	1	10	10	1	1	1	-0.4	0
chr4:11561118	10	1	10	10	1	1	1	-0.4	0
chr4:11698560	10	1	10	10	1	1	1	-0.4	0
chr4:11860206	10	1	10	10	1	1	1	-0.4	0
chr4:11924958	10	1	10	10	1	1	1	-0.4	0
chr4:11929195	10	1	10	10	1	1	1	-0.4	0
chr4:11957309	10	1	10	10	1	1	1	-0.4	0
chr4:11970310	10	1	10	10	1	1	1	-0.4	0
chr4:11973195	10	1	10	10	1	1	1	-0.4	0
chr4:11974400	10	1	10	10	1	1	1	-0.4	0
chr4:11990171	10	1	10	10	1	1	1	-0.4	0
chr4:12029528	10	1	10	10	1	1	1	-0.4	0
chr4:12046035	10	1	10	10	1	1	1	-0.4	0
chr4:12064042	10	1	10	10	1	1	1	-0.4	0
chr4:12074950	10	1	10	10	1	1	1	-0.4	0
chr4:12108766	10	1	10	10	1	1	1	-0.4	0
chr4:12143936	10	1	10	10	1	1	1	-0.4	0
chr4:12157146	10	1	10	10	1	1	1	-0.4	0
chr4:12170273	10	1	10	10	1	1	1	-0.4	0
chr4:12170915	10	1	10	10	1	1	1	-0.4	0
chr4:12278203	10	1	10	10	1	1	1	-0.4	0
chr4:12278876	10	1	10	10	1	1	1	-0.4	0
chr4:12344995	10	1	10	10	1	1	1	-0.4	0
chr4:12347057	10	1	10	10	1	1	1	-0.4	0
chr4:12348748	10	1	10	10	1	1	1	-0.4	0
chr4:12394195	10	1	10	10	1	1	1	-0.4	0
chr4:12396465	10	1	10	10	1	1	1	-0.4	0
chr4:12476021	10	1	10	10	1	1	1	-0.4	0
chr4:12489150	10	1	10	10	1	1	1	-0.4	0
chr4:12496040	10	1	10	10	1	1	1	-0.4	0
chr4:12571801	10	1	10	10	1	1	1	-0.4	0
chr4:12616820	10	1	10	10	1	1	1	-0.4	0
chr4:12694890	10	1	10	10	1	1	1	-0.4	0
chr4:12916301	10	1	10	10	1	1	1	-0.4	0
chr4:12969343	10	1	10	10	1	1	1	-0.4	0
chr4:13138228	10	1	10	10	1	1	1	-0.4	0
chr4:13161342	10	1	10	10	1	1	1	-0.4	0
chr4:13209250	10	1	10	10	1	1	1	-0.4	0
chr4:13217601	10	1	10	10	1	1	1	-0.4	0
chr4:13224535	10	1	10	10	1	1	1	-0.4	0
chr4:13278860	10	1	10	10	1	1	1	-0.4	0
chr4:13461232	10	1	10	10	1	1	1	-0.4	0
chr4:13513558	10	1	10	10	1	1	1	-0.4	0
chr4:13665082	10	1	10	10	1	1	1	-0.4	0
chr4:13677681	10	1	10	10	1	1	1	-0.4	0
chr4:13810448	10	1	10	10	1	1	1	-0.4	0
chr4:13816436	10	1	10	10	1	1	1	-0.4	0
chr4:13869606	10	1	10	10	1	1	1	-0.4	0
chr4:13997635	10	1	10	10	1	1	1	-0.4	0
chr4:14026208	10	1	10	10	1	1	1	-0.4	0
chr4:14183824	10	1	10	10	1	1	1	-0.4	0
chr4:14333042	10	1	10	10	1	1	1	-0.4	0
chr4:14385571	10	1	10	10	1	1	1	-0.4	0
chr4:14577771	10	1	10	10	1	1	1	-0.4	0
chr4:14579457	10	1	10	10	1	1	1	-0.4	0
chr4:14624956	10	1	10	10	1	1	1	-0.4	0
chr4:14701925	10	1	10	10	1	1	1	-0.4	0
chr4:14770483	10	1	10	10	1	1	1	-0.4	0
chr4:14775076	10	1	10	10	1	1	1	-0.4	0
chr4:14775560	10	1	10	10	1	1	1	-0.4	0
chr4:14823538	10	1	10	10	1	1	1	-0.4	0
chr4:14919128	10	1	10	10	1	1	1	-0.4	0
chr4:14958244	10	1	10	10	1	1	1	-0.4	0
chr4:15063256	10	1	10	10	1	1	1	-0.4	0
chr4:15068970	10	1	10	10	1	1	1	-0.4	0
chr4:15289683	10	1	10	10	1	1	1	-0.4	0
chr4:15290626	10	1	10	10	1	1	1	-0.4	0
chr4:15292001	10	1	10	10	1	1	1	-0.4	0
chr4:15382053	10	1	10	10	1	1	1	-0.4	0
chr4:15413199	10	1	10	10	1	1	1	-0.4	0
chr4:15469705	10	1	10	10	1	1	1	-0.4	0
chr4:15507384	10	1	10	10	1	1	1	-0.4	0
chr4:15595248	10	1	10	10	1	1	1	-0.4	0
chr4:15646594	10	1	10	10	1	1	1	-0.4	0
chr4:15655903	10	1	10	10	1	1	1	-0.4	0
chr4:15755210	10	1	10	10	1	1	1	-0.4	0
chr4:15825173	10	1	10	10	1	1	1	-0.4	0
chr4:15897838	10	1	10	10	1	1	1	-0.4	0
chr4:15907816	10	1	10	10	1	1	1	-0.4	0
chr4:15933526	10	1	10	10	1	1	1	-0.4	0
chr4:16102307	10	1	10	10	1	1	1	-0.4	0
chr4:16285676	10	1	10	10	1	1	1	-0.4	0
chr4:16286265	10	1	10	10	1	1	1	-0.4	0
chr4:16289920	10	1	10	10	1	1	1	-0.4	0
chr4:16343735	10	1	10	10	1	1	1	-0.4	0
chr4:16345025	10	1	10	10	1	1	1	-0.4	0
chr4:16350474	10	1	10	10	1	1	1	-0.4	0
chr4:16371491	10	1	10	10	1	1	1	-0.4	0
chr4:16741446	10	1	10	10	1	1	1	-0.4	0
chr4:16785505	10	1	10	10	1	1	1	-0.4	0
chr4:16855322	10	1	10	10	1	1	1	-0.4	0
chr4:16960265	10	1	10	10	1	1	1	-0.4	0
chr4:17104556	10	1	10	10	1	1	1	-0.4	0
chr4:17194477	10	1	10	10	1	1	1	-0.4	0
chr4:17226681	10	1	10	10	1	1	1	-0.4	0
chr4:17281337	10	1	10	10	1	1	1	-0.4	0
chr4:17281932	10	1	10	10	1	1	1	-0.4	0
chr4:17290222	10	1	10	10	1	1	1	-0.4	0
chr4:17482486	10	1	10	10	1	1	1	-0.4	0
chr4:17534117	10	1	10	10	1	1	1	-0.4	0
chr4:17571848	10	1	10	10	1	1	1	-0.4	0
chr4:17579530	10	1	10	10	1	1	1	-0.4	0
chr4:17641244	10	1	10	10	1	1	1	-0.4	0
chr4:17641974	10	1	10	10	1	1	1	-0.4	0
chr4:17643184	10	1	10	10	1	1	1	-0.4	0
chr4:17666829	10	1	10	10	1	1	1	-0.4	0
chr4:17757641	10	1	10	10	1	1	1	-0.4	0
chr4:17793919	10	1	10	10	1	1	1	-0.4	0
chr4:17986385	10	1	10	10	1	1	1	-0.4	0
chr4:18028866	10	1	10	10	1	1	1	-0.4	0
chr4:18267855	10	1	10	10	1	1	1	-0.4	0
chr4:18322722	10	1	10	10	1	1	1	-0.4	0
chr4:18410305	10	1	10	10	1	1	1	-0.4	0
chr4:18461852	10	1	10	10	1	1	1	-0.4	0
chr4:18573273	10	1	10	10	1	1	1	-0.4	0
chr4:18576301	10	1	10	10	1	1	1	-0.4	0
chr5:40873	10	1	10	10	1	1	1	-0.4	0
chr5:78641	10	1	10	10	1	1	1	-0.4	0
chr5:84709	10	1	10	10	1	1	1	-0.4	0
chr5:85241	10	1	10	10	1	1	1	-0.4	0
chr5:86182	10	1	10	10	1	1	1	-0.4	0
chr5:210758	10	1	10	10	1	1	1	-0.4	0
chr5:270672	10	1	10	10	1	1	1	-0.4	0
chr5:272409	10	1	10	10	1	1	1	-0.4	0
chr5:309130	10	1	10	10	1	1	1	-0.4	0
chr5:389095	10	1	10	10	1	1	1	-0.4	0
chr5:472484	10	1	10	10	1	1	1	-0.4	0
chr5:512928	10	1	10	10	1	1	1	-0.4	0
chr5:546902	10	1	10	10	1	1	1	-0.4	0
chr5:773998	10	1	10	10	1	1	1	-0.4	0
chr5:827973	10	1	10	10	1	1	1	-0.4	0
chr5:829196	10	1	10	10	1	1	1	-0.4	0
chr5:830124	10	1	10	10	1	1	1	-0.4	0
chr5:858528	10	1	10	10	1	1	1	-0.4	0
chr5:895811	10	1	10	10	1	1	1	-0.4	0
chr5:925566	10	1	10	10	1	1	1	-0.4	0
chr5:966836	10	1	10	10	1	1	1	-0.4	0
chr5:969383	10	1	10	10	1	1	1	-0.4	0
chr5:1217437	10	1	10	10	1	1	1	-0.4	0
chr5:1360699	10	1	10	10	1	1	1	-0.4	0
chr5:1368001	10	1	10	10	1	1	1	-0.4	0
chr5:1371547	10	1	10	10	1	1	1	-0.4	0
chr5:1414673	10	1	10	10	1	1	1	-0.4	0
chr5:1504583	10	1	10	10	1	1	1	-0.4	0
chr5:1505040	10	1	10	10	1	1	1	-0.4	0
chr5:1535292	10	1	10	10	1	1	1	-0.4	0
chr5:1551266	10	1	10	10	1	1	1	-0.4	0
chr5:1601817	10	1	10	10	1	1	1	-0.4	0
chr5:1609800	10	1	10	10	1	1	1	-0.4	0
chr5:1624399	10	1	10	10	1	1	1	-0.4	0
chr5:1670491	10	1	10	10	1	1	1	-0.4	0
chr5:1909256	10	1	10	10	1	1	1	-0.4	0
chr5:1952447	10	1	10	10	1	1	1	-0.4	0
chr5:2083847	10	1	10	10	1	1	1	-0.4	0
chr5:2132334	10	1	10	10	1	1	1	-0.4	0
chr5:2150867	10	1	10	10	1	1	1	-0.4	0
chr5:2167342	10	1	10	10	1	1	1	-0.4	0
chr5:2167600	10	1	10	10	1	1	1	-0.4	0
chr5:2204322	10	1	10	10	1	1	1	-0.4	0
chr5:2400830	10	1	10	10	1	1	1	-0.4	0
chr5:2433890	10	1	10	10	1	1	1	-0.4	0
chr5:2511265	10	1	10	10	1	1	1	-0.4	0
chr5:2614910	10	1	10	10	1	1	1	-0.4	0
chr5:2861537	10	1	10	10	1	1	1	-0.4	0
chr5:3150717	10	1	10	10	1	1	1	-0.4	0
chr5:3253179	10	1	10	10	1	1	1	-0.4	0
chr5:3327685	10	1	10	10	1	1	1	-0.4	0
chr5:3465206	10	1	10	10	1	1	1	-0.4	0
chr5:3524828	10	1	10	10	1	1	1	-0.4	0
chr5:3525579	10	1	10	10	1	1	1	-0.4	0
chr5:3525952	10	1	10	10	1	1	1	-0.4	0
chr5:3528733	10	1	10	10	1	1	1	-0.4	0
chr5:3531603	10	1	10	10	1	1	1	-0.4	0
chr5:3661955	10	1	10	10	1	1	1	-0.4	0
chr5:3853522	10	1	10	10	1	1	1	-0.4	0
chr5:4151228	10	1	10	10	1	1	1	-0.4	0
chr5:4151782	10	1	10	10	1	1	1	-0.4	0
chr5:4222548	10	1	10	10	1	1	1	-0.4	0
chr5:4756046	10	1	10	10	1	1	1	-0.4	0
chr5:4761369	10	1	10	10	1	1	1	-0.4	0
chr5:4901393	10	1	10	10	1	1	1	-0.4	0
chr5:4901898	10	1	10	10	1	1	1	-0.4	0
chr5:4929958	10	1	10	10	1	1	1	-0.4	0
chr5:5412369	10	1	10	10	1	1	1	-0.4	0
chr5:5758575	10	1	10	10	1	1	1	-0.4	0
chr5:6189031	10	1	10	10	1	1	1	-0.4	0
chr5:6309890	10	1	10	10	1	1	1	-0.4	0
chr5:6468826	10	1	10	10	1	1	1	-0.4	0
chr5:6801617	10	1	10	10	1	1	1	-0.4	0
chr5:7005520	10	1	10	10	1	1	1	-0.4	0
chr5:7172386	10	1	10	10	1	1	1	-0.4	0
chr5:7223996	10	1	10	10	1	1	1	-0.4	0
chr5:7373789	10	1	10	10	1	1	1	-0.4	0
chr5:7445730	10	1	10	10	1	1	1	-0.4	0
chr5:7483107	10	1	10	10	1	1	1	-0.4	0
chr5:7498010	10	1	10	10	1	1	1	-0.4	0
chr5:7557549	10	1	10	10	1	1	1	-0.4	0
chr5:7655825	10	1	10	10	1	1	1	-0.4	0
chr5:8048208	10	1	10	10	1	1	1	-0.4	0
chr5:8064872	10	1	10	10	1	1	1	-0.4	0
chr5:8104367	10	1	10	10	1	1	1	-0.4	0
chr5:8109714	10	1	10	10	1	1	1	-0.4	0
chr5:8154746	10	1	10	10	1	1	1	-0.4	0
chr5:8229504	10	1	10	10	1	1	1	-0.4	0
chr5:8241957	10	1	10	10	1	1	1	-0.4	0
chr5:8323420	10	1	10	10	1	1	1	-0.4	0
chr5:8344483	10	1	10	10	1	1	1	-0.4	0
chr5:8365598	10	1	10	10	1	1	1	-0.4	0
chr5:8548768	10	1	10	10	1	1	1	-0.4	0
chr5:8795795	10	1	10	10	1	1	1	-0.4	0
chr5:8798295	10	1	10	10	1	1	1	-0.4	0
chr5:9208242	10	1	10	10	1	1	1	-0.4	0
chr5:9247104	10	1	10	10	1	1	1	-0.4	0
chr5:9515627	10	1	10	10	1	1	1	-0.4	0
chr5:9648860	10	1	10	10	1	1	1	-0.4	0
chr5:9685355	10	1	10	10	1	1	1	-0.4	0
chr5:9946875	10	1	10	10	1	1	1	-0.4	0
chr5:9947501	10	1	10	10	1	1	1	-0.4	0
chr5:10287980	10	1	10	10	1	1	1	-0.4	0
chr5:10799634	10	1	10	10	1	1	1	-0.4	0
chr5:11185068	10	1	10	10	1	1	1	-0.4	0
chr5:11185755	10	1	10	10	1	1	1	-0.4	0
chr5:11727808	10	1	10	10	1	1	1	-0.4	0
chr5:11730481	10	1	10	10	1	1	1	-0.4	0
chr5:11732283	10	1	10	10	1	1	1	-0.4	0
chr5:14228255	10	1	10	10	1	1	1	-0.4	0
chr5:14231136	10	1	10	10	1	1	1	-0.4	0
chr5:14552171	10	1	10	10	1	1	1	-0.4	0
chr5:14755751	10	1	10	10	1	1	1	-0.4	0
chr5:14887651	10	1	10	10	1	1	1	-0.4	0
chr5:14935829	10	1	10	10	1	1	1	-0.4	0
chr5:14939752	10	1	10	10	1	1	1	-0.4	0
chr5:15260896	10	1	10	10	1	1	1	-0.4	0
chr5:15631057	10	1	10	10	1	1	1	-0.4	0
chr5:15997848	10	1	10	10	1	1	1	-0.4	0
chr5:16060849	10	1	10	10	1	1	1	-0.4	0
chr5:16110691	10	1	10	10	1	1	1	-0.4	0
chr5:16159146	10	1	10	10	1	1	1	-0.4	0
chr5:16203151	10	1	10	10	1	1	1	-0.4	0
chr5:16252016	10	1	10	10	1	1	1	-0.4	0
chr5:16252827	10	1	10	10	1	1	1	-0.4	0
chr5:16317919	10	1	10	10	1	1	1	-0.4	0
chr5:16320096	10	1	10	10	1	1	1	-0.4	0
chr5:16320838	10	1	10	10	1	1	1	-0.4	0
chr5:16322932	10	1	10	10	1	1	1	-0.4	0
chr5:16324237	10	1	10	10	1	1	1	-0.4	0
chr5:16468179	10	1	10	10	1	1	1	-0.4	0
chr5:16635394	10	1	10	10	1	1	1	-0.4	0
chr5:16641786	10	1	10	10	1	1	1	-0.4	0
chr5:17154837	10	1	10	10	1	1	1	-0.4	0
chr5:17281626	10	1	10	10	1	1	1	-0.4	0
chr5:17331744	10	1	10	10	1	1	1	-0.4	0
chr5:17385648	10	1	10	10	1	1	1	-0.4	0
chr5:17402915	10	1	10	10	1	1	1	-0.4	0
chr5:17447794	10	1	10	10	1	1	1	-0.4	0
chr5:17458952	10	1	10	10	1	1	1	-0.4	0
chr5:17560037	10	1	10	10	1	1	1	-0.4	0
chr5:17734665	10	1	10	10	1	1	1	-0.4	0
chr5:18098165	10	1	10	10	1	1	1	-0.4	0
chr5:18137178	10	1	10	10	1	1	1	-0.4	0
chr5:18138298	10	1	10	10	1	1	1	-0.4	0
chr5:18189896	10	1	10	10	1	1	1	-0.4	0
chr5:18221203	10	1	10	10	1	1	1	-0.4	0
chr5:18227664	10	1	10	10	1	1	1	-0.4	0
chr5:18228612	10	1	10	10	1	1	1	-0.4	0
chr5:18372100	10	1	10	10	1	1	1	-0.4	0
chr5:18372999	10	1	10	10	1	1	1	-0.4	0
chr5:18378800	10	1	10	10	1	1	1	-0.4	0
chr5:18380349	10	1	10	10	1	1	1	-0.4	0
chr5:18425209	10	1	10	10	1	1	1	-0.4	0
chr5:18441572	10	1	10	10	1	1	1	-0.4	0
chr5:18461998	10	1	10	10	1	1	1	-0.4	0
chr5:18677267	10	1	10	10	1	1	1	-0.4	0
chr5:18688804	10	1	10	10	1	1	1	-0.4	0
chr5:18790546	10	1	10	10	1	1	1	-0.4	0
chr5:18812383	10	1	10	10	1	1	1	-0.4	0
chr5:19044170	10	1	10	10	1	1	1	-0.4	0
chr5:19047206	10	1	10	10	1	1	1	-0.4	0
chr5:19111914	10	1	10	10	1	1	1	-0.4	0
chr5:19116861	10	1	10	10	1	1	1	-0.4	0
chr5:19131069	10	1	10	10	1	1	1	-0.4	0
chr5:19173791	10	1	10	10	1	1	1	-0.4	0
chr5:19180525	10	1	10	10	1	1	1	-0.4	0
chr5:19180876	10	1	10	10	1	1	1	-0.4	0
chr5:19181466	10	1	10	10	1	1	1	-0.4	0
chr5:19297236	10	1	10	10	1	1	1	-0.4	0
chr5:19539444	10	1	10	10	1	1	1	-0.4	0
chr5:19568684	10	1	10	10	1	1	1	-0.4	0
chr5:19607009	10	1	10	10	1	1	1	-0.4	0
chr5:19627901	10	1	10	10	1	1	1	-0.4	0
chr5:19670258	10	1	10	10	1	1	1	-0.4	0
chr5:19978150	10	1	10	10	1	1	1	-0.4	0
chr5:20069891	10	1	10	10	1	1	1	-0.4	0
chr5:20084445	10	1	10	10	1	1	1	-0.4	0
chr5:20085943	10	1	10	10	1	1	1	-0.4	0
chr5:20173672	10	1	10	10	1	1	1	-0.4	0
chr5:20191909	10	1	10	10	1	1	1	-0.4	0
chr5:20215981	10	1	10	10	1	1	1	-0.4	0
chr5:20438331	10	1	10	10	1	1	1	-0.4	0
chr5:20438866	10	1	10	10	1	1	1	-0.4	0
chr5:20549037	10	1	10	10	1	1	1	-0.4	0
chr5:20644409	10	1	10	10	1	1	1	-0.4	0
chr5:20645578	10	1	10	10	1	1	1	-0.4	0
chr5:20645983	10	1	10	10	1	1	1	-0.4	0
chr5:20792114	10	1	10	10	1	1	1	-0.4	0
chr5:21068919	10	1	10	10	1	1	1	-0.4	0
chr5:21426677	10	1	10	10	1	1	1	-0.4	0
chr5:21528503	10	1	10	10	1	1	1	-0.4	0
chr5:21542733	10	1	10	10	1	1	1	-0.4	0
chr5:21695716	10	1	10	10	1	1	1	-0.4	0
chr5:21700237	10	1	10	10	1	1	1	-0.4	0
chr5:21751608	10	1	10	10	1	1	1	-0.4	0
chr5:21815636	10	1	10	10	1	1	1	-0.4	0
chr5:21819534	10	1	10	10	1	1	1	-0.4	0
chr5:21822311	10	1	10	10	1	1	1	-0.4	0
chr5:21858630	10	1	10	10	1	1	1	-0.4	0
chr5:21886929	10	1	10	10	1	1	1	-0.4	0
chr5:21924039	10	1	10	10	1	1	1	-0.4	0
chr5:21930962	10	1	10	10	1	1	1	-0.4	0
chr5:21973599	10	1	10	10	1	1	1	-0.4	0
chr5:21982152	10	1	10	10	1	1	1	-0.4	0
chr5:22054079	10	1	10	10	1	1	1	-0.4	0
chr5:22056005	10	1	10	10	1	1	1	-0.4	0
chr5:22123426	10	1	10	10	1	1	1	-0.4	0
chr5:22123935	10	1	10	10	1	1	1	-0.4	0
chr5:22215396	10	1	10	10	1	1	1	-0.4	0
chr5:22278635	10	1	10	10	1	1	1	-0.4	0
chr5:22284505	10	1	10	10	1	1	1	-0.4	0
chr5:22355685	10	1	10	10	1	1	1	-0.4	0
chr5:22356295	10	1	10	10	1	1	1	-0.4	0
chr5:22358667	10	1	10	10	1	1	1	-0.4	0
chr5:22505429	10	1	10	10	1	1	1	-0.4	0
chr5:22650079	10	1	10	10	1	1	1	-0.4	0
chr5:22767247	10	1	10	10	1	1	1	-0.4	0
chr5:22862677	10	1	10	10	1	1	1	-0.4	0
chr5:23001131	10	1	10	10	1	1	1	-0.4	0
chr5:23002058	10	1	10	10	1	1	1	-0.4	0
chr5:23054388	10	1	10	10	1	1	1	-0.4	0
chr5:23057235	10	1	10	10	1	1	1	-0.4	0
chr5:23060130	10	1	10	10	1	1	1	-0.4	0
chr5:23117357	10	1	10	10	1	1	1	-0.4	0
chr5:23343367	10	1	10	10	1	1	1	-0.4	0
chr5:23346717	10	1	10	10	1	1	1	-0.4	0
chr5:23384822	10	1	10	10	1	1	1	-0.4	0
chr5:23388694	10	1	10	10	1	1	1	-0.4	0
chr5:23584914	10	1	10	10	1	1	1	-0.4	0
chr5:23585327	10	1	10	10	1	1	1	-0.4	0
chr5:23595905	10	1	10	10	1	1	1	-0.4	0
chr5:23700657	10	1	10	10	1	1	1	-0.4	0
chr5:23798496	10	1	10	10	1	1	1	-0.4	0
chr5:23840804	10	1	10	10	1	1	1	-0.4	0
chr5:23876204	10	1	10	10	1	1	1	-0.4	0
chr5:23973817	10	1	10	10	1	1	1	-0.4	0
chr5:23992867	10	1	10	10	1	1	1	-0.4	0
chr5:23997912	10	1	10	10	1	1	1	-0.4	0
chr5:24066175	10	1	10	10	1	1	1	-0.4	0
chr5:24068892	10	1	10	10	1	1	1	-0.4	0
chr5:24069740	10	1	10	10	1	1	1	-0.4	0
chr5:24101761	10	1	10	10	1	1	1	-0.4	0
chr5:24153021	10	1	10	10	1	1	1	-0.4	0
chr5:24257341	10	1	10	10	1	1	1	-0.4	0
chr5:24260385	10	1	10	10	1	1	1	-0.4	0
chr5:24417995	10	1	10	10	1	1	1	-0.4	0
chr5:24664037	10	1	10	10	1	1	1	-0.4	0
chr5:24705836	10	1	10	10	1	1	1	-0.4	0
chr5:24752764	10	1	10	10	1	1	1	-0.4	0
chr5:24767356	10	1	10	10	1	1	1	-0.4	0
chr5:24852127	10	1	10	10	1	1	1	-0.4	0
chr5:24908308	10	1	10	10	1	1	1	-0.4	0
chr5:24963529	10	1	10	10	1	1	1	-0.4	0
chr5:25078049	10	1	10	10	1	1	1	-0.4	0
chr5:25081135	10	1	10	10	1	1	1	-0.4	0
chr5:25087497	10	1	10	10	1	1	1	-0.4	0
chr5:25192927	10	1	10	10	1	1	1	-0.4	0
chr5:25324585	10	1	10	10	1	1	1	-0.4	0
chr5:25338120	10	1	10	10	1	1	1	-0.4	0
chr5:25399485	10	1	10	10	1	1	1	-0.4	0
chr5:25518224	10	1	10	10	1	1	1	-0.4	0
chr5:25528391	10	1	10	10	1	1	1	-0.4	0
chr5:25582740	10	1	10	10	1	1	1	-0.4	0
chr5:25653722	10	1	10	10	1	1	1	-0.4	0
chr5:25656531	10	1	10	10	1	1	1	-0.4	0
chr5:25658995	10	1	10	10	1	1	1	-0.4	0
chr5:25660678	10	1	10	10	1	1	1	-0.4	0
chr5:25661035	10	1	10	10	1	1	1	-0.4	0
chr5:25662393	10	1	10	10	1	1	1	-0.4	0
chr5:25663004	10	1	10	10	1	1	1	-0.4	0
chr5:25701299	10	1	10	10	1	1	1	-0.4	0
chr5:25755229	10	1	10	10	1	1	1	-0.4	0
chr5:25806162	10	1	10	10	1	1	1	-0.4	0
chr5:25841303	10	1	10	10	1	1	1	-0.4	0
chr5:25887314	10	1	10	10	1	1	1	-0.4	0
chr5:25934350	10	1	10	10	1	1	1	-0.4	0
chr5:26151619	10	1	10	10	1	1	1	-0.4	0
chr5:26157251	10	1	10	10	1	1	1	-0.4	0
chr5:26249279	10	1	10	10	1	1	1	-0.4	0
chr5:26250827	10	1	10	10	1	1	1	-0.4	0
chr5:26260710	10	1	10	10	1	1	1	-0.4	0
chr5:26368546	10	1	10	10	1	1	1	-0.4	0
chr5:26391699	10	1	10	10	1	1	1	-0.4	0
chr5:26492301	10	1	10	10	1	1	1	-0.4	0
chr5:26547961	10	1	10	10	1	1	1	-0.4	0
chr5:26617045	10	1	10	10	1	1	1	-0.4	0
chr5:26668587	10	1	10	10	1	1	1	-0.4	0
chr5:26700422	10	1	10	10	1	1	1	-0.4	0
chr5:26811829	10	1	10	10	1	1	1	-0.4	0
chr5:26867959	10	1	10	10	1	1	1	-0.4	0
chr5:26901722	10	1	10	10	1	1	1	-0.4	0
chr5:26905442	10	1	10	10	1	1	1	-0.4	0
chr5:26907808	10	1	10	10	1	1	1	-0.4	0
chr5:26912410	10	1	10	10	1	1	1	-0.4	0
chr5:26919017	10	1	10	10	1	1	1	-0.4	0
chr5:26920029	10	1	10	10	1	1	1	-0.4	0
chr5:26921449	10	1	10	10	1	1	1	-0.4	0
chr5:26926165	10	1	10	10	1	1	1	-0.4	0
