Position	IP	Control	Fold	Expectd	Q_-lg10	P_-lg10	P_poiss	IPvsEMP	Noise
chr1:16677	10	1	10	10	1	1	1	-0.4	0
chr1:20710	10	1	10	10	1	1	1	-0.4	0
chr1:38055	10	1	10	10	1	1	1	-0.4	0
chr1:51469	10	1	10	10	1	1	1	-0.4	0
chr1:100881	10	1	10	10	1	1	1	-0.4	0
chr1:107806	10	1	10	10	1	1	1	-0.4	0
chr1:131225	10	1	10	10	1	1	1	-0.4	0
chr1:136194	10	1	10	10	1	1	1	-0.4	0
chr1:146364	10	1	10	10	1	1	1	-0.4	0
chr1:206872	10	1	10	10	1	1	1	-0.4	0
chr1:325097	10	1	10	10	1	1	1	-0.4	0
chr1:364181	10	1	10	10	1	1	1	-0.4	0
chr1:414789	10	1	10	10	1	1	1	-0.4	0
chr1:418362	10	1	10	10	1	1	1	-0.4	0
chr1:420376	10	1	10	10	1	1	1	-0.4	0
chr1:468914	10	1	10	10	1	1	1	-0.4	0
chr1:767038	10	1	10	10	1	1	1	-0.4	0
chr1:799100	10	1	10	10	1	1	1	-0.4	0
chr1:1103923	10	1	10	10	1	1	1	-0.4	0
chr1:1109019	10	1	10	10	1	1	1	-0.4	0
chr1:1131819	10	1	10	10	1	1	1	-0.4	0
chr1:1224626	10	1	10	10	1	1	1	-0.4	0
chr1:1432940	10	1	10	10	1	1	1	-0.4	0
chr1:1588320	10	1	10	10	1	1	1	-0.4	0
chr1:1954010	10	1	10	10	1	1	1	-0.4	0
chr1:2034115	10	1	10	10	1	1	1	-0.4	0
chr1:2089678	10	1	10	10	1	1	1	-0.4	0
chr1:2124147	10	1	10	10	1	1	1	-0.4	0
chr1:2196787	10	1	10	10	1	1	1	-0.4	0
chr1:2214265	10	1	10	10	1	1	1	-0.4	0
chr1:2266524	10	1	10	10	1	1	1	-0.4	0
chr1:2283090	10	1	10	10	1	1	1	-0.4	0
chr1:2313179	10	1	10	10	1	1	1	-0.4	0
chr1:2381488	10	1	10	10	1	1	1	-0.4	0
chr1:2481188	10	1	10	10	1	1	1	-0.4	0
chr1:2586183	10	1	10	10	1	1	1	-0.4	0
chr1:2590371	10	1	10	10	1	1	1	-0.4	0
chr1:2820119	10	1	10	10	1	1	1	-0.4	0
chr1:2926806	10	1	10	10	1	1	1	-0.4	0
chr1:2990826	10	1	10	10	1	1	1	-0.4	0
chr1:3047568	10	1	10	10	1	1	1	-0.4	0
chr1:3076576	10	1	10	10	1	1	1	-0.4	0
chr1:3100332	10	1	10	10	1	1	1	-0.4	0
chr1:3309923	10	1	10	10	1	1	1	-0.4	0
chr1:3347836	10	1	10	10	1	1	1	-0.4	0
chr1:3517150	10	1	10	10	1	1	1	-0.4	0
chr1:3751615	10	1	10	10	1	1	1	-0.4	0
chr1:3770494	10	1	10	10	1	1	1	-0.4	0
chr1:4055982	10	1	10	10	1	1	1	-0.4	0
chr1:4060663	10	1	10	10	1	1	1	-0.4	0
chr1:4062381	10	1	10	10	1	1	1	-0.4	0
chr1:4348448	10	1	10	10	1	1	1	-0.4	0
chr1:4373454	10	1	10	10	1	1	1	-0.4	0
chr1:4384003	10	1	10	10	1	1	1	-0.4	0
chr1:4578895	10	1	10	10	1	1	1	-0.4	0
chr1:4582003	10	1	10	10	1	1	1	-0.4	0
chr1:4768952	10	1	10	10	1	1	1	-0.4	0
chr1:4911745	10	1	10	10	1	1	1	-0.4	0
chr1:4912502	10	1	10	10	1	1	1	-0.4	0
chr1:4942625	10	1	10	10	1	1	1	-0.4	0
chr1:4944604	10	1	10	10	1	1	1	-0.4	0
chr1:4994621	10	1	10	10	1	1	1	-0.4	0
chr1:5018110	10	1	10	10	1	1	1	-0.4	0
chr1:5066326	10	1	10	10	1	1	1	-0.4	0
chr1:5070735	10	1	10	10	1	1	1	-0.4	0
chr1:5115754	10	1	10	10	1	1	1	-0.4	0
chr1:5147968	10	1	10	10	1	1	1	-0.4	0
chr1:5249600	10	1	10	10	1	1	1	-0.4	0
chr1:5250333	10	1	10	10	1	1	1	-0.4	0
chr1:5265297	10	1	10	10	1	1	1	-0.4	0
chr1:5325240	10	1	10	10	1	1	1	-0.4	0
chr1:5360579	10	1	10	10	1	1	1	-0.4	0
chr1:5731806	10	1	10	10	1	1	1	-0.4	0
chr1:6267747	10	1	10	10	1	1	1	-0.4	0
chr1:6394035	10	1	10	10	1	1	1	-0.4	0
chr1:6426900	10	1	10	10	1	1	1	-0.4	0
chr1:6621083	10	1	10	10	1	1	1	-0.4	0
chr1:6677757	10	1	10	10	1	1	1	-0.4	0
chr1:6683598	10	1	10	10	1	1	1	-0.4	0
chr1:6754273	10	1	10	10	1	1	1	-0.4	0
chr1:6939555	10	1	10	10	1	1	1	-0.4	0
chr1:7103558	10	1	10	10	1	1	1	-0.4	0
chr1:7141468	10	1	10	10	1	1	1	-0.4	0
chr1:7160691	10	1	10	10	1	1	1	-0.4	0
chr1:7221135	10	1	10	10	1	1	1	-0.4	0
chr1:7340738	10	1	10	10	1	1	1	-0.4	0
chr1:7370712	10	1	10	10	1	1	1	-0.4	0
chr1:7489030	10	1	10	10	1	1	1	-0.4	0
chr1:7494080	10	1	10	10	1	1	1	-0.4	0
chr1:7570947	10	1	10	10	1	1	1	-0.4	0
chr1:7629554	10	1	10	10	1	1	1	-0.4	0
chr1:7660051	10	1	10	10	1	1	1	-0.4	0
chr1:7661157	10	1	10	10	1	1	1	-0.4	0
chr1:7665025	10	1	10	10	1	1	1	-0.4	0
chr1:7763724	10	1	10	10	1	1	1	-0.4	0
chr1:7889019	10	1	10	10	1	1	1	-0.4	0
chr1:7900158	10	1	10	10	1	1	1	-0.4	0
chr1:7907213	10	1	10	10	1	1	1	-0.4	0
chr1:7938725	10	1	10	10	1	1	1	-0.4	0
chr1:7954578	10	1	10	10	1	1	1	-0.4	0
chr1:7966889	10	1	10	10	1	1	1	-0.4	0
chr1:8010929	10	1	10	10	1	1	1	-0.4	0
chr1:8060787	10	1	10	10	1	1	1	-0.4	0
chr1:8181461	10	1	10	10	1	1	1	-0.4	0
chr1:8305468	10	1	10	10	1	1	1	-0.4	0
chr1:8307287	10	1	10	10	1	1	1	-0.4	0
chr1:8311749	10	1	10	10	1	1	1	-0.4	0
chr1:8487318	10	1	10	10	1	1	1	-0.4	0
chr1:8598782	10	1	10	10	1	1	1	-0.4	0
chr1:8853922	10	1	10	10	1	1	1	-0.4	0
chr1:8860981	10	1	10	10	1	1	1	-0.4	0
chr1:8922310	10	1	10	10	1	1	1	-0.4	0
chr1:8926669	10	1	10	10	1	1	1	-0.4	0
chr1:8941910	10	1	10	10	1	1	1	-0.4	0
chr1:8966906	10	1	10	10	1	1	1	-0.4	0
chr1:8978431	10	1	10	10	1	1	1	-0.4	0
chr1:8983751	10	1	10	10	1	1	1	-0.4	0
chr1:9044015	10	1	10	10	1	1	1	-0.4	0
chr1:9098044	10	1	10	10	1	1	1	-0.4	0
chr1:9202237	10	1	10	10	1	1	1	-0.4	0
chr1:9456541	10	1	10	10	1	1	1	-0.4	0
chr1:9492733	10	1	10	10	1	1	1	-0.4	0
chr1:9501610	10	1	10	10	1	1	1	-0.4	0
chr1:9507844	10	1	10	10	1	1	1	-0.4	0
chr1:9635156	10	1	10	10	1	1	1	-0.4	0
chr1:9762394	10	1	10	10	1	1	1	-0.4	0
chr1:9763009	10	1	10	10	1	1	1	-0.4	0
chr1:9782731	10	1	10	10	1	1	1	-0.4	0
chr1:9787651	10	1	10	10	1	1	1	-0.4	0
chr1:9936272	10	1	10	10	1	1	1	-0.4	0
chr1:10078207	10	1	10	10	1	1	1	-0.4	0
chr1:10354111	10	1	10	10	1	1	1	-0.4	0
chr1:10363568	10	1	10	10	1	1	1	-0.4	0
chr1:10504899	10	1	10	10	1	1	1	-0.4	0
chr1:10649251	10	1	10	10	1	1	1	-0.4	0
chr1:10758914	10	1	10	10	1	1	1	-0.4	0
chr1:10814030	10	1	10	10	1	1	1	-0.4	0
chr1:10887629	10	1	10	10	1	1	1	-0.4	0
chr1:11220048	10	1	10	10	1	1	1	-0.4	0
chr1:11359600	10	1	10	10	1	1	1	-0.4	0
chr1:11614318	10	1	10	10	1	1	1	-0.4	0
chr1:11620411	10	1	10	10	1	1	1	-0.4	0
chr1:12056297	10	1	10	10	1	1	1	-0.4	0
chr1:12057024	10	1	10	10	1	1	1	-0.4	0
chr1:12239390	10	1	10	10	1	1	1	-0.4	0
chr1:13029692	10	1	10	10	1	1	1	-0.4	0
chr1:13559587	10	1	10	10	1	1	1	-0.4	0
chr1:15083726	10	1	10	10	1	1	1	-0.4	0
chr1:15085644	10	1	10	10	1	1	1	-0.4	0
chr1:15977076	10	1	10	10	1	1	1	-0.4	0
chr1:16411111	10	1	10	10	1	1	1	-0.4	0
chr1:16418066	10	1	10	10	1	1	1	-0.4	0
chr1:17921707	10	1	10	10	1	1	1	-0.4	0
chr1:18176472	10	1	10	10	1	1	1	-0.4	0
chr1:18316290	10	1	10	10	1	1	1	-0.4	0
chr1:18942763	10	1	10	10	1	1	1	-0.4	0
chr1:19175385	10	1	10	10	1	1	1	-0.4	0
chr1:19300680	10	1	10	10	1	1	1	-0.4	0
chr1:19385640	10	1	10	10	1	1	1	-0.4	0
chr1:19429704	10	1	10	10	1	1	1	-0.4	0
chr1:19491142	10	1	10	10	1	1	1	-0.4	0
chr1:19663705	10	1	10	10	1	1	1	-0.4	0
chr1:19740806	10	1	10	10	1	1	1	-0.4	0
chr1:19810741	10	1	10	10	1	1	1	-0.4	0
chr1:19820257	10	1	10	10	1	1	1	-0.4	0
chr1:19825618	10	1	10	10	1	1	1	-0.4	0
chr1:19844927	10	1	10	10	1	1	1	-0.4	0
chr1:19848025	10	1	10	10	1	1	1	-0.4	0
chr1:19848621	10	1	10	10	1	1	1	-0.4	0
chr1:19854617	10	1	10	10	1	1	1	-0.4	0
chr1:19855003	10	1	10	10	1	1	1	-0.4	0
chr1:19859277	10	1	10	10	1	1	1	-0.4	0
chr1:19859721	10	1	10	10	1	1	1	-0.4	0
chr1:19872982	10	1	10	10	1	1	1	-0.4	0
chr1:19873921	10	1	10	10	1	1	1	-0.4	0
chr1:19882035	10	1	10	10	1	1	1	-0.4	0
chr1:19883891	10	1	10	10	1	1	1	-0.4	0
chr1:19885775	10	1	10	10	1	1	1	-0.4	0
chr1:19887417	10	1	10	10	1	1	1	-0.4	0
chr1:19894762	10	1	10	10	1	1	1	-0.4	0
chr1:19897728	10	1	10	10	1	1	1	-0.4	0
chr1:20178079	10	1	10	10	1	1	1	-0.4	0
chr1:20206636	10	1	10	10	1	1	1	-0.4	0
chr1:20336505	10	1	10	10	1	1	1	-0.4	0
chr1:20599746	10	1	10	10	1	1	1	-0.4	0
chr1:20612520	10	1	10	10	1	1	1	-0.4	0
chr1:20647593	10	1	10	10	1	1	1	-0.4	0
chr1:20707026	10	1	10	10	1	1	1	-0.4	0
chr1:20779287	10	1	10	10	1	1	1	-0.4	0
chr1:20816184	10	1	10	10	1	1	1	-0.4	0
chr1:21016350	10	1	10	10	1	1	1	-0.4	0
chr1:21746081	10	1	10	10	1	1	1	-0.4	0
chr1:21894395	10	1	10	10	1	1	1	-0.4	0
chr1:22097693	10	1	10	10	1	1	1	-0.4	0
chr1:22269792	10	1	10	10	1	1	1	-0.4	0
chr1:22533846	10	1	10	10	1	1	1	-0.4	0
chr1:22537609	10	1	10	10	1	1	1	-0.4	0
chr1:22871390	10	1	10	10	1	1	1	-0.4	0
chr1:22879881	10	1	10	10	1	1	1	-0.4	0
chr1:22928886	10	1	10	10	1	1	1	-0.4	0
chr1:23613220	10	1	10	10	1	1	1	-0.4	0
chr1:23650321	10	1	10	10	1	1	1	-0.4	0
chr1:23890638	10	1	10	10	1	1	1	-0.4	0
chr1:23895885	10	1	10	10	1	1	1	-0.4	0
chr1:24487842	10	1	10	10	1	1	1	-0.4	0
chr1:24621007	10	1	10	10	1	1	1	-0.4	0
chr1:24631390	10	1	10	10	1	1	1	-0.4	0
chr1:24653952	10	1	10	10	1	1	1	-0.4	0
chr1:24656637	10	1	10	10	1	1	1	-0.4	0
chr1:24677099	10	1	10	10	1	1	1	-0.4	0
chr1:24743917	10	1	10	10	1	1	1	-0.4	0
chr1:24974766	10	1	10	10	1	1	1	-0.4	0
chr1:25024974	10	1	10	10	1	1	1	-0.4	0
chr1:25300851	10	1	10	10	1	1	1	-0.4	0
chr1:25403366	10	1	10	10	1	1	1	-0.4	0
chr1:25472482	10	1	10	10	1	1	1	-0.4	0
chr1:25477647	10	1	10	10	1	1	1	-0.4	0
chr1:25505680	10	1	10	10	1	1	1	-0.4	0
chr1:25690309	10	1	10	10	1	1	1	-0.4	0
chr1:25711208	10	1	10	10	1	1	1	-0.4	0
chr1:25730813	10	1	10	10	1	1	1	-0.4	0
chr1:25736379	10	1	10	10	1	1	1	-0.4	0
chr1:25736917	10	1	10	10	1	1	1	-0.4	0
chr1:25765922	10	1	10	10	1	1	1	-0.4	0
chr1:25832374	10	1	10	10	1	1	1	-0.4	0
chr1:25870140	10	1	10	10	1	1	1	-0.4	0
chr1:25870757	10	1	10	10	1	1	1	-0.4	0
chr1:25880868	10	1	10	10	1	1	1	-0.4	0
chr1:25895102	10	1	10	10	1	1	1	-0.4	0
chr1:25986463	10	1	10	10	1	1	1	-0.4	0
chr1:25988945	10	1	10	10	1	1	1	-0.4	0
chr1:26037886	10	1	10	10	1	1	1	-0.4	0
chr1:26120891	10	1	10	10	1	1	1	-0.4	0
chr1:26134620	10	1	10	10	1	1	1	-0.4	0
chr1:26239235	10	1	10	10	1	1	1	-0.4	0
chr1:26243010	10	1	10	10	1	1	1	-0.4	0
chr1:26317632	10	1	10	10	1	1	1	-0.4	0
chr1:26409582	10	1	10	10	1	1	1	-0.4	0
chr1:26419744	10	1	10	10	1	1	1	-0.4	0
chr1:26435036	10	1	10	10	1	1	1	-0.4	0
chr1:26451185	10	1	10	10	1	1	1	-0.4	0
chr1:26745255	10	1	10	10	1	1	1	-0.4	0
chr1:26750434	10	1	10	10	1	1	1	-0.4	0
chr1:26835533	10	1	10	10	1	1	1	-0.4	0
chr1:27075985	10	1	10	10	1	1	1	-0.4	0
chr1:27090840	10	1	10	10	1	1	1	-0.4	0
chr1:27160120	10	1	10	10	1	1	1	-0.4	0
chr1:27264451	10	1	10	10	1	1	1	-0.4	0
chr1:27273942	10	1	10	10	1	1	1	-0.4	0
chr1:27339006	10	1	10	10	1	1	1	-0.4	0
chr1:27339959	10	1	10	10	1	1	1	-0.4	0
chr1:27340477	10	1	10	10	1	1	1	-0.4	0
chr1:27363521	10	1	10	10	1	1	1	-0.4	0
chr1:27452624	10	1	10	10	1	1	1	-0.4	0
chr1:27627785	10	1	10	10	1	1	1	-0.4	0
chr1:27706204	10	1	10	10	1	1	1	-0.4	0
chr1:27763249	10	1	10	10	1	1	1	-0.4	0
chr1:28216915	10	1	10	10	1	1	1	-0.4	0
chr1:28315994	10	1	10	10	1	1	1	-0.4	0
chr1:28348998	10	1	10	10	1	1	1	-0.4	0
chr1:28358586	10	1	10	10	1	1	1	-0.4	0
chr1:28363324	10	1	10	10	1	1	1	-0.4	0
chr1:28407903	10	1	10	10	1	1	1	-0.4	0
chr1:28425692	10	1	10	10	1	1	1	-0.4	0
chr1:28430208	10	1	10	10	1	1	1	-0.4	0
chr1:28443524	10	1	10	10	1	1	1	-0.4	0
chr1:28467875	10	1	10	10	1	1	1	-0.4	0
chr1:28677313	10	1	10	10	1	1	1	-0.4	0
chr1:28861961	10	1	10	10	1	1	1	-0.4	0
chr1:29281905	10	1	10	10	1	1	1	-0.4	0
chr1:29297370	10	1	10	10	1	1	1	-0.4	0
chr1:29336761	10	1	10	10	1	1	1	-0.4	0
chr1:29365057	10	1	10	10	1	1	1	-0.4	0
chr1:29429376	10	1	10	10	1	1	1	-0.4	0
chr1:29448317	10	1	10	10	1	1	1	-0.4	0
chr1:29511331	10	1	10	10	1	1	1	-0.4	0
chr1:29573722	10	1	10	10	1	1	1	-0.4	0
chr1:29743914	10	1	10	10	1	1	1	-0.4	0
chr1:29756287	10	1	10	10	1	1	1	-0.4	0
chr1:29761048	10	1	10	10	1	1	1	-0.4	0
chr1:29765743	10	1	10	10	1	1	1	-0.4	0
chr1:29766829	10	1	10	10	1	1	1	-0.4	0
chr1:29964617	10	1	10	10	1	1	1	-0.4	0
chr1:30187109	10	1	10	10	1	1	1	-0.4	0
chr2:1380	10	1	10	10	1	1	1	-0.4	0
chr2:2682	10	1	10	10	1	1	1	-0.4	0
chr2:3515	10	1	10	10	1	1	1	-0.4	0
chr2:10057	10	1	10	10	1	1	1	-0.4	0
chr2:97971	10	1	10	10	1	1	1	-0.4	0
chr2:181134	10	1	10	10	1	1	1	-0.4	0
chr2:227236	10	1	10	10	1	1	1	-0.4	0
chr2:259234	10	1	10	10	1	1	1	-0.4	0
chr2:379193	10	1	10	10	1	1	1	-0.4	0
chr2:412305	10	1	10	10	1	1	1	-0.4	0
chr2:521817	10	1	10	10	1	1	1	-0.4	0
chr2:528082	10	1	10	10	1	1	1	-0.4	0
chr2:641568	10	1	10	10	1	1	1	-0.4	0
chr2:799589	10	1	10	10	1	1	1	-0.4	0
chr2:884251	10	1	10	10	1	1	1	-0.4	0
chr2:1112491	10	1	10	10	1	1	1	-0.4	0
chr2:1188868	10	1	10	10	1	1	1	-0.4	0
chr2:1251335	10	1	10	10	1	1	1	-0.4	0
chr2:1822282	10	1	10	10	1	1	1	-0.4	0
chr2:2026723	10	1	10	10	1	1	1	-0.4	0
chr2:2198315	10	1	10	10	1	1	1	-0.4	0
chr2:2931082	10	1	10	10	1	1	1	-0.4	0
chr2:3607183	10	1	10	10	1	1	1	-0.4	0
chr2:3615032	10	1	10	10	1	1	1	-0.4	0
chr2:3616631	10	1	10	10	1	1	1	-0.4	0
chr2:3618136	10	1	10	10	1	1	1	-0.4	0
chr2:3619028	10	1	10	10	1	1	1	-0.4	0
chr2:3619527	10	1	10	10	1	1	1	-0.4	0
chr2:3621243	10	1	10	10	1	1	1	-0.4	0
chr2:3622627	10	1	10	10	1	1	1	-0.4	0
chr2:3624628	10	1	10	10	1	1	1	-0.4	0
chr2:3626251	10	1	10	10	1	1	1	-0.4	0
chr2:3627325	10	1	10	10	1	1	1	-0.4	0
chr2:5052942	10	1	10	10	1	1	1	-0.4	0
chr2:6894704	10	1	10	10	1	1	1	-0.4	0
chr2:6895571	10	1	10	10	1	1	1	-0.4	0
chr2:6918146	10	1	10	10	1	1	1	-0.4	0
chr2:7104564	10	1	10	10	1	1	1	-0.4	0
chr2:7190973	10	1	10	10	1	1	1	-0.4	0
chr2:7223667	10	1	10	10	1	1	1	-0.4	0
chr2:7244112	10	1	10	10	1	1	1	-0.4	0
chr2:7271126	10	1	10	10	1	1	1	-0.4	0
chr2:7303659	10	1	10	10	1	1	1	-0.4	0
chr2:7432829	10	1	10	10	1	1	1	-0.4	0
chr2:7459129	10	1	10	10	1	1	1	-0.4	0
chr2:7943985	10	1	10	10	1	1	1	-0.4	0
chr2:7951311	10	1	10	10	1	1	1	-0.4	0
chr2:7954793	10	1	10	10	1	1	1	-0.4	0
chr2:8211563	10	1	10	10	1	1	1	-0.4	0
chr2:8223055	10	1	10	10	1	1	1	-0.4	0
chr2:8429894	10	1	10	10	1	1	1	-0.4	0
chr2:8858135	10	1	10	10	1	1	1	-0.4	0
chr2:8933392	10	1	10	10	1	1	1	-0.4	0
chr2:8998320	10	1	10	10	1	1	1	-0.4	0
chr2:9006004	10	1	10	10	1	1	1	-0.4	0
chr2:9035411	10	1	10	10	1	1	1	-0.4	0
chr2:9119853	10	1	10	10	1	1	1	-0.4	0
chr2:9414090	10	1	10	10	1	1	1	-0.4	0
chr2:9436724	10	1	10	10	1	1	1	-0.4	0
chr2:9456912	10	1	10	10	1	1	1	-0.4	0
chr2:9517554	10	1	10	10	1	1	1	-0.4	0
chr2:9520847	10	1	10	10	1	1	1	-0.4	0
chr2:9580896	10	1	10	10	1	1	1	-0.4	0
chr2:9635959	10	1	10	10	1	1	1	-0.4	0
chr2:9675954	10	1	10	10	1	1	1	-0.4	0
chr2:9786162	10	1	10	10	1	1	1	-0.4	0
chr2:9855516	10	1	10	10	1	1	1	-0.4	0
chr2:9976122	10	1	10	10	1	1	1	-0.4	0
chr2:9978120	10	1	10	10	1	1	1	-0.4	0
chr2:10106630	10	1	10	10	1	1	1	-0.4	0
chr2:10118017	10	1	10	10	1	1	1	-0.4	0
chr2:10119567	10	1	10	10	1	1	1	-0.4	0
chr2:10298244	10	1	10	10	1	1	1	-0.4	0
chr2:10331916	10	1	10	10	1	1	1	-0.4	0
chr2:10333842	10	1	10	10	1	1	1	-0.4	0
chr2:10567067	10	1	10	10	1	1	1	-0.4	0
chr2:11391473	10	1	10	10	1	1	1	-0.4	0
chr2:11689394	10	1	10	10	1	1	1	-0.4	0
chr2:11723299	10	1	10	10	1	1	1	-0.4	0
chr2:11726219	10	1	10	10	1	1	1	-0.4	0
chr2:11829771	10	1	10	10	1	1	1	-0.4	0
chr2:11863717	10	1	10	10	1	1	1	-0.4	0
chr2:11941282	10	1	10	10	1	1	1	-0.4	0
chr2:11947582	10	1	10	10	1	1	1	-0.4	0
chr2:12002514	10	1	10	10	1	1	1	-0.4	0
chr2:12021566	10	1	10	10	1	1	1	-0.4	0
chr2:12077149	10	1	10	10	1	1	1	-0.4	0
chr2:12484712	10	1	10	10	1	1	1	-0.4	0
chr2:12585583	10	1	10	10	1	1	1	-0.4	0
chr2:12612575	10	1	10	10	1	1	1	-0.4	0
chr2:12782882	10	1	10	10	1	1	1	-0.4	0
chr2:12783407	10	1	10	10	1	1	1	-0.4	0
chr2:12817645	10	1	10	10	1	1	1	-0.4	0
chr2:12839778	10	1	10	10	1	1	1	-0.4	0
chr2:12874581	10	1	10	10	1	1	1	-0.4	0
chr2:12944294	10	1	10	10	1	1	1	-0.4	0
chr2:12958134	10	1	10	10	1	1	1	-0.4	0
chr2:12966399	10	1	10	10	1	1	1	-0.4	0
chr2:12967457	10	1	10	10	1	1	1	-0.4	0
chr2:12997866	10	1	10	10	1	1	1	-0.4	0
chr2:13006642	10	1	10	10	1	1	1	-0.4	0
chr2:13099773	10	1	10	10	1	1	1	-0.4	0
chr2:13191640	10	1	10	10	1	1	1	-0.4	0
chr2:13307703	10	1	10	10	1	1	1	-0.4	0
chr2:13532381	10	1	10	10	1	1	1	-0.4	0
chr2:13610009	10	1	10	10	1	1	1	-0.4	0
chr2:13646351	10	1	10	10	1	1	1	-0.4	0
chr2:13692168	10	1	10	10	1	1	1	-0.4	0
chr2:13798979	10	1	10	10	1	1	1	-0.4	0
chr2:13824434	10	1	10	10	1	1	1	-0.4	0
chr2:14217025	10	1	10	10	1	1	1	-0.4	0
chr2:14295923	10	1	10	10	1	1	1	-0.4	0
chr2:14425660	10	1	10	10	1	1	1	-0.4	0
chr2:14436025	10	1	10	10	1	1	1	-0.4	0
chr2:14967059	10	1	10	10	1	1	1	-0.4	0
chr2:15130703	10	1	10	10	1	1	1	-0.4	0
chr2:15139824	10	1	10	10	1	1	1	-0.4	0
chr2:15171128	10	1	10	10	1	1	1	-0.4	0
chr2:15616153	10	1	10	10	1	1	1	-0.4	0
chr2:15689314	10	1	10	10	1	1	1	-0.4	0
chr2:15784443	10	1	10	10	1	1	1	-0.4	0
chr2:15792391	10	1	10	10	1	1	1	-0.4	0
chr2:15803020	10	1	10	10	1	1	1	-0.4	0
chr2:15811775	10	1	10	10	1	1	1	-0.4	0
chr2:15872513	10	1	10	10	1	1	1	-0.4	0
chr2:16103228	10	1	10	10	1	1	1	-0.4	0
chr2:16203273	10	1	10	10	1	1	1	-0.4	0
chr2:16224937	10	1	10	10	1	1	1	-0.4	0
chr2:16293174	10	1	10	10	1	1	1	-0.4	0
chr2:16378529	10	1	10	10	1	1	1	-0.4	0
chr2:16391636	10	1	10	10	1	1	1	-0.4	0
chr2:16642494	10	1	10	10	1	1	1	-0.4	0
chr2:16665677	10	1	10	10	1	1	1	-0.4	0
chr2:16696921	10	1	10	10	1	1	1	-0.4	0
chr2:16873193	10	1	10	10	1	1	1	-0.4	0
chr2:16894379	10	1	10	10	1	1	1	-0.4	0
chr2:16899898	10	1	10	10	1	1	1	-0.4	0
chr2:17130331	10	1	10	10	1	1	1	-0.4	0
chr2:17220584	10	1	10	10	1	1	1	-0.4	0
chr2:17221397	10	1	10	10	1	1	1	-0.4	0
chr2:17325980	10	1	10	10	1	1	1	-0.4	0
chr2:17330696	10	1	10	10	1	1	1	-0.4	0
chr2:17331357	10	1	10	10	1	1	1	-0.4	0
chr2:17369592	10	1	10	10	1	1	1	-0.4	0
chr2:17477606	10	1	10	10	1	1	1	-0.4	0
chr2:17503667	10	1	10	10	1	1	1	-0.4	0
chr2:17504789	10	1	10	10	1	1	1	-0.4	0
chr2:17505666	10	1	10	10	1	1	1	-0.4	0
chr2:17506538	10	1	10	10	1	1	1	-0.4	0
chr2:17507402	10	1	10	10	1	1	1	-0.4	0
chr2:17508950	10	1	10	10	1	1	1	-0.4	0
chr2:17510330	10	1	10	10	1	1	1	-0.4	0
chr2:17527256	10	1	10	10	1	1	1	-0.4	0
chr2:17544341	10	1	10	10	1	1	1	-0.4	0
chr2:17615994	10	1	10	10	1	1	1	-0.4	0
chr2:17646265	10	1	10	10	1	1	1	-0.4	0
chr2:17741707	10	1	10	10	1	1	1	-0.4	0
chr2:17838521	10	1	10	10	1	1	1	-0.4	0
chr2:17839715	10	1	10	10	1	1	1	-0.4	0
chr2:17840238	10	1	10	10	1	1	1	-0.4	0
chr2:17891066	10	1	10	10	1	1	1	-0.4	0
chr2:18004959	10	1	10	10	1	1	1	-0.4	0
chr2:18005868	10	1	10	10	1	1	1	-0.4	0
chr2:18186497	10	1	10	10	1	1	1	-0.4	0
chr2:18187733	10	1	10	10	1	1	1	-0.4	0
chr2:18234706	10	1	10	10	1	1	1	-0.4	0
chr2:18282844	10	1	10	10	1	1	1	-0.4	0
chr2:18419820	10	1	10	10	1	1	1	-0.4	0
chr2:18423427	10	1	10	10	1	1	1	-0.4	0
chr2:18521602	10	1	10	10	1	1	1	-0.4	0
chr2:18637419	10	1	10	10	1	1	1	-0.4	0
chr2:18736217	10	1	10	10	1	1	1	-0.4	0
chr2:18790560	10	1	10	10	1	1	1	-0.4	0
chr2:18820535	10	1	10	10	1	1	1	-0.4	0
chr2:18821999	10	1	10	10	1	1	1	-0.4	0
chr2:18823013	10	1	10	10	1	1	1	-0.4	0
chr2:18833071	10	1	10	10	1	1	1	-0.4	0
chr2:18908431	10	1	10	10	1	1	1	-0.4	0
chr2:19031296	10	1	10	10	1	1	1	-0.4	0
chr2:19052983	10	1	10	10	1	1	1	-0.4	0
chr2:19101094	10	1	10	10	1	1	1	-0.4	0
chr2:19142624	10	1	10	10	1	1	1	-0.4	0
chr2:19154001	10	1	10	10	1	1	1	-0.4	0
chr2:19232487	10	1	10	10	1	1	1	-0.4	0
chr2:19242501	10	1	10	10	1	1	1	-0.4	0
chr2:19255820	10	1	10	10	1	1	1	-0.4	0
chr2:19486906	10	1	10	10	1	1	1	-0.4	0
chr2:19511803	10	1	10	10	1	1	1	-0.4	0
chr3:131965	10	1	10	10	1	1	1	-0.4	0
chr3:255818	10	1	10	10	1	1	1	-0.4	0
chr3:309429	10	1	10	10	1	1	1	-0.4	0
chr3:321723	10	1	10	10	1	1	1	-0.4	0
chr3:640146	10	1	10	10	1	1	1	-0.4	0
chr3:910828	10	1	10	10	1	1	1	-0.4	0
chr3:995186	10	1	10	10	1	1	1	-0.4	0
chr3:1338164	10	1	10	10	1	1	1	-0.4	0
chr3:1396083	10	1	10	10	1	1	1	-0.4	0
chr3:1452560	10	1	10	10	1	1	1	-0.4	0
chr3:1453600	10	1	10	10	1	1	1	-0.4	0
chr3:1456288	10	1	10	10	1	1	1	-0.4	0
chr3:1464722	10	1	10	10	1	1	1	-0.4	0
chr3:1490618	10	1	10	10	1	1	1	-0.4	0
chr3:1644518	10	1	10	10	1	1	1	-0.4	0
chr3:1697706	10	1	10	10	1	1	1	-0.4	0
chr3:1739178	10	1	10	10	1	1	1	-0.4	0
chr3:1759669	10	1	10	10	1	1	1	-0.4	0
chr3:1839033	10	1	10	10	1	1	1	-0.4	0
chr3:1988430	10	1	10	10	1	1	1	-0.4	0
chr3:2015966	10	1	10	10	1	1	1	-0.4	0
chr3:2170038	10	1	10	10	1	1	1	-0.4	0
chr3:2330384	10	1	10	10	1	1	1	-0.4	0
chr3:2331057	10	1	10	10	1	1	1	-0.4	0
chr3:2383856	10	1	10	10	1	1	1	-0.4	0
chr3:2412157	10	1	10	10	1	1	1	-0.4	0
chr3:2475477	10	1	10	10	1	1	1	-0.4	0
chr3:2615144	10	1	10	10	1	1	1	-0.4	0
chr3:2704211	10	1	10	10	1	1	1	-0.4	0
chr3:2807077	10	1	10	10	1	1	1	-0.4	0
chr3:2890743	10	1	10	10	1	1	1	-0.4	0
chr3:3127752	10	1	10	10	1	1	1	-0.4	0
chr3:3128763	10	1	10	10	1	1	1	-0.4	0
chr3:3357758	10	1	10	10	1	1	1	-0.4	0
chr3:3535142	10	1	10	10	1	1	1	-0.4	0
chr3:3586056	10	1	10	10	1	1	1	-0.4	0
chr3:3656663	10	1	10	10	1	1	1	-0.4	0
chr3:3658354	10	1	10	10	1	1	1	-0.4	0
chr3:3696660	10	1	10	10	1	1	1	-0.4	0
chr3:3863117	10	1	10	10	1	1	1	-0.4	0
chr3:3879086	10	1	10	10	1	1	1	-0.4	0
chr3:3885191	10	1	10	10	1	1	1	-0.4	0
chr3:4008391	10	1	10	10	1	1	1	-0.4	0
chr3:4046462	10	1	10	10	1	1	1	-0.4	0
chr3:4119592	10	1	10	10	1	1	1	-0.4	0
chr3:4120242	10	1	10	10	1	1	1	-0.4	0
chr3:4124419	10	1	10	10	1	1	1	-0.4	0
chr3:4127968	10	1	10	10	1	1	1	-0.4	0
chr3:4176262	10	1	10	10	1	1	1	-0.4	0
chr3:4179993	10	1	10	10	1	1	1	-0.4	0
chr3:4266428	10	1	10	10	1	1	1	-0.4	0
chr3:4394047	10	1	10	10	1	1	1	-0.4	0
chr3:4419719	10	1	10	10	1	1	1	-0.4	0
chr3:4484190	10	1	10	10	1	1	1	-0.4	0
chr3:4490151	10	1	10	10	1	1	1	-0.4	0
chr3:4541620	10	1	10	10	1	1	1	-0.4	0
chr3:4607898	10	1	10	10	1	1	1	-0.4	0
chr3:4672616	10	1	10	10	1	1	1	-0.4	0
chr3:4943366	10	1	10	10	1	1	1	-0.4	0
chr3:4955905	10	1	10	10	1	1	1	-0.4	0
chr3:4996383	10	1	10	10	1	1	1	-0.4	0
chr3:5078930	10	1	10	10	1	1	1	-0.4	0
chr3:5079922	10	1	10	10	1	1	1	-0.4	0
chr3:5122779	10	1	10	10	1	1	1	-0.4	0
chr3:5125601	10	1	10	10	1	1	1	-0.4	0
chr3:5141385	10	1	10	10	1	1	1	-0.4	0
chr3:5221176	10	1	10	10	1	1	1	-0.4	0
chr3:5327712	10	1	10	10	1	1	1	-0.4	0
chr3:5614958	10	1	10	10	1	1	1	-0.4	0
chr3:5646184	10	1	10	10	1	1	1	-0.4	0
chr3:5756411	10	1	10	10	1	1	1	-0.4	0
chr3:5820676	10	1	10	10	1	1	1	-0.4	0
chr3:5954330	10	1	10	10	1	1	1	-0.4	0
chr3:6032173	10	1	10	10	1	1	1	-0.4	0
chr3:6044211	10	1	10	10	1	1	1	-0.4	0
chr3:6158675	10	1	10	10	1	1	1	-0.4	0
chr3:6234859	10	1	10	10	1	1	1	-0.4	0
chr3:6272661	10	1	10	10	1	1	1	-0.4	0
chr3:6282606	10	1	10	10	1	1	1	-0.4	0
chr3:6346317	10	1	10	10	1	1	1	-0.4	0
chr3:6380782	10	1	10	10	1	1	1	-0.4	0
chr3:6616007	10	1	10	10	1	1	1	-0.4	0
chr3:6714650	10	1	10	10	1	1	1	-0.4	0
chr3:6965538	10	1	10	10	1	1	1	-0.4	0
chr3:7104409	10	1	10	10	1	1	1	-0.4	0
chr3:7114050	10	1	10	10	1	1	1	-0.4	0
chr3:7503671	10	1	10	10	1	1	1	-0.4	0
chr3:7919852	10	1	10	10	1	1	1	-0.4	0
chr3:8074092	10	1	10	10	1	1	1	-0.4	0
chr3:8086337	10	1	10	10	1	1	1	-0.4	0
chr3:8104495	10	1	10	10	1	1	1	-0.4	0
chr3:8144251	10	1	10	10	1	1	1	-0.4	0
chr3:8156758	10	1	10	10	1	1	1	-0.4	0
chr3:8176846	10	1	10	10	1	1	1	-0.4	0
chr3:8325477	10	1	10	10	1	1	1	-0.4	0
chr3:8337478	10	1	10	10	1	1	1	-0.4	0
chr3:8418804	10	1	10	10	1	1	1	-0.4	0
chr3:8437847	10	1	10	10	1	1	1	-0.4	0
chr3:8546996	10	1	10	10	1	1	1	-0.4	0
chr3:8557661	10	1	10	10	1	1	1	-0.4	0
chr3:8605198	10	1	10	10	1	1	1	-0.4	0
chr3:8910750	10	1	10	10	1	1	1	-0.4	0
chr3:8943291	10	1	10	10	1	1	1	-0.4	0
chr3:9040353	10	1	10	10	1	1	1	-0.4	0
chr3:9122135	10	1	10	10	1	1	1	-0.4	0
chr3:9363785	10	1	10	10	1	1	1	-0.4	0
chr3:9591945	10	1	10	10	1	1	1	-0.4	0
chr3:9683467	10	1	10	10	1	1	1	-0.4	0
chr3:9714124	10	1	10	10	1	1	1	-0.4	0
chr3:9714524	10	1	10	10	1	1	1	-0.4	0
chr3:9807628	10	1	10	10	1	1	1	-0.4	0
chr3:9827673	10	1	10	10	1	1	1	-0.4	0
chr3:9932409	10	1	10	10	1	1	1	-0.4	0
chr3:10022610	10	1	10	10	1	1	1	-0.4	0
chr3:10063012	10	1	10	10	1	1	1	-0.4	0
chr3:10171500	10	1	10	10	1	1	1	-0.4	0
chr3:10303927	10	1	10	10	1	1	1	-0.4	0
chr3:10384215	10	1	10	10	1	1	1	-0.4	0
chr3:10447264	10	1	10	10	1	1	1	-0.4	0
chr3:11011941	10	1	10	10	1	1	1	-0.4	0
chr3:11191143	10	1	10	10	1	1	1	-0.4	0
chr3:12453977	10	1	10	10	1	1	1	-0.4	0
chr3:13587707	10	1	10	10	1	1	1	-0.4	0
chr3:13589383	10	1	10	10	1	1	1	-0.4	0
chr3:13591635	10	1	10	10	1	1	1	-0.4	0
chr3:14194347	10	1	10	10	1	1	1	-0.4	0
chr3:14196053	10	1	10	10	1	1	1	-0.4	0
chr3:14196543	10	1	10	10	1	1	1	-0.4	0
chr3:14199641	10	1	10	10	1	1	1	-0.4	0
chr3:14200076	10	1	10	10	1	1	1	-0.4	0
chr3:14201614	10	1	10	10	1	1	1	-0.4	0
chr3:14689905	10	1	10	10	1	1	1	-0.4	0
chr3:14690289	10	1	10	10	1	1	1	-0.4	0
chr3:15357166	10	1	10	10	1	1	1	-0.4	0
chr3:15436468	10	1	10	10	1	1	1	-0.4	0
chr3:15986336	10	1	10	10	1	1	1	-0.4	0
chr3:16599345	10	1	10	10	1	1	1	-0.4	0
chr3:16739921	10	1	10	10	1	1	1	-0.4	0
chr3:16817688	10	1	10	10	1	1	1	-0.4	0
chr3:17151455	10	1	10	10	1	1	1	-0.4	0
chr3:17163365	10	1	10	10	1	1	1	-0.4	0
chr3:17458890	10	1	10	10	1	1	1	-0.4	0
chr3:17547192	10	1	10	10	1	1	1	-0.4	0
chr3:17548432	10	1	10	10	1	1	1	-0.4	0
chr3:17562841	10	1	10	10	1	1	1	-0.4	0
chr3:17911722	10	1	10	10	1	1	1	-0.4	0
chr3:18018651	10	1	10	10	1	1	1	-0.4	0
chr3:18046088	10	1	10	10	1	1	1	-0.4	0
chr3:18261546	10	1	10	10	1	1	1	-0.4	0
chr3:18263437	10	1	10	10	1	1	1	-0.4	0
chr3:18415603	10	1	10	10	1	1	1	-0.4	0
chr3:18421615	10	1	10	10	1	1	1	-0.4	0
chr3:18478444	10	1	10	10	1	1	1	-0.4	0
chr3:18805813	10	1	10	10	1	1	1	-0.4	0
chr3:18883459	10	1	10	10	1	1	1	-0.4	0
chr3:18905167	10	1	10	10	1	1	1	-0.4	0
chr3:18959509	10	1	10	10	1	1	1	-0.4	0
chr3:18960529	10	1	10	10	1	1	1	-0.4	0
chr3:19073132	10	1	10	10	1	1	1	-0.4	0
chr3:19165405	10	1	10	10	1	1	1	-0.4	0
chr3:19393003	10	1	10	10	1	1	1	-0.4	0
chr3:19406971	10	1	10	10	1	1	1	-0.4	0
chr3:19449013	10	1	10	10	1	1	1	-0.4	0
chr3:19621286	10	1	10	10	1	1	1	-0.4	0
chr3:19695717	10	1	10	10	1	1	1	-0.4	0
chr3:19855527	10	1	10	10	1	1	1	-0.4	0
chr3:19903576	10	1	10	10	1	1	1	-0.4	0
chr3:19951100	10	1	10	10	1	1	1	-0.4	0
chr3:20121488	10	1	10	10	1	1	1	-0.4	0
chr3:20148207	10	1	10	10	1	1	1	-0.4	0
chr3:20303212	10	1	10	10	1	1	1	-0.4	0
chr3:20501963	10	1	10	10	1	1	1	-0.4	0
chr3:20605573	10	1	10	10	1	1	1	-0.4	0
chr3:20687424	10	1	10	10	1	1	1	-0.4	0
chr3:21059761	10	1	10	10	1	1	1	-0.4	0
chr3:21060987	10	1	10	10	1	1	1	-0.4	0
chr3:21107508	10	1	10	10	1	1	1	-0.4	0
chr3:21411809	10	1	10	10	1	1	1	-0.4	0
chr3:21415239	10	1	10	10	1	1	1	-0.4	0
chr3:21472939	10	1	10	10	1	1	1	-0.4	0
chr3:21474424	10	1	10	10	1	1	1	-0.4	0
chr3:21510389	10	1	10	10	1	1	1	-0.4	0
chr3:21634912	10	1	10	10	1	1	1	-0.4	0
chr3:21678836	10	1	10	10	1	1	1	-0.4	0
chr3:21761284	10	1	10	10	1	1	1	-0.4	0
chr3:21828199	10	1	10	10	1	1	1	-0.4	0
chr3:21831276	10	1	10	10	1	1	1	-0.4	0
chr3:22293305	10	1	10	10	1	1	1	-0.4	0
chr3:22322606	10	1	10	10	1	1	1	-0.4	0
chr3:22323872	10	1	10	10	1	1	1	-0.4	0
chr3:22333935	10	1	10	10	1	1	1	-0.4	0
chr3:22369953	10	1	10	10	1	1	1	-0.4	0
chr3:22427607	10	1	10	10	1	1	1	-0.4	0
chr3:22498594	10	1	10	10	1	1	1	-0.4	0
chr3:22499108	10	1	10	10	1	1	1	-0.4	0
chr3:22744619	10	1	10	10	1	1	1	-0.4	0
chr3:22745329	10	1	10	10	1	1	1	-0.4	0
chr3:22834967	10	1	10	10	1	1	1	-0.4	0
chr3:22859714	10	1	10	10	1	1	1	-0.4	0
chr3:22883079	10	1	10	10	1	1	1	-0.4	0
chr3:22906491	10	1	10	10	1	1	1	-0.4	0
chr3:22910764	10	1	10	10	1	1	1	-0.4	0
chr3:22947950	10	1	10	10	1	1	1	-0.4	0
chr3:22949500	10	1	10	10	1	1	1	-0.4	0
chr3:22950872	10	1	10	10	1	1	1	-0.4	0
chr3:22951515	10	1	10	10	1	1	1	-0.4	0
chr3:23135519	10	1	10	10	1	1	1	-0.4	0
chr3:23276760	10	1	10	10	1	1	1	-0.4	0
chr3:23277497	10	1	10	10	1	1	1	-0.4	0
chr3:23281705	10	1	10	10	1	1	1	-0.4	0
chr3:23287719	10	1	10	10	1	1	1	-0.4	0
chr3:23324399	10	1	10	10	1	1	1	-0.4	0
chr3:23426905	10	1	10	10	1	1	1	-0.4	0
chr4:56898	10	1	10	10	1	1	1	-0.4	0
chr4:76825	10	1	10	10	1	1	1	-0.4	0
chr4:347414	10	1	10	10	1	1	1	-0.4	0
chr4:459620	10	1	10	10	1	1	1	-0.4	0
chr4:484932	10	1	10	10	1	1	1	-0.4	0
chr4:629725	10	1	10	10	1	1	1	-0.4	0
chr4:663176	10	1	10	10	1	1	1	-0.4	0
chr4:1308570	10	1	10	10	1	1	1	-0.4	0
chr4:1431983	10	1	10	10	1	1	1	-0.4	0
chr4:1500111	10	1	10	10	1	1	1	-0.4	0
chr4:1579882	10	1	10	10	1	1	1	-0.4	0
chr4:1875325	10	1	10	10	1	1	1	-0.4	0
chr4:2289061	10	1	10	10	1	1	1	-0.4	0
chr4:2452524	10	1	10	10	1	1	1	-0.4	0
chr4:2472179	10	1	10	10	1	1	1	-0.4	0
chr4:3054350	10	1	10	10	1	1	1	-0.4	0
chr4:3950937	10	1	10	10	1	1	1	-0.4	0
chr4:3953568	10	1	10	10	1	1	1	-0.4	0
chr4:3954758	10	1	10	10	1	1	1	-0.4	0
chr4:3955872	10	1	10	10	1	1	1	-0.4	0
chr4:3969226	10	1	10	10	1	1	1	-0.4	0
chr4:3971093	10	1	10	10	1	1	1	-0.4	0
chr4:3979440	10	1	10	10	1	1	1	-0.4	0
chr4:4000716	10	1	10	10	1	1	1	-0.4	0
chr4:4001225	10	1	10	10	1	1	1	-0.4	0
chr4:4002264	10	1	10	10	1	1	1	-0.4	0
chr4:4004071	10	1	10	10	1	1	1	-0.4	0
chr4:4007340	10	1	10	10	1	1	1	-0.4	0
chr4:4009766	10	1	10	10	1	1	1	-0.4	0
chr4:4070331	10	1	10	10	1	1	1	-0.4	0
chr4:5196625	10	1	10	10	1	1	1	-0.4	0
chr4:5650171	10	1	10	10	1	1	1	-0.4	0
chr4:5717802	10	1	10	10	1	1	1	-0.4	0
chr4:5736662	10	1	10	10	1	1	1	-0.4	0
chr4:5994621	10	1	10	10	1	1	1	-0.4	0
chr4:6369990	10	1	10	10	1	1	1	-0.4	0
chr4:6793187	10	1	10	10	1	1	1	-0.4	0
chr4:6877783	10	1	10	10	1	1	1	-0.4	0
chr4:6992370	10	1	10	10	1	1	1	-0.4	0
chr4:6999672	10	1	10	10	1	1	1	-0.4	0
chr4:7140867	10	1	10	10	1	1	1	-0.4	0
chr4:7309980	10	1	10	10	1	1	1	-0.4	0
chr4:7349314	10	1	10	10	1	1	1	-0.4	0
chr4:7589989	10	1	10	10	1	1	1	-0.4	0
chr4:7603010	10	1	10	10	1	1	1	-0.4	0
chr4:8054234	10	1	10	10	1	1	1	-0.4	0
chr4:8093469	10	1	10	10	1	1	1	-0.4	0
chr4:8203322	10	1	10	10	1	1	1	-0.4	0
chr4:8386747	10	1	10	10	1	1	1	-0.4	0
chr4:8456245	10	1	10	10	1	1	1	-0.4	0
chr4:8524788	10	1	10	10	1	1	1	-0.4	0
chr4:9111083	10	1	10	10	1	1	1	-0.4	0
chr4:9250434	10	1	10	10	1	1	1	-0.4	0
chr4:9391816	10	1	10	10	1	1	1	-0.4	0
chr4:9414777	10	1	10	10	1	1	1	-0.4	0
chr4:9415326	10	1	10	10	1	1	1	-0.4	0
chr4:9443400	10	1	10	10	1	1	1	-0.4	0
chr4:9669306	10	1	10	10	1	1	1	-0.4	0
chr4:9720656	10	1	10	10	1	1	1	-0.4	0
chr4:9738126	10	1	10	10	1	1	1	-0.4	0
chr4:9747448	10	1	10	10	1	1	1	-0.4	0
chr4:9780060	10	1	10	10	1	1	1	-0.4	0
chr4:9806907	10	1	10	10	1	1	1	-0.4	0
chr4:9908628	10	1	10	10	1	1	1	-0.4	0
chr4:9997849	10	1	10	10	1	1	1	-0.4	0
chr4:10003540	10	1	10	10	1	1	1	-0.4	0
chr4:10220438	10	1	10	10	1	1	1	-0.4	0
chr4:10225062	10	1	10	10	1	1	1	-0.4	0
chr4:10229190	10	1	10	10	1	1	1	-0.4	0
chr4:10233696	10	1	10	10	1	1	1	-0.4	0
chr4:10337159	10	1	10	10	1	1	1	-0.4	0
chr4:10484968	10	1	10	10	1	1	1	-0.4	0
chr4:10597170	10	1	10	10	1	1	1	-0.4	0
chr4:10649539	10	1	10	10	1	1	1	-0.4	0
chr4:10681906	10	1	10	10	1	1	1	-0.4	0
chr4:10718101	10	1	10	10	1	1	1	-0.4	0
chr4:10841209	10	1	10	10	1	1	1	-0.4	0
chr4:11125055	10	1	10	10	1	1	1	-0.4	0
chr4:11145037	10	1	10	10	1	1	1	-0.4	0
chr4:11310602	10	1	10	10	1	1	1	-0.4	0
chr4:11401909	10	1	10	10	1	1	1	-0.4	0
chr4:11422055	10	1	10	10	1	1	1	-0.4	0
chr4:11473100	10	1	10	10	1	1	1	-0.4	0
chr4:11553834	10	1	10	10	1	1	1	-0.4	0
chr4:11646935	10	1	10	10	1	1	1	-0.4	0
chr4:11650270	10	1	10	10	1	1	1	-0.4	0
chr4:11750209	10	1	10	10	1	1	1	-0.4	0
chr4:11849313	10	1	10	10	1	1	1	-0.4	0
chr4:11868226	10	1	10	10	1	1	1	-0.4	0
chr4:11908024	10	1	10	10	1	1	1	-0.4	0
chr4:11983977	10	1	10	10	1	1	1	-0.4	0
chr4:12044502	10	1	10	10	1	1	1	-0.4	0
chr4:12074871	10	1	10	10	1	1	1	-0.4	0
chr4:12086783	10	1	10	10	1	1	1	-0.4	0
chr4:12089033	10	1	10	10	1	1	1	-0.4	0
chr4:12143899	10	1	10	10	1	1	1	-0.4	0
chr4:12156993	10	1	10	10	1	1	1	-0.4	0
chr4:12316599	10	1	10	10	1	1	1	-0.4	0
chr4:12334924	10	1	10	10	1	1	1	-0.4	0
chr4:12380226	10	1	10	10	1	1	1	-0.4	0
chr4:12488046	10	1	10	10	1	1	1	-0.4	0
chr4:12500408	10	1	10	10	1	1	1	-0.4	0
chr4:12536993	10	1	10	10	1	1	1	-0.4	0
chr4:12542563	10	1	10	10	1	1	1	-0.4	0
chr4:12764277	10	1	10	10	1	1	1	-0.4	0
chr4:12770948	10	1	10	10	1	1	1	-0.4	0
chr4:12886121	10	1	10	10	1	1	1	-0.4	0
chr4:13052647	10	1	10	10	1	1	1	-0.4	0
chr4:13196413	10	1	10	10	1	1	1	-0.4	0
chr4:13236261	10	1	10	10	1	1	1	-0.4	0
chr4:13390833	10	1	10	10	1	1	1	-0.4	0
chr4:13674988	10	1	10	10	1	1	1	-0.4	0
chr4:13677098	10	1	10	10	1	1	1	-0.4	0
chr4:13685987	10	1	10	10	1	1	1	-0.4	0
chr4:13686669	10	1	10	10	1	1	1	-0.4	0
chr4:13725312	10	1	10	10	1	1	1	-0.4	0
chr4:13812980	10	1	10	10	1	1	1	-0.4	0
chr4:13828715	10	1	10	10	1	1	1	-0.4	0
chr4:13889306	10	1	10	10	1	1	1	-0.4	0
chr4:13919207	10	1	10	10	1	1	1	-0.4	0
chr4:13920480	10	1	10	10	1	1	1	-0.4	0
chr4:13997519	10	1	10	10	1	1	1	-0.4	0
chr4:14002487	10	1	10	10	1	1	1	-0.4	0
chr4:14023205	10	1	10	10	1	1	1	-0.4	0
chr4:14141509	10	1	10	10	1	1	1	-0.4	0
chr4:14197921	10	1	10	10	1	1	1	-0.4	0
chr4:14364453	10	1	10	10	1	1	1	-0.4	0
chr4:14546058	10	1	10	10	1	1	1	-0.4	0
chr4:14619217	10	1	10	10	1	1	1	-0.4	0
chr4:14694444	10	1	10	10	1	1	1	-0.4	0
chr4:14696386	10	1	10	10	1	1	1	-0.4	0
chr4:14772956	10	1	10	10	1	1	1	-0.4	0
chr4:14907795	10	1	10	10	1	1	1	-0.4	0
chr4:14970668	10	1	10	10	1	1	1	-0.4	0
chr4:14999444	10	1	10	10	1	1	1	-0.4	0
chr4:15065637	10	1	10	10	1	1	1	-0.4	0
chr4:15309261	10	1	10	10	1	1	1	-0.4	0
chr4:15312643	10	1	10	10	1	1	1	-0.4	0
chr4:15333144	10	1	10	10	1	1	1	-0.4	0
chr4:15393217	10	1	10	10	1	1	1	-0.4	0
chr4:15418293	10	1	10	10	1	1	1	-0.4	0
chr4:15614630	10	1	10	10	1	1	1	-0.4	0
chr4:15629658	10	1	10	10	1	1	1	-0.4	0
chr4:15829886	10	1	10	10	1	1	1	-0.4	0
chr4:15842346	10	1	10	10	1	1	1	-0.4	0
chr4:15924529	10	1	10	10	1	1	1	-0.4	0
chr4:16131330	10	1	10	10	1	1	1	-0.4	0
chr4:16345227	10	1	10	10	1	1	1	-0.4	0
chr4:16377197	10	1	10	10	1	1	1	-0.4	0
chr4:16559096	10	1	10	10	1	1	1	-0.4	0
chr4:16583163	10	1	10	10	1	1	1	-0.4	0
chr4:16643208	10	1	10	10	1	1	1	-0.4	0
chr4:16711082	10	1	10	10	1	1	1	-0.4	0
chr4:16767438	10	1	10	10	1	1	1	-0.4	0
chr4:16859640	10	1	10	10	1	1	1	-0.4	0
chr4:16927480	10	1	10	10	1	1	1	-0.4	0
chr4:16961158	10	1	10	10	1	1	1	-0.4	0
chr4:16979944	10	1	10	10	1	1	1	-0.4	0
chr4:17138242	10	1	10	10	1	1	1	-0.4	0
chr4:17139725	10	1	10	10	1	1	1	-0.4	0
chr4:17324795	10	1	10	10	1	1	1	-0.4	0
chr4:17334455	10	1	10	10	1	1	1	-0.4	0
chr4:17351363	10	1	10	10	1	1	1	-0.4	0
chr4:17355963	10	1	10	10	1	1	1	-0.4	0
chr4:17363742	10	1	10	10	1	1	1	-0.4	0
chr4:17395860	10	1	10	10	1	1	1	-0.4	0
chr4:17469280	10	1	10	10	1	1	1	-0.4	0
chr4:17470216	10	1	10	10	1	1	1	-0.4	0
chr4:17594360	10	1	10	10	1	1	1	-0.4	0
chr4:17601232	10	1	10	10	1	1	1	-0.4	0
chr4:17661991	10	1	10	10	1	1	1	-0.4	0
chr4:17667961	10	1	10	10	1	1	1	-0.4	0
chr4:17700589	10	1	10	10	1	1	1	-0.4	0
chr4:17748696	10	1	10	10	1	1	1	-0.4	0
chr4:17755095	10	1	10	10	1	1	1	-0.4	0
chr4:17771504	10	1	10	10	1	1	1	-0.4	0
chr4:17784998	10	1	10	10	1	1	1	-0.4	0
chr4:18019052	10	1	10	10	1	1	1	-0.4	0
chr4:18019697	10	1	10	10	1	1	1	-0.4	0
chr4:18034528	10	1	10	10	1	1	1	-0.4	0
chr4:18055510	10	1	10	10	1	1	1	-0.4	0
chr4:18065878	10	1	10	10	1	1	1	-0.4	0
chr4:18082571	10	1	10	10	1	1	1	-0.4	0
chr4:18122394	10	1	10	10	1	1	1	-0.4	0
chr4:18125755	10	1	10	10	1	1	1	-0.4	0
chr4:18129647	10	1	10	10	1	1	1	-0.4	0
chr4:18159997	10	1	10	10	1	1	1	-0.4	0
chr4:18208705	10	1	10	10	1	1	1	-0.4	0
chr4:18259501	10	1	10	10	1	1	1	-0.4	0
chr4:18282634	10	1	10	10	1	1	1	-0.4	0
chr4:18301864	10	1	10	10	1	1	1	-0.4	0
chr4:18413976	10	1	10	10	1	1	1	-0.4	0
chr4:18451542	10	1	10	10	1	1	1	-0.4	0
chr4:18472376	10	1	10	10	1	1	1	-0.4	0
chr5:34532	10	1	10	10	1	1	1	-0.4	0
chr5:158965	10	1	10	10	1	1	1	-0.4	0
chr5:267073	10	1	10	10	1	1	1	-0.4	0
chr5:286984	10	1	10	10	1	1	1	-0.4	0
chr5:313848	10	1	10	10	1	1	1	-0.4	0
chr5:318375	10	1	10	10	1	1	1	-0.4	0
chr5:338845	10	1	10	10	1	1	1	-0.4	0
chr5:520839	10	1	10	10	1	1	1	-0.4	0
chr5:530456	10	1	10	10	1	1	1	-0.4	0
chr5:578094	10	1	10	10	1	1	1	-0.4	0
chr5:625266	10	1	10	10	1	1	1	-0.4	0
chr5:694945	10	1	10	10	1	1	1	-0.4	0
chr5:925529	10	1	10	10	1	1	1	-0.4	0
chr5:1003755	10	1	10	10	1	1	1	-0.4	0
chr5:1114884	10	1	10	10	1	1	1	-0.4	0
chr5:1270792	10	1	10	10	1	1	1	-0.4	0
chr5:1291681	10	1	10	10	1	1	1	-0.4	0
chr5:1295894	10	1	10	10	1	1	1	-0.4	0
chr5:1401484	10	1	10	10	1	1	1	-0.4	0
chr5:1898950	10	1	10	10	1	1	1	-0.4	0
chr5:1901843	10	1	10	10	1	1	1	-0.4	0
chr5:1951154	10	1	10	10	1	1	1	-0.4	0
chr5:2233425	10	1	10	10	1	1	1	-0.4	0
chr5:2272640	10	1	10	10	1	1	1	-0.4	0
chr5:2299155	10	1	10	10	1	1	1	-0.4	0
chr5:2400778	10	1	10	10	1	1	1	-0.4	0
chr5:2487397	10	1	10	10	1	1	1	-0.4	0
chr5:2637512	10	1	10	10	1	1	1	-0.4	0
chr5:2658961	10	1	10	10	1	1	1	-0.4	0
chr5:2679879	10	1	10	10	1	1	1	-0.4	0
chr5:2680575	10	1	10	10	1	1	1	-0.4	0
chr5:2682171	10	1	10	10	1	1	1	-0.4	0
chr5:2758888	10	1	10	10	1	1	1	-0.4	0
chr5:2921186	10	1	10	10	1	1	1	-0.4	0
chr5:2935188	10	1	10	10	1	1	1	-0.4	0
chr5:3113591	10	1	10	10	1	1	1	-0.4	0
chr5:3164901	10	1	10	10	1	1	1	-0.4	0
chr5:3283963	10	1	10	10	1	1	1	-0.4	0
chr5:3430554	10	1	10	10	1	1	1	-0.4	0
chr5:3473536	10	1	10	10	1	1	1	-0.4	0
chr5:3478719	10	1	10	10	1	1	1	-0.4	0
chr5:3505406	10	1	10	10	1	1	1	-0.4	0
chr5:3509652	10	1	10	10	1	1	1	-0.4	0
chr5:3531328	10	1	10	10	1	1	1	-0.4	0
chr5:3616056	10	1	10	10	1	1	1	-0.4	0
chr5:3645904	10	1	10	10	1	1	1	-0.4	0
chr5:3695143	10	1	10	10	1	1	1	-0.4	0
chr5:3708285	10	1	10	10	1	1	1	-0.4	0
chr5:3728854	10	1	10	10	1	1	1	-0.4	0
chr5:3753950	10	1	10	10	1	1	1	-0.4	0
chr5:3783926	10	1	10	10	1	1	1	-0.4	0
chr5:3808689	10	1	10	10	1	1	1	-0.4	0
chr5:3857136	10	1	10	10	1	1	1	-0.4	0
chr5:3888653	10	1	10	10	1	1	1	-0.4	0
chr5:3956572	10	1	10	10	1	1	1	-0.4	0
chr5:4053889	10	1	10	10	1	1	1	-0.4	0
chr5:4156563	10	1	10	10	1	1	1	-0.4	0
chr5:4189439	10	1	10	10	1	1	1	-0.4	0
chr5:4240240	10	1	10	10	1	1	1	-0.4	0
chr5:4426439	10	1	10	10	1	1	1	-0.4	0
chr5:4541389	10	1	10	10	1	1	1	-0.4	0
chr5:4582479	10	1	10	10	1	1	1	-0.4	0
chr5:4690584	10	1	10	10	1	1	1	-0.4	0
chr5:4762832	10	1	10	10	1	1	1	-0.4	0
chr5:5007809	10	1	10	10	1	1	1	-0.4	0
chr5:5077351	10	1	10	10	1	1	1	-0.4	0
chr5:5211760	10	1	10	10	1	1	1	-0.4	0
chr5:5832163	10	1	10	10	1	1	1	-0.4	0
chr5:5885885	10	1	10	10	1	1	1	-0.4	0
chr5:5915035	10	1	10	10	1	1	1	-0.4	0
chr5:6062540	10	1	10	10	1	1	1	-0.4	0
chr5:6216798	10	1	10	10	1	1	1	-0.4	0
chr5:6224098	10	1	10	10	1	1	1	-0.4	0
chr5:6389362	10	1	10	10	1	1	1	-0.4	0
chr5:6430431	10	1	10	10	1	1	1	-0.4	0
chr5:6452352	10	1	10	10	1	1	1	-0.4	0
chr5:6495335	10	1	10	10	1	1	1	-0.4	0
chr5:6641610	10	1	10	10	1	1	1	-0.4	0
chr5:6671584	10	1	10	10	1	1	1	-0.4	0
chr5:6791892	10	1	10	10	1	1	1	-0.4	0
chr5:6921304	10	1	10	10	1	1	1	-0.4	0
chr5:6947167	10	1	10	10	1	1	1	-0.4	0
chr5:6976823	10	1	10	10	1	1	1	-0.4	0
chr5:6977859	10	1	10	10	1	1	1	-0.4	0
chr5:7008457	10	1	10	10	1	1	1	-0.4	0
chr5:7026870	10	1	10	10	1	1	1	-0.4	0
chr5:7175004	10	1	10	10	1	1	1	-0.4	0
chr5:7464334	10	1	10	10	1	1	1	-0.4	0
chr5:7465904	10	1	10	10	1	1	1	-0.4	0
chr5:7474722	10	1	10	10	1	1	1	-0.4	0
chr5:7588629	10	1	10	10	1	1	1	-0.4	0
chr5:7664292	10	1	10	10	1	1	1	-0.4	0
chr5:7812341	10	1	10	10	1	1	1	-0.4	0
chr5:7842779	10	1	10	10	1	1	1	-0.4	0
chr5:7968245	10	1	10	10	1	1	1	-0.4	0
chr5:8123018	10	1	10	10	1	1	1	-0.4	0
chr5:8588756	10	1	10	10	1	1	1	-0.4	0
chr5:8727008	10	1	10	10	1	1	1	-0.4	0
chr5:8730108	10	1	10	10	1	1	1	-0.4	0
chr5:8731011	10	1	10	10	1	1	1	-0.4	0
chr5:8732124	10	1	10	10	1	1	1	-0.4	0
chr5:8794577	10	1	10	10	1	1	1	-0.4	0
chr5:8796308	10	1	10	10	1	1	1	-0.4	0
chr5:8861269	10	1	10	10	1	1	1	-0.4	0
chr5:8923432	10	1	10	10	1	1	1	-0.4	0
chr5:8934864	10	1	10	10	1	1	1	-0.4	0
chr5:8993201	10	1	10	10	1	1	1	-0.4	0
chr5:9137209	10	1	10	10	1	1	1	-0.4	0
chr5:9138205	10	1	10	10	1	1	1	-0.4	0
chr5:9165511	10	1	10	10	1	1	1	-0.4	0
chr5:9423012	10	1	10	10	1	1	1	-0.4	0
chr5:9476312	10	1	10	10	1	1	1	-0.4	0
chr5:9663411	10	1	10	10	1	1	1	-0.4	0
chr5:10284465	10	1	10	10	1	1	1	-0.4	0
chr5:10452070	10	1	10	10	1	1	1	-0.4	0
chr5:10648789	10	1	10	10	1	1	1	-0.4	0
chr5:10862247	10	1	10	10	1	1	1	-0.4	0
chr5:11185074	10	1	10	10	1	1	1	-0.4	0
chr5:11185686	10	1	10	10	1	1	1	-0.4	0
chr5:11186485	10	1	10	10	1	1	1	-0.4	0
chr5:11705352	10	1	10	10	1	1	1	-0.4	0
chr5:11723668	10	1	10	10	1	1	1	-0.4	0
chr5:11727529	10	1	10	10	1	1	1	-0.4	0
chr5:11731545	10	1	10	10	1	1	1	-0.4	0
chr5:11732274	10	1	10	10	1	1	1	-0.4	0
chr5:11733745	10	1	10	10	1	1	1	-0.4	0
chr5:11734872	10	1	10	10	1	1	1	-0.4	0
chr5:11736066	10	1	10	10	1	1	1	-0.4	0
chr5:12586687	10	1	10	10	1	1	1	-0.4	0
chr5:13893210	10	1	10	10	1	1	1	-0.4	0
chr5:14016929	10	1	10	10	1	1	1	-0.4	0
chr5:14708203	10	1	10	10	1	1	1	-0.4	0
chr5:15249582	10	1	10	10	1	1	1	-0.4	0
chr5:15316965	10	1	10	10	1	1	1	-0.4	0
chr5:15382240	10	1	10	10	1	1	1	-0.4	0
chr5:15423884	10	1	10	10	1	1	1	-0.4	0
chr5:15641084	10	1	10	10	1	1	1	-0.4	0
chr5:15738526	10	1	10	10	1	1	1	-0.4	0
chr5:15932370	10	1	10	10	1	1	1	-0.4	0
chr5:16033601	10	1	10	10	1	1	1	-0.4	0
chr5:16186538	10	1	10	10	1	1	1	-0.4	0
chr5:16207216	10	1	10	10	1	1	1	-0.4	0
chr5:16236805	10	1	10	10	1	1	1	-0.4	0
chr5:16332323	10	1	10	10	1	1	1	-0.4	0
chr5:16434526	10	1	10	10	1	1	1	-0.4	0
chr5:16527943	10	1	10	10	1	1	1	-0.4	0
chr5:16575664	10	1	10	10	1	1	1	-0.4	0
chr5:16577232	10	1	10	10	1	1	1	-0.4	0
chr5:16579613	10	1	10	10	1	1	1	-0.4	0
chr5:16590713	10	1	10	10	1	1	1	-0.4	0
chr5:16828513	10	1	10	10	1	1	1	-0.4	0
chr5:16831102	10	1	10	10	1	1	1	-0.4	0
chr5:16866618	10	1	10	10	1	1	1	-0.4	0
chr5:17113077	10	1	10	10	1	1	1	-0.4	0
chr5:17550061	10	1	10	10	1	1	1	-0.4	0
chr5:17651822	10	1	10	10	1	1	1	-0.4	0
chr5:17733675	10	1	10	10	1	1	1	-0.4	0
chr5:17829006	10	1	10	10	1	1	1	-0.4	0
chr5:17861766	10	1	10	10	1	1	1	-0.4	0
chr5:17906999	10	1	10	10	1	1	1	-0.4	0
chr5:17913624	10	1	10	10	1	1	1	-0.4	0
chr5:17966532	10	1	10	10	1	1	1	-0.4	0
chr5:18027641	10	1	10	10	1	1	1	-0.4	0
chr5:18213731	10	1	10	10	1	1	1	-0.4	0
chr5:18215850	10	1	10	10	1	1	1	-0.4	0
chr5:18392069	10	1	10	10	1	1	1	-0.4	0
chr5:18753969	10	1	10	10	1	1	1	-0.4	0
chr5:18829846	10	1	10	10	1	1	1	-0.4	0
chr5:18944338	10	1	10	10	1	1	1	-0.4	0
chr5:18947054	10	1	10	10	1	1	1	-0.4	0
chr5:19101015	10	1	10	10	1	1	1	-0.4	0
chr5:19133707	10	1	10	10	1	1	1	-0.4	0
chr5:19218571	10	1	10	10	1	1	1	-0.4	0
chr5:19224696	10	1	10	10	1	1	1	-0.4	0
chr5:19271642	10	1	10	10	1	1	1	-0.4	0
chr5:19273748	10	1	10	10	1	1	1	-0.4	0
chr5:19289683	10	1	10	10	1	1	1	-0.4	0
chr5:19810623	10	1	10	10	1	1	1	-0.4	0
chr5:19899098	10	1	10	10	1	1	1	-0.4	0
chr5:20900380	10	1	10	10	1	1	1	-0.4	0
chr5:20941489	10	1	10	10	1	1	1	-0.4	0
chr5:21029889	10	1	10	10	1	1	1	-0.4	0
chr5:21240721	10	1	10	10	1	1	1	-0.4	0
chr5:21439182	10	1	10	10	1	1	1	-0.4	0
chr5:21663719	10	1	10	10	1	1	1	-0.4	0
chr5:21665523	10	1	10	10	1	1	1	-0.4	0
chr5:21737397	10	1	10	10	1	1	1	-0.4	0
chr5:21820689	10	1	10	10	1	1	1	-0.4	0
chr5:21884171	10	1	10	10	1	1	1	-0.4	0
chr5:22015349	10	1	10	10	1	1	1	-0.4	0
chr5:22115984	10	1	10	10	1	1	1	-0.4	0
chr5:22134823	10	1	10	10	1	1	1	-0.4	0
chr5:22245921	10	1	10	10	1	1	1	-0.4	0
chr5:22280234	10	1	10	10	1	1	1	-0.4	0
chr5:22493239	10	1	10	10	1	1	1	-0.4	0
chr5:22528749	10	1	10	10	1	1	1	-0.4	0
chr5:22634179	10	1	10	10	1	1	1	-0.4	0
chr5:22645003	10	1	10	10	1	1	1	-0.4	0
chr5:22692391	10	1	10	10	1	1	1	-0.4	0
chr5:22758146	10	1	10	10	1	1	1	-0.4	0
chr5:22788749	10	1	10	10	1	1	1	-0.4	0
chr5:22792240	10	1	10	10	1	1	1	-0.4	0
chr5:23018540	10	1	10	10	1	1	1	-0.4	0
chr5:23093639	10	1	10	10	1	1	1	-0.4	0
chr5:23163495	10	1	10	10	1	1	1	-0.4	0
chr5:23293789	10	1	10	10	1	1	1	-0.4	0
chr5:23322214	10	1	10	10	1	1	1	-0.4	0
chr5:23359609	10	1	10	10	1	1	1	-0.4	0
chr5:23368856	10	1	10	10	1	1	1	-0.4	0
chr5:23400490	10	1	10	10	1	1	1	-0.4	0
chr5:23476881	10	1	10	10	1	1	1	-0.4	0
chr5:23524225	10	1	10	10	1	1	1	-0.4	0
chr5:23707386	10	1	10	10	1	1	1	-0.4	0
chr5:23782917	10	1	10	10	1	1	1	-0.4	0
chr5:23840769	10	1	10	10	1	1	1	-0.4	0
chr5:23850232	10	1	10	10	1	1	1	-0.4	0
chr5:23948132	10	1	10	10	1	1	1	-0.4	0
chr5:24084960	10	1	10	10	1	1	1	-0.4	0
chr5:24239782	10	1	10	10	1	1	1	-0.4	0
chr5:24390220	10	1	10	10	1	1	1	-0.4	0
chr5:24436898	10	1	10	10	1	1	1	-0.4	0
chr5:24508512	10	1	10	10	1	1	1	-0.4	0
chr5:24585751	10	1	10	10	1	1	1	-0.4	0
chr5:24610894	10	1	10	10	1	1	1	-0.4	0
chr5:24640641	10	1	10	10	1	1	1	-0.4	0
chr5:24757704	10	1	10	10	1	1	1	-0.4	0
chr5:24764134	10	1	10	10	1	1	1	-0.4	0
chr5:24766767	10	1	10	10	1	1	1	-0.4	0
chr5:24910250	10	1	10	10	1	1	1	-0.4	0
chr5:24977268	10	1	10	10	1	1	1	-0.4	0
chr5:25015520	10	1	10	10	1	1	1	-0.4	0
chr5:25019220	10	1	10	10	1	1	1	-0.4	0
chr5:25046522	10	1	10	10	1	1	1	-0.4	0
chr5:25079394	10	1	10	10	1	1	1	-0.4	0
chr5:25087343	10	1	10	10	1	1	1	-0.4	0
chr5:25164727	10	1	10	10	1	1	1	-0.4	0
chr5:25344134	10	1	10	10	1	1	1	-0.4	0
chr5:25430758	10	1	10	10	1	1	1	-0.4	0
chr5:25438159	10	1	10	10	1	1	1	-0.4	0
chr5:25572020	10	1	10	10	1	1	1	-0.4	0
chr5:25753350	10	1	10	10	1	1	1	-0.4	0
chr5:25898180	10	1	10	10	1	1	1	-0.4	0
chr5:25898995	10	1	10	10	1	1	1	-0.4	0
chr5:25929287	10	1	10	10	1	1	1	-0.4	0
chr5:25948839	10	1	10	10	1	1	1	-0.4	0
chr5:26036304	10	1	10	10	1	1	1	-0.4	0
chr5:26087305	10	1	10	10	1	1	1	-0.4	0
chr5:26139449	10	1	10	10	1	1	1	-0.4	0
chr5:26187878	10	1	10	10	1	1	1	-0.4	0
chr5:26229914	10	1	10	10	1	1	1	-0.4	0
chr5:26250942	10	1	10	10	1	1	1	-0.4	0
chr5:26279001	10	1	10	10	1	1	1	-0.4	0
chr5:26416030	10	1	10	10	1	1	1	-0.4	0
chr5:26416968	10	1	10	10	1	1	1	-0.4	0
chr5:26417341	10	1	10	10	1	1	1	-0.4	0
chr5:26588343	10	1	10	10	1	1	1	-0.4	0
chr5:26631299	10	1	10	10	1	1	1	-0.4	0
chr5:26635124	10	1	10	10	1	1	1	-0.4	0
chr5:26763607	10	1	10	10	1	1	1	-0.4	0
chr5:26817303	10	1	10	10	1	1	1	-0.4	0
chr5:26843361	10	1	10	10	1	1	1	-0.4	0
chr5:26846409	10	1	10	10	1	1	1	-0.4	0
chr5:26901369	10	1	10	10	1	1	1	-0.4	0
chr5:26916101	10	1	10	10	1	1	1	-0.4	0
